Speed 1 (RPM)	Torque 1 (oz.in)
1796	3.158
1771	50.9
1771	51.295
1771	51.57
1769	55.255
1769	55.56
1768	56.085
1766	59.87
1767	58.49
1767	58.64
1763	64.933
1763	65.323
1763	65.642
1761	68.98
1761	69.075
1760	71.01
1758	74.125
1758	74.415
1758	74.525
1755	79.575
1754	80.39
1754	80.84
1750	87.36
1750	87.775
1750	88.18
1748	92.745
1748	92.875
1747	93.192
1744	97.75
1744	97.975
1743	100.025
1740	105.1
1740	105.5
1740	105.75
1735	111.5
1735	111.95
1735	112.35
1733	116.45
1733	116.55
1732	116.725
1729	121.45
1729	121.9
1729	122.15
1726	126.35
1725	126.7
1724	129.15
1724	130.2
1723	129.45
1722	130.85
1722	131.65
1722	131.8
1721	134.05
1720	135
1720	135.35
1720	135.65
1719	136.7
1718	136.9
1718	137.45
1718	138.4
1717	139.4
1716	139.95
1716	140.45
1716	140.9
1716	141.3
1715	142.3
1714	142.45
1714	142.6
1711	146.7
1711	147.25
1709	149.1
1709	149.5
1709	149.95
1708	150.925
1707	152.6
1707	152.9
1707	153.6
1707	153.95
1706	153.7
1705	154.55
1704	155.3
1704	155.7
1705	155.65
1702	157.975
1702	158.475
1702	158.875
1702	159.125
1700	160.3
1700	160.5
1699	161.4
1699	161.85
1699	162.15
1697	164.6
1696	164.875
1695	165.95
1696	165.725
1695	166.95
1694	167.2
1693	167.7
1693	168.45
1692	169.7
1692	169.75
1690	170.4
1690	171
1690	171.25
1690	171.4
1689	172.1
1688	172.5
1688	172.9
1688	173.6
1687	174.35
1687	174.35
1686	175.475
1686	175.675
1685	176.7
1684	177.05
1684	177.3
1684	177.95
1684	178.15
1682	178.95
1681	179.125
1681	179.425
1681	179.775
1680	179.9
1680	179.95
1679	180.9
1679	181.15
1679	181.4
1679	181.5
1678	181.675
1677	182.65
1677	182.9
1677	183.15
1676	183.225
1675	183.15
1674	184.3
1674	184.65
1674	184.75
1674	184.75
1673	184.9
1672	185.55
1672	185.75
1672	185.95
1672	186.05
1672	186.1
1671	186.325
1670	186.9
1670	187.1
1670	187.25
1670	187.35
1669	187.7
1668	188.075
1668	188.525
1667	189.45
1665	189.85
1664	190.65
1665	190.15
1665	190.25
1665	190.3
1664	191
1663	191.5
1663	191.75
1663	191.85
1662	192.2
1661	192.5
1660	193.05
1660	193.25
1659	193.6
1658	194.3
1658	194.4
1658	194.5
1657	194.85
1657	194.95
1656	195.35
1656	195.45
1657	195.3
1656	195.7
1655	196.2
1654	196.45
1653	196.9
1654	196.95
1653	197.3
1652	197.425
1651	198
1651	198.1
1651	198.25
1651	198.35
1651	198.4
1649	199
1649	199.15
1647	200.525
1646	200.85
1646	200.9
1644	201.775
1644	201.975
1645	202
1644	202.225
1643	202.4
1642	203.1
1642	203.3
1642	203.45
1641	203.25
1641	203.3
1640	204.05
1639	204.275
1640	204.35
1638	204.9
1638	204.95
1637	205.175
1637	205.225
1638	205.25
1637	205.425
1636	206
1635	206.2
1635	206.35
1635	206.45
1634	206.8
1633	207.05
1632	207.4
1632	207.5
1633	207.5
1632	207.75
1631	208.15
1631	208.3
1631	208.45
1631	208.6
1629	209
1628	209.2
1627	210
1626	210.4
1625	210.55
1624	211.25
1623	211.425
1624	211.5
1623	211.625
1622	212
1621	212.4
1621	212.55
1622	212.3
1621	212.75
1621	212.75
1620	212.6
1619	213.15
1619	213.25
1617	213.65
1616	214.25
1616	214.4
1617	214
1616	214.6
1615	214.733
1615	214.833
1615	214.983
1615	215.083
1614	215.217
1612	215.95
1612	216.1
1612	216.15
1612	216.25
1611	216.417
1610	216.8
1610	217
1610	217.1
1609	217.4
1608	217.3
1607	217.75
1608	217.6
1607	217.9
1606	218.2
1606	218.25
1606	218.4
1606	218.5
1604	218.7
1603	219.35
1603	219.55
1603	219.65
1602	219.5
1601	219.9
1601	220
1602	219.75
1601	220.2
1600	220.4
1598	221.1
1598	221.2
1599	220.95
1598	221.4
1596	221.55
1596	221.7
1597	221.45
1596	221.85
1595	222.1
1594	222.4
1594	222.55
1594	222.65
1593	222.75
1592	223
1592	223.1
1592	223.25
1591	223.425
1590	223.55
1589	223.85
1590	223.8
1589	224.1
1588	224.3
1587	224.75
1587	224.85
1587	224.95
1586	225.025
1585	225.3
1585	225.4
1585	225.5
1584	225.65
1584	225.7
1583	225.9
1583	226
1583	226.15
1582	226.35
1581	226.55
1580	226.675
1581	226.8
1580	226.925
1579	227.15
1578	227.7
1578	227.75
1577	227.7
1576	228.3
1576	228.5
1576	228.55
1575	228.675
1574	228.95
1573	229.075
1574	229.25
1572	229.6
1571	229.85
1571	229.95
1572	229.85
1571	230.15
1570	230.233
1569	230.5
1569	230.6
1569	230.7
1569	230.8
1568	230.6
1567	231.05
1567	231.15
1566	231.2
1565	231.6
1564	231.65
1565	231.75
1565	231.9
1564	231.9
1563	232.1
1562	232.225
1563	232.35
1562	232.425
1561	232.65
1560	232.65
1561	232.85
1560	232.95
1559	233.2
1558	233.2
1558	233.4
1558	233.5
1557	233.7
1556	233.85
1556	233.95
1556	234.1
1556	234.15
1554	234.183
1553	234.5
1554	234.383
1553	234.7
1553	234.75
1551	234.875
1551	234.975
1551	235.125
1550	235.35
1549	235.375
1549	235.375
1549	235.575
1548	235.75
1547	235.9
1546	236
1547	236
1547	236.1
1546	236.2
1545	236.275
1544	236.5
1545	236.425
1544	236.7
1543	236.8
1542	236.95
1542	237.05
1543	236.95
1542	237.2
1541	237.25
1540	237.45
1540	237.55
1540	237.65
1538	237.9
1538	237.95
1538	238.15
1537	238.25
1536	238.3
1536	238.4
1536	238.5
1535	238.6
1534	238.75
1533	238.833
1533	238.933
1534	239
1533	239.033
1532	239.067
1531	239.3
1531	239.4
1531	239.5
1530	239.55
1529	239.65
1529	239.75
1529	239.8
1528	240.1
1527	240.125
1526	240.25
1527	240.125
1527	240.225
1525	240.375
1524	240.35
1524	240.45
1525	240.525
1524	240.55
1522	240.75
1522	240.8
1522	240.9
1522	240.95
1521	241
1520	241.15
1520	241.15
1520	241.25
1519	241.4
1518	241.55
1518	241.7
1518	241.75
1516	241.7
1515	241.85
1515	241.9
1516	241.85
1515	242
1514	242.05
1513	242.2
1513	242.25
1513	242.4
1512	242.5
1511	242.55
1511	242.55
1511	242.65
1511	242.7
1509	242.75
1509	242.8
1509	242.85
1509	242.9
1508	243.15
1507	243.125
1506	243.25
1507	243.275
1505	243.55
1504	243.6
1504	243.65
1505	243.7
1504	243.75
1503	243.9
1502	243.9
1502	243.95
1502	244.05
1501	244.15
1500	244.175
1500	244.225
1500	244.275
1500	244.325
1499	244.45
1497	244.65
1498	244.55
1498	244.6
1497	244.75
1495	244.75
1495	244.8
1496	244.9
1495	244.9
1493	245.15
1493	245.2
1494	245.15
1493	245.3
1492	245.275
1491	245.45
1491	245.5
1491	245.55
1490	245.6
1490	245.55
1489	245.8
1489	245.85
1488	245.825
1487	245.9
1486	246
1487	245.95
1486	246.1
1485	246.25
1484	246.4
1484	246.45
1485	246.35
1483	246.4
1482	246.55
1482	246.55
1483	246.5
1482	246.65
1481	246.75
1480	246.75
1480	246.85
1480	246.85
1480	246.9
1479	247
1478	247.1
1478	247.2
1477	247.1
1477	247.1
1476	247.25
1476	247.35
1475	247.3
1475	247.25
1473	247.5
1474	247.5
1473	247.6
1472	247.7
1471	247.85
1471	247.9
1471	247.95
1470	247.95
1469	248.05
1469	248.1
1469	248.15
1469	248.2
1468	248.25
1467	248.225
1467	248.325
1467	248.325
1466	248.35
1465	248.35
1464	248.45
1465	248.45
1464	248.55
1464	248.5
1462	248.65
1462	248.65
1462	248.7
1462	248.7
1460	248.95
1460	248.95
1460	249.05
1460	249.05
1459	249.05
1458	249.15
1458	249.25
1458	249.25
1457	249.2
1456	249.3
1456	249.4
1455	249.425
1455	249.425
1454	249.5
1453	249.55
1454	249.6
1453	249.6
1452	249.65
1451	249.65
1451	249.7
1451	249.75
1450	249.85
1449	249.825
1449	249.875
1449	249.925
1448	250
1447	250.1
1447	250.05
1446	250.2
1447	250.15
1446	250.25
1445	250.175
1444	250.25
1445	250.225
1444	250.35
1443	250.35
1442	250.45
1442	250.5
1442	250.5
1442	250.55
1441	250.45
1440	250.55
1440	250.65
1440	250.65
1439	250.65
1438	250.8
1438	250.9
1438	250.9
1437	250.9
1436	250.9
1436	250.95
1436	251
1435	251.05
1434	251.05
1433	251.2
1434	251.1
1433	251.3
1432	251.25
1431	251.325
1431	251.325
1431	251.375
1430	251.35
1430	251.35
1429	251.45
1429	251.45
1429	251.5
1428	251.45
1427	251.55
1427	251.55
1427	251.65
1426	251.7
1426	251.7
1425	251.7
1424	251.8
1425	251.75
1424	251.85
1423	251.875
1422	251.9
1423	251.975
1422	252
1421	251.95
1420	252.05
1420	252.05
1420	252.1
1420	252.1
1419	252.15
1417	252.1
1418	252.25
1417	252.15
1416	252.25
1415	252.25
1416	252.3
1416	252.35
1415	252.35
1414	252.4
1413	252.3
1414	252.45
1413	252.35
1413	252.35
1412	252.45
1411	252.5
1411	252.6
1410	252.55
1409	252.6
1408	252.625
1409	252.65
1409	252.7
1408	252.725
1407	252.75
1406	252.725
1407	252.8
1406	252.775
1405	252.7
1404	252.8
1404	252.85
1404	252.85
1404	252.85
1403	252.9
1402	252.925
1402	252.925
1402	252.975
1402	252.975
1401	253.05
1400	253.15
1400	253.2
1400	253.2
1399	253.25
1398	253.3
1398	253.35
1398	253.35
1397	253.5
1395	253.5
1395	253.55
1396	253.525
1394	253.6
1393	253.65
1393	253.65
1394	253.65
1393	253.7
1392	253.75
1391	253.75
1391	253.75
1391	253.8
1390	253.9
1389	253.9
1388	253.9
1389	254
1388	253.95
1387	254
1386	254.05
1387	254.05
1386	254.15
1386	254.1
1384	254.15
1384	254.2
1384	254.25
1383	254.25
1382	254.3
1381	254.35
1382	254.35
1381	254.4
1380	254.4
1379	254.4
1380	254.45
1379	254.45
1378	254.45
1377	254.45
1377	254.5
1377	254.55
1376	254.5
1375	254.55
1375	254.6
1376	254.55
1375	254.6
1374	254.6
1373	254.625
1373	254.675
1373	254.675
1371	254.65
1370	254.65
1370	254.65
1370	254.7
1369	254.75
1369	254.7
1368	254.625
1368	254.725
1368	254.725
1367	254.7
1365	254.7
1365	254.7
1366	254.7
1365	254.7
1364	254.675
1363	254.7
1364	254.675
1364	254.725
1363	254.75
1362	254.775
1361	254.8
1361	254.8
1361	254.85
1360	254.85
1359	254.75
1359	254.85
1358	254.767
1357	254.683
1356	254.7
1357	254.783
1356	254.75
1355	254.7
1354	254.6
1354	254.65
1354	254.7
1353	254.7
1352	254.65
1352	254.7
1352	254.7
1351	254.675
1350	254.7
1350	254.65
1350	254.75
1350	254.75
1349	254.675
1348	254.75
1347	254.75
1347	254.75
1348	254.8
1347	254.8
1346	254.75
1345	254.9
1345	254.95
1345	254.95
1344	254.875
1343	254.85
1343	254.9
1343	254.9
1342	254.9
1341	255
1341	255
1341	255.05
1340	255.05
1340	255
1338	255.025
1338	255.075
1338	255.075
1337	255.1
1337	255.1
1336	255.075
1337	255.15
1336	255.125
1335	255.05
1334	255.025
1333	255
1334	255.125
1333	255
1332	255
1331	254.975
1331	254.975
1331	254.975
1330	254.95
1329	254.9
1329	254.9
1329	254.95
1328	254.85
1328	254.8
1327	254.775
1326	254.7
1327	254.825
1327	254.825
1326	254.75
1325	254.675
1324	254.65
1325	254.725
1323	254.6
1322	254.55
1322	254.55
1322	254.6
1321	254.6
1321	254.55
1319	254.55
1320	254.575
1319	254.6
1318	254.55
1317	254.55
1317	254.55
1317	254.6
1317	254.6
1316	254.525
1315	254.4
1315	254.45
1315	254.45
1314	254.45
1313	254.5
1312	254.45
1313	254.55
1312	254.5
1311	254.45
1310	254.5
1310	254.55
1310	254.55
1309	254.525
1309	254.475
1308	254.55
1308	254.55
1308	254.6
1307	254.525
1306	254.5
1305	254.55
1306	254.6
1304	254.5
1304	254.45
1303	254.5
1303	254.55
1303	254.55
1302	254.475
1301	254.5
1301	254.55
1301	254.55
1300	254.55
1299	254.55
1299	254.55
1299	254.6
1298	254.55
1297	254.55
1296	254.517
1297	254.6
1296	254.567
1295	254.533
1294	254.5
1293	254.6
1294	254.6
1293	254.65
1292	254.55
1291	254.575
1291	254.625
1291	254.575
1290	254.55
1289	254.55
1288	254.55
1289	254.6
1289	254.55
1287	254.5
1286	254.55
1287	254.55
1286	254.55
1286	254.55
1284	254.425
1284	254.525
1285	254.55
1284	254.525
1283	254.45
1282	254.475
1282	254.575
1281	254.55
1281	254.5
1279	254.475
1279	254.525
1279	254.525
1279	254.525
1278	254.4
1277	254.375
1277	254.425
1276	254.4
1275	254.45
1274	254.3
1273	254.25
1273	254.25
1272	254.175
1271	254.05
1271	254.05
1271	254
1270	254.025
1270	253.975
1269	253.9
1268	253.95
1269	253.95
1269	253.9
1268	253.9
1267	253.8
1267	253.8
1267	253.9
1267	253.85
1265	253.85
1263	253.8
1263	253.9
1263	253.85
1262	253.75
1261	253.675
1261	253.625
1262	253.7
1262	253.65
1261	253.625
1260	253.5
1260	253.55
1260	253.6
1260	253.6
1259	253.6
1258	253.65
1257	253.75
1257	253.75
1256	253.725
1255	253.65
1254	253.633
1255	253.7
1254	253.683
1253	253.617
1252	253.55
1252	253.6
1252	253.55
1251	253.6
1251	253.6
1250	253.45
1250	253.5
1250	253.5
1249	253.425
1248	253.4
1247	253.4
1248	253.45
1247	253.4
1246	253.4
1245	253.3
1245	253.35
1245	253.4
1244	253.35
1243	253.3
1242	253.233
1243	253.3
1242	253.283
1241	253.2
1240	253.2
1239	253.2
1240	253.25
1239	253.2
1238	253.15
1237	253.125
1238	253.2
1237	253.125
1237	253.075
1235	253.1
1235	253.15
1235	253.15
1235	253.15
1234	253.125
1232	253.025
1232	253.075
1232	253.075
1231	253.05
1230	253.05
1229	253
1230	253.05
1230	253.05
1229	253
1227	252.95
1228	253
1228	253
1227	252.95
1226	252.9
1225	252.9
1225	252.95
1225	252.95
1224	252.85
1223	252.9
1223	252.9
1223	252.95
1222	252.9
1221	252.85
1220	252.833
1220	252.933
1220	252.883
1219	252.85
1218	252.85
1217	252.85
1217	252.9
1216	252.85
1215	252.725
1215	252.725
1215	252.725
1215	252.725
1214	252.6
1213	252.525
1212	252.45
1213	252.575
1212	252.5
1212	252.45
1210	252.5
1210	252.55
1210	252.55
1209	252.55
1209	252.5
1207	252.45
1208	252.525
1207	252.5
1206	252.4
1205	252.375
1205	252.375
1205	252.475
1204	252.4
1204	252.35
1202	252.15
1202	252.2
1203	252.3
1202	252.2
1201	252.15
1200	252.175
1200	252.175
1200	252.225
1199	252.1
1197	252.05
1197	252.05
1197	252.1
1196	252.05
1196	252.05
1194	252
1195	252.05
1195	252.05
1194	251.95
1192	251.8
1192	251.85
1192	251.9
1192	251.85
1191	251.85
1189	251.7
1190	251.85
1190	251.8
1189	251.7
1188	251.575
1187	251.6
1187	251.65
1187	251.7
1186	251.65
1185	251.575
1184	251.6
1185	251.625
1184	251.6
1183	251.55
1182	251.525
1182	251.575
1182	251.575
1181	251.55
1180	251.525
1179	251.45
1179	251.5
1178	251.425
1177	251.3
1176	251.3
1177	251.3
1177	251.3
1176	251.25
1175	251.125
1174	251.1
1175	251.225
1174	251.15
1173	251.15
1172	251
1172	251.05
1172	251.1
1171	251.05
1170	250.975
1169	250.95
1169	250.95
1169	250.95
1168	250.95
1167	250.85
1166	250.85
1167	250.9
1166	250.85
1165	250.75
1164	250.7
1164	250.7
1164	250.75
1164	250.7
1162	250.6
1161	250.55
1161	250.6
1161	250.65
1160	250.575
1160	250.475
1158	250.45
1159	250.4
1159	250.45
1158	250.45
1156	250.4
1156	250.4
1156	250.4
1155	250.4
1155	250.35
1153	250.3
1153	250.3
1153	250.3
1152	250.2
1151	250.1
1150	250.15
1151	250.15
1151	250.15
1150	250.1
1149	250.05
1149	250.1
1148	250.15
1147	250.1
1146	250
1145	250.15
1146	250.1
1145	250.15
1144	250.025
1142	250.025
1143	250.05
1143	250.05
1141	249.75
1140	249.85
1139	249.775
1140	249.9
1140	249.85
1139	249.725
1138	249.6
1137	249.65
1138	249.65
1137	249.65
1135	249.6
1134	249.525
1135	249.7
1134	249.575
1133	249.4
1132	249.45
1132	249.5
1132	249.5
1131	249.55
1130	249.55
1129	249.575
1130	249.6
1129	249.575
1128	249.5
1127	249.55
1126	249.567
1127	249.65
1126	249.567
1125	249.4
1124	249.55
1124	249.6
1124	249.6
1123	249.45
1122	249.3
1121	249.45
1122	249.35
1121	249.45
1119	249.2
1118	249.2
1119	249.25
1119	249.25
1118	249.2
1116	249
1116	249.05
1116	249.1
1115	248.95
1114	248.75
1113	248.7
1113	248.75
1114	248.8
1113	248.7
1112	248.55
1110	248.55
1111	248.6
1110	248.6
1109	248.5
1108	248.35
1107	248.55
1108	248.4
1107	248.55
1106	248.25
1105	248.5
1105	248.55
1105	248.55
1104	248.4
1102	248.525
1102	248.575
1102	248.575
1102	248.525
1101	248.45
1099	248.55
1100	248.55
1100	248.55
1099	248.55
1097	248.6
1097	248.65
1097	248.7
1096	248.675
1095	248.6
1094	248.6
1094	248.65
1094	248.65
1093	248.5
1091	248.375
1091	248.425
1091	248.475
1091	248.425
1090	248.35
1088	248.2
1088	248.3
1088	248.3
1087	248.1
1086	248.1
1085	248.1
1086	248.15
1085	248.15
1084	247.85
1083	248
1082	247.9
1083	248.05
1083	248.05
1082	247.85
1080	247.75
1080	247.8
1080	247.85
1080	247.85
1079	247.7
1077	247.65
1077	247.7
1077	247.75
1077	247.7
1076	247.55
1074	247.617
1075	247.7
1075	247.7
1074	247.617
1073	247.533
1072	247.55
1072	247.65
1072	247.65
1071	247.575
1069	247.4
1068	247.4
1069	247.5
1068	247.45
1067	247.35
1066	247.25
1065	247.15
1066	247.3
1066	247.3
1065	247.1
1064	247
1063	247.05
1064	247.05
1063	247.15
1062	246.9
1061	246.9
1060	246.9
1061	247.05
1060	247
1060	246.9
1059	246.7
1057	246.825
1058	247
1058	247
1057	246.875
1055	246.7
1054	246.7
1055	246.8
1055	246.8
1054	246.7
1053	246.55
1052	246.6
1052	246.7
1052	246.7
1051	246.575
1049	246.45
1049	246.45
1049	246.55
1049	246.55
1048	246.375
1047	246.35
1046	246.367
1046	246.417
1046	246.467
1045	246.283
1044	246.15
1043	246.25
1043	246.3
1043	246.35
1042	246.15
1041	246
1040	246
1040	246.05
1040	246.1
1039	245.85
1038	245.85
1037	245.85
1038	245.9
1038	245.95
1037	245.85
1035	245.75
1034	245.825
1035	245.95
1034	245.925
1033	245.75
1031	245.6
1031	245.6
1031	245.7
1031	245.65
1030	245.5
1029	245.333
1028	245.317
1029	245.483
1029	245.433
1028	245.317
1026	245.225
1026	245.275
1026	245.375
1026	245.375
1025	245.2
1023	245.2
1023	245.25
1023	245.35
1023	245.3
1022	245.2
1020	245
1020	245.05
1020	245.15
1019	244.9
1018	244.95
1016	244.825
1017	245
1017	245
1016	244.825
1015	244.7
1013	244.6
1014	244.8
1014	244.8
1013	244.55
1011	244.475
1011	244.525
1011	244.625
1011	244.575
1010	244.4
1008	244.4
1008	244.5
1009	244.6
1008	244.55
1007	244.3
1005	244.3
1005	244.4
1005	244.45
1004	244.25
1002	244.15
1002	244.2
1003	244.2
1002	244.25
1002	244.15
1000	244.05
999	244.1
999	244.25
999	244.2
998	244
996	243.95
996	244
996	244.1
996	244
995	243.75
993	243.65
993	243.75
993	243.8
992	243.5
991	243.55
990	243.6
990	243.7
990	243.7
989	243.4
988	243.4
986	243.3
987	243.45
987	243.45
986	243.3
985	243.2
984	243.175
984	243.275
984	243.325
983	243
981	243
980	242.85
981	243.15
981	243.15
980	242.75
978	242.75
978	242.8
978	242.9
977	242.775
977	242.675
974	242.55
974	242.6
975	242.75
974	242.55
973	242.4
972	242.5
972	242.6
972	242.7
972	242.6
970	242.35
968	242.2
969	242.45
969	242.55
968	242.35
967	242.25
966	242.125
965	242.25
966	242.325
965	242.2
964	242.05
962	241.85
962	241.95
963	242.15
962	242
961	241.75
960	241.85
959	241.875
960	242.05
959	241.975
958	241.7
957	241.7
955	241.5
956	241.775
956	241.725
955	241.4
953	241.2
953	241.35
954	241.5
953	241.45
952	241.25
950	241.2
950	241.35
950	241.45
950	241.4
949	241.183
946	241.05
946	241.15
946	241.2
945	241
945	240.8
943	240.85
944	240.9
944	240.9
943	240.7
941	240.6
940	240.7
941	240.8
940	240.8
940	240.7
937	240.3
936	240.25
937	240.55
936	240.25
936	240.05
934	240.1
934	240.2
934	240.25
933	240.05
932	239.9
930	239.75
930	239.9
931	240.15
929	239.7
928	239.65
927	239.6
928	239.9
928	239.85
927	239.6
925	239.5
924	239.55
925	239.85
924	239.75
923	239.525
921	239.375
920	239.35
921	239.575
920	239.4
919	239.15
917	239.05
917	239.2
918	239.3
918	239.2
916	238.8
914	238.8
914	238.95
915	239.2
914	238.9
912	238.65
910	238.6
911	238.95
911	238.8
910	238.55
909	238.5
907	238.4
907	238.65
908	238.75
907	238.55
905	238.35
904	238.275
905	238.6
904	238.475
904	238.275
902	238.15
901	238.183
902	238.5
901	238.333
899	238
897	237.75
898	238.15
898	238.25
897	237.85
895	237.8
894	237.75
895	238.1
895	238.1
894	237.75
892	237.6
891	237.625
891	237.825
892	237.95
891	237.725
889	237.6
887	237.45
888	237.825
888	237.925
887	237.7
886	237.5
884	237.5
884	237.7
884	237.75
884	237.65
883	237.25
880	237.2
881	237.4
881	237.55
881	237.45
879	237.1
878	237.15
878	237.4
878	237.45
877	237.2
876	237.05
874	236.95
874	237.15
874	237.15
873	236.8
871	236.775
870	236.85
870	237
871	236.975
870	236.9
869	236.55
867	236.375
867	236.525
867	236.725
866	236.5
865	236.15
863	236.1
863	236.2
864	236.45
864	236.3
863	235.95
861	236
860	236.05
861	236.3
860	236.2
859	235.7
858	235.75
856	235.65
856	235.9
856	235.8
855	235.45
853	235.45
853	235.65
854	235.75
854	235.65
853	235.55
850	235.4
849	235.45
850	235.7
850	235.7
849	235.45
846	235.15
845	235.125
846	235.35
846	235.3
846	235.1
844	234.8
843	234.95
843	235.15
843	235.15
842	234.9
840	234.8
839	234.825
839	235.025
839	234.975
838	234.65
836	234.7
835	234.65
835	234.8
835	234.85
835	234.7
833	234.55
831	234.15
831	234.25
832	234.5
831	234.25
830	234.15
828	234.1
828	234.15
828	234.3
829	234.3
828	234.1
826	234.05
824	234
824	234.15
825	234
824	234.1
822	233.85
820	233.6
821	233.85
821	233.85
821	233.8
820	233.45
818	233.55
817	233.65
818	233.8
817	233.55
815	233.1
813	233.55
814	233.7
813	233.6
812	233.05
810	233.1
809	233.125
810	233.3
810	233.3
809	232.975
807	232.9
806	232.9
807	233.2
807	233.1
806	232.9
804	232.75
801	232.6
802	232.9
803	232.925
803	232.675
800	232.15
798	232.525
799	232.85
799	232.8
799	232.7
797	232.35
794	232.1
795	232.517
795	232.567
794	232.05
792	232.15
791	232.25
792	232.5
792	232.45
791	232.3
790	232.05
787	232.075
787	232.225
788	232.4
787	232.125
785	231.9
783	231.9
783	232.1
784	232.3
784	232.15
783	231.9
780	231.95
780	232.2
780	232.3
780	232.25
779	231.967
778	231.75
776	232
775	231.8
776	232.25
776	232.15
775	231.45
771	231.4
771	231.5
772	231.875
772	231.725
771	231.2
768	231.4
768	231.6
769	231.4
768	231.55
766	231.15
765	231.25
764	231.35
764	231.45
765	231.45
764	231.2
762	230.9
760	231.125
761	231.4
761	231.4
760	230.975
757	230.725
755	230.5
756	231.1
756	230.75
755	230
752	230.55
752	230.85
753	230.95
752	230.55
750	230.25
748	230.45
748	230.9
749	230.85
747	229.95
745	230.05
744	230.3
745	230.6
745	230.4
744	229.95
741	229.9
740	230.275
741	230.5
741	230.3
740	229.975
738	229.3
736	229.85
736	230.15
737	230.35
736	229.75
734	229.25
732	229.417
731	229.683
733	229.9
733	229.55
732	229.167
730	228.95
728	229.425
729	229.7
729	229.8
729	229.45
727	229.15
724	229.15
724	229.6
725	229.3
724	229.5
723	229
720	229
719	229.225
720	229.5
720	229.25
718	228.45
715	228.7
715	228.95
716	229.175
716	228.825
715	228.5
712	228.15
712	228.45
712	228.75
712	228.5
711	228.75
707	228.4
706	228.517
707	228.85
708	228.95
707	228.65
705	228.05
703	228.3
702	228.5
703	228.75
704	228.45
703	228.3
701	228
699	227.8
698	228.3
699	228.3
698	228.35
697	227.65
695	227.8
693	227.5
695	228.15
696	228.05
695	227.8
693	227.2
690	227.75
690	228.05
690	228.05
690	227.85
689	227.55
686	227.5
685	227.65
686	227.85
686	227.65
685	227.35
682	227.25
681	227.5
681	227.7
681	227.6
681	227.35
678	226.6
676	227.075
677	227.25
677	227.25
676	226.975
674	226.85
672	226.75
672	226.9
673	226.65
674	227.05
674	226.85
672	226.7
668	226.5
667	226.75
667	226.85
668	226.65
667	226.35
665	226.2
663	226.2
663	226.4
664	226.2
665	226.5
665	226.3
663	226.15
660	226.15
659	226.375
660	226.55
660	226.45
658	226.15
656	225.9
653	225.55
654	226.2
655	226
654	225.95
653	225.25
650	225.4
650	225.7
651	225.5
651	225.35
650	225.5
647	225.162
645	225.05
645	225.35
646	225.95
645	225.2
644	225
640	225.1
639	225.175
640	225.35
641	225.1
640	224.95
638	224.5
636	224.75
636	224.95
637	225.15
638	224.95
637	225
635	224.8
631	224.8
629	224.6
630	225.075
632	224.8
632	224.55
631	224.5
628	224.25
626	224.55
626	224.8
627	224.35
627	224.15
625	224.2
622	224.2
621	224.4
622	224.6
622	224.5
621	224.15
619	223.8
616	224.05
616	224.25
618	224.3
618	224.15
616	223.85
613	223.65
611	223.95
612	224.1
613	224.05
612	223.85
610	223.65
608	223.1
605	223.4
606	223.825
608	223.35
608	223.1
605	222.9
603	222.8
602	223.4
602	223.6
603	223.25
603	223.05
600	223.125
597	222.75
596	223.25
597	223.15
598	223.45
598	223.2
595	222.9
592	222.95
591	223.075
592	223.35
593	222.9
592	223.05
590	222.4
587	222.65
585	222.7
586	222.95
588	222.55
588	222.4
586	222.5
583	221.95
580	222.25
580	222.4
583	222.35
583	222.15
582	222
579	221.95
576	222.15
576	222.4
578	222.15
577	222.35
576	222.1
574	221.75
571	221.95
570	222.05
572	221.9
572	221.85
571	221.95
570	221.75
566	221.3
565	221.8
566	221.65
567	221.95
567	221.8
566	221.15
563	221.15
560	221.3
560	221.6
562	221.7
562	221.6
562	221.4
559	221.25
555	221.25
554	220.9
555	221.65
556	221.5
556	221.1
555	221
551	220.75
549	220.95
549	221.15
551	221.25
551	221.1
550	220.65
546	220.15
544	220.35
543	220.8
544	220.7
546	220.55
546	220.4
544	220.2
541	220.15
538	220.375
538	220.575
539	220.7
540	220.25
540	219.95
537	219.75
535	219.55
532	220.15
532	220.3
535	219.95
535	219.7
534	220
532	219.8
528	219.6
527	219.95
527	220.15
528	220.05
529	219.45
528	219.6
525	219.15
522	219.2
521	219.5
521	219.7
524	219.25
524	218.95
522	219.1
519	218.9
515	218.5
514	218.65
516	219.2
518	218.95
518	218.65
516	218.55
513	218.3
509	218.483
508	218.3
510	218.817
513	218.75
512	218.3
510	218.367
508	217.95
505	217.85
502	218.175
502	218.225
505	218
507	217.75
505	217.6
501	217.3
499	217.3
498	217.7
498	217.7
499	217.25
499	217.05
498	217.25
493	217.1
490	217.65
491	217
495	217.45
497	217.45
494	217.4
491	216.75
486	217.3
485	216.8
486	217.35
488	217.267
489	217.15
487	216.45
486	217.15
483	217.3
481	217.3
480	216.65
480	216.85
481	217.8
480	216.9
479	216.65
478	216.45
476	216.7
475	217.25
475	217.45
475	217.6
475	217.65
473	216.5
469	216.35
468	216.4
467	216.4
468	216.3
470	215.925
472	216.05
472	216.3
469	216.65
465	216.9
461	216.9
457	216.3
455	216.15
458	215.75
463	215.75
465	215.5
465	215.4
463	215.55
459	215.8
456	215.55
456	215.8
458	216.05
459	216.65
459	216.65
457	216.1
454	216.3
449	216.4
447	216.25
448	216.1
450	216.3
452	216.062
453	216
450	216.1
447	216
442	215.75
440	215.65
440	215.65
442	215.65
445	216
445	215.85
442	215.45
440	215.4
436	215.2
432	215.95
431	215.1
432	215.6
434	214.95
436	214.4
437	214.15
436	214.05
432	214.9
429	214.55
428	214.9
429	214.9
430	214.95
431	214.9
429	215.05
424	215.3
421	214.9
418	214.3
418	214.1
421	214.3
424	214.6
427	214.65
425	215
420	214.95
415	214.9
411	214.85
410	214.65
413	214.4
415	214.2
418	214.2
417	214.4
415	214.5
412	214.55
408	214.3
404	214.25
402	214.15
404	214.3
410	214.6
411	214.45
407	214.1
401	213.95
398	214.3
396	213.7
398	214.2
401	213.8
404	213.95
403	214.35
397	213.8
391	214.1
390	213.55
388	214
389	214
392	213.433
395	213.55
396	213.6
393	213.55
390	213.5
387	213.5
384	213.85
380	213.15
381	213.11
384	213.65
386	213.2
388	213.85
388	213.9
385	213.2
380	213.25
377	213.6
374	213.6
372	212.9
374	213.4
377	213.3
380	212.95
381	213.01
377	213.5
372	213.05
368	212.85
364	212.55
365	212.375
367	212.95
370	212.55
373	212.8
373	212.9
369	212.85
364	212.65
359	212.45
357	212.2
356	212.95
359	211.95
362	212.3
364	212.2
366	213.2
361	213.05
358	212.65
353	212.85
349	213.15
348	212.05
350	212.1
352	212.55
355	212.35
356	213
354	212.15
351	212.25
345	211.95
339	211.55
339	211.2
343	211.25
347	211.35
346	211.85
347	212
345	211.95
340	212.1
335	211.65
330	211.9
329	211.3
329	210.85
335	210.25
338	210.9
343	211.05
342	211.4
335	211.7
329	212.2
321	213.55
319	212.85
322	210.475
327	210.5
332	209.8
333	210.4
332	210.95
326	212.2
321	213.6
318	211.75
317	212.15
317	211.7
317	211.35
317	211.2
316	211.2
315	211.85
315	212
317	211.9
321	212.75
320	211.25
316	212.1
309	211.75
303	211.7
302	211.15
303	211
306	211.5
309	210.65
313	211.85
314	211.675
309	211.8
302	212
297	211.3
295	210.6
296	210.15
296	209.8
299	211.1
300	210.6
300	211.1
300	211.4
297	211.3
293	212.65
288	211.65
286	211.05
286	210.65
286	210.45
287	210.5
288	210.8
290	211.35
289	212.45
289	212.65
287	211.9
284	211.78
279	212.95
276	211.3
276	211.05
277	211.25
278	210.65
278	210.95
277	211.9
278	212
280	213.9
279	213.65
277	212.95
273	211.85
268	213.1
266	213
265	211.95
266	212.2
267	211.65
267	211.6
268	211.85
269	212.45
270	213
269	213.5
267	213.6
263	213.125
260	212.6
257	213.65
255	212.65
255	212.15
255	211.85
256	212.05
257	212.65
257	213.15
257	213.7
256	213.8
254	213.55
252	213.1
250	212.6
248	212.05
246	213.5
246	213.3
245	212.9
243	212.65
243	212.8
244	213.4
244	213.8
245	214.2
244	214.25
244	214.25
241	213.8
238	213.3
235	212.9
233	214.5
231	213.35
231	213
231	212.8
232	213.25
233	213.95
233	214.2
234	214.75
233	215.25
232	215.2
230	214.9
228	214.7
226	214.2
225	213.85
223	213.25
221	212.9
220	214.4
220	214.15
219	213.95
219	214.1
219	214.35
219	214.75
219	215.25
219	215.7
218	215.7
216	215.25
214	214.6
213	214.4
210	213.8
207	213.5
207	213.15
206	214.7
205	214.5
204	214.15
204	214.4
204	214.7
206	215.5
205	215.9
204	216
204	216.15
201	215.425
199	215
197	214.5
195	213.9
194	213.45
192	213.5
191	213.7
190	214.8
189	214.7
190	214.85
189	215.1
189	215.5
189	215.95
189	216.45
187	216.4
186	216.15
186	216.1
184	215.65
182	215.025
180	214.35
178	213.7
177	213.7
175	213.85
175	213.7
174	214.3
172	215.3
172	215.45
172	215.75
172	216.15
172	216.5
173	216.9
171	216.85
171	217.1
169	216.65
166	215.85
164	215.25
164	214.9
161	214.3
161	213.95
159	214.05
158	214.8
159	213.8
156	215.45
156	215.55
155	215.8
155	216.05
154	217.05
153	217.9
154	217.75
0	217.58
