Speed 1 (RPM)	Torque 1 (oz.in)
1795	2.423
1785	20.14
1785	20.295
1785	20.425
1785	20.45
1785	20.585
1785	20.66
1785	20.74
1785	20.86
1785	20.98
1785	21.015
1785	21.09
1785	21.135
1784	21.845
1784	21.905
1784	22.18
1784	22.255
1784	22.31
1785	21.71
1783	23.61
1783	23.665
1784	22.575
1784	22.59
1784	22.67
1783	23.89
1783	23.95
1784	22.875
1784	22.895
1783	24.095
1783	24.215
1783	24.265
1783	24.385
1782	25.615
1782	26.025
1783	24.99
1782	26.11
1782	26.28
1782	26.32
1782	26.39
1782	26.44
1781	27.61
1781	27.645
1782	26.705
1781	27.985
1782	27.035
1781	28.045
1781	28.1
1780	28.67
1781	28.25
1781	28.31
1781	28.325
1780	28.965
1780	29.045
1781	28.645
1781	28.69
1780	29.3
1780	29.355
1780	29.405
1780	29.465
1780	29.505
1780	29.565
1779	30.545
1780	29.765
1780	29.83
1780	29.87
1779	30.88
1779	30.95
1779	31.015
1779	31.045
1779	31.195
1778	31.805
1779	31.375
1779	31.46
1778	32.1
1778	32.165
1778	32.23
1779	31.73
1779	31.78
1778	32.435
1778	32.525
1778	32.625
1778	32.66
1778	32.74
1778	32.84
1777	34.185
1778	32.96
1778	33.015
1778	33.12
1777	34.51
1777	34.59
1777	34.66
1778	33.425
1777	34.815
1776	35.835
1777	35.045
1777	35.11
1777	35.205
1776	36.2
1776	36.325
1777	35.515
1776	36.505
1776	36.6
1776	36.745
1776	36.8
1776	36.89
1776	37
1775	37.785
1775	37.895
1776	37.32
1775	38.1
1775	38.215
1775	38.305
1775	38.375
1775	38.46
1775	38.565
1774	39.39
1775	38.74
1775	38.785
1774	39.59
1774	39.7
1774	39.785
1774	39.85
1774	39.91
1773	40.625
1773	40.73
1774	40.31
1773	40.925
1773	41.04
1773	41.155
1773	41.22
1773	41.31
1773	41.435
1772	42.97
1773	41.72
1772	43.23
1772	43.345
1772	43.455
1772	43.54
1772	43.625
1772	43.77
1771	44.52
1772	43.93
1771	44.9
1771	44.955
1771	45.055
1771	45.15
1770	45.9
1770	45.98
1771	45.34
1770	46.12
1770	46.24
1770	46.33
1770	46.485
1770	46.585
1769	47.54
1770	46.8
1770	46.89
1770	47.015
1769	48.01
1769	48.105
1770	47.35
1769	48.695
1769	48.755
1768	50.15
1768	50.245
1769	49.195
1768	50.515
1768	50.61
1768	50.695
1768	50.77
1768	50.85
1767	51.32
1767	51.405
1768	51.135
1767	51.595
1767	51.69
1767	51.81
1767	51.895
1766	53.065
1766	53.235
1766	53.38
1767	52.465
1766	53.62
1765	54.83
1766	53.855
1766	53.925
1765	55.175
1765	55.3
1765	55.385
1766	54.39
1765	55.63
1764	56.395
1765	55.88
1765	55.965
1764	56.725
1764	56.86
1764	56.99
1765	56.385
1764	57.17
1763	57.85
1763	58.18
1763	58.29
1763	58.385
1763	58.44
1763	58.545
1762	59.42
1763	58.735
1763	58.78
1762	59.71
1762	59.795
1762	60.24
1762	60.355
1762	60.48
1762	60.555
1761	61.64
1761	61.75
1762	60.995
1761	62.02
1761	62.21
1761	62.32
1761	62.45
1761	62.555
1760	63.185
1760	63.305
1761	62.925
1760	63.53
1759	64.075
1760	63.74
1759	64.505
1759	64.62
1760	64.275
1759	64.8
1758	66.195
1758	66.285
1759	65.16
1758	66.505
1758	66.645
1758	66.73
1758	66.83
1758	66.885
1757	67.675
1757	67.765
1757	67.9
1757	68.015
1757	68.135
1757	68.235
1757	68.28
1757	68.395
1756	68.91
1756	69
1757	68.725
1756	69.225
1756	69.385
1756	69.485
1756	69.535
1756	69.615
1756	69.745
1755	70.705
1756	69.995
1756	70.1
1755	71.09
1755	71.18
1756	70.455
1755	71.395
1754	72.495
1755	71.64
1755	71.755
1755	71.84
1754	72.955
1754	73.035
1754	73.16
1754	73.245
1753	74.22
1753	74.35
1754	73.68
1753	74.575
1752	75.42
1753	74.785
1753	74.855
1753	74.96
1752	75.795
1752	75.84
1752	75.92
1752	76.05
1752	76.16
1752	76.21
1752	76.31
1752	76.44
1751	77.195
1751	77.28
1752	76.67
1751	77.42
1751	77.575
1751	77.645
1751	77.77
1751	77.845
1750	78.605
1751	78.165
1751	78.275
1750	78.935
1750	79.055
1750	79.16
1750	79.265
1750	79.365
1749	80.955
1749	81.04
1750	79.745
1749	81.295
1748	81.695
1749	81.47
1749	81.55
1748	81.98
1748	82.05
1748	82.165
1749	81.925
1748	82.335
1747	82.95
1748	82.51
1748	82.57
1747	83.24
1747	83.39
1747	83.465
1748	82.95
1747	83.62
1747	83.72
1747	83.8
1747	83.905
1746	85.11
1746	85.18
1747	84.205
1747	84.305
1746	85.525
1746	85.695
1746	85.785
1746	85.875
1746	85.99
1745	86.36
1745	86.43
1746	86.315
1745	86.645
1745	86.775
1745	86.86
1745	86.97
1745	87.03
1744	87.785
1744	87.895
1744	87.98
1744	88.095
1743	89.3
1744	88.26
1744	88.33
1743	89.56
1743	89.635
1743	89.725
1744	88.655
1743	89.89
1743	89.985
1743	90.085
1743	90.12
1743	90.26
1742	90.77
1743	90.49
1743	90.58
1742	91.12
1742	91.245
1742	91.38
1742	91.43
1741	92.965
1741	93.05
1741	93.47
1741	93.575
1741	93.63
1741	93.7
1740	94.56
1740	94.67
1741	93.98
1740	94.78
1739	95.885
1740	95.01
1740	95.065
1739	96.12
1739	96.175
1739	96.235
1740	95.355
1739	96.395
1739	96.495
1739	96.58
1739	96.655
1739	96.75
1738	97.155
1739	96.985
1739	97.09
1738	97.4
1738	97.65
1739	97.49
1738	97.85
1737	98.51
1738	98.1
1738	98.15
1737	98.81
1737	98.96
1737	99.06
1737	99.06
1737	99.16
1736	100.135
1736	100.235
1737	99.41
1736	100.335
1736	100.435
1736	100.485
1736	100.585
1736	100.635
1735	101.26
1736	100.835
1736	100.885
1735	101.51
1735	101.61
1735	101.66
1736	101.185
1735	101.86
1735	101.96
1735	102.11
1735	102.21
1734	103.02
1734	103.12
1735	102.66
1734	103.42
1733	104.2
1734	103.62
1734	103.72
1733	104.4
1733	104.55
1733	104.6
1733	104.65
1733	104.7
1733	104.9
1733	104.9
1733	105
1732	105.6
1732	105.7
1733	105.25
1732	106.05
1732	106.1
1732	106.5
1731	107.65
1731	107.85
1731	107.95
1731	108
1731	108.15
1730	109.15
1730	109.2
1730	109.35
1730	109.4
1730	109.5
1730	109.55
1730	109.65
1729	110.5
1730	109.85
1729	110.75
1729	110.8
1730	110.2
1729	111
1729	111.2
1729	111.25
1728	111.8
1728	111.85
1728	111.95
1728	112.05
1728	112.15
1727	112.5
1728	112.35
1728	112.45
1727	112.85
1727	112.9
1727	112.95
1727	113.05
1726	113.7
1727	113.2
1727	113.25
1726	113.95
1726	114.05
1727	113.5
1727	113.6
1726	114.35
1726	114.4
1726	114.5
1726	114.6
1725	115.6
1726	114.85
1726	114.95
1725	115.9
1725	116.1
1725	116.15
1725	116.25
1724	117.55
1725	116.45
1724	117.8
1724	117.85
1724	117.95
1725	116.75
1724	118.1
1724	118.2
1724	118.25
1724	118.4
1723	118.75
1724	118.65
1723	119
1723	119.15
1723	119.2
1723	119.25
1722	120.35
1722	120.45
1723	119.45
1722	120.45
1721	120.8
1722	120.65
1722	120.65
1721	121
1721	121.1
1722	120.95
1722	121.05
1721	121.35
1721	121.45
1722	121.35
1721	121.65
1721	121.8
1721	121.9
1721	122
1720	123.05
1720	123.15
1720	123.2
1720	123.35
1719	123.85
1720	123.4
1719	124
1719	124.05
1720	123.65
1719	124.15
1719	124.25
1719	124.3
1719	124.35
1719	124.45
1719	124.5
1719	124.55
1719	124.6
1718	125.45
1718	125.5
1718	125.55
1717	126.55
1717	126.65
1717	126.7
1717	126.75
1717	126.8
1718	125.85
1717	126.85
1717	126.9
1717	126.95
1717	127
1716	127.65
1717	127.15
1717	127.2
1716	127.75
1716	127.8
1716	127.85
1716	127.95
1715	128.75
1716	128.05
1716	128.1
1715	128.9
1715	128.95
1715	128.95
1715	129
1714	129.35
1715	129.1
1714	129.4
1714	129.45
1715	129.3
1715	129.3
1714	129.65
1714	129.7
1714	129.75
1714	129.8
1713	130.65
1713	130.7
1713	130.7
1713	130.8
1713	130.9
1713	130.85
1713	130.95
1712	131.25
1713	130.95
1713	131.05
1712	131.35
1713	131.15
1713	131.2
1712	131.5
1712	131.65
1712	131.7
1711	132.75
1711	132.85
1711	132.9
1711	132.9
1710	133.9
1711	132.95
1711	133
1711	132.95
1710	134
1711	133.05
1711	133.05
1710	134.05
1710	134.1
1711	133.2
1710	134.2
1710	134.25
1710	134.3
1710	134.35
1709	135
1709	135.1
1709	135.05
1708	135.45
1709	135.2
1709	135.15
1709	135.2
1708	135.55
1709	135.3
1709	135.3
1708	135.7
1708	135.75
1709	135.45
1708	135.8
1708	135.9
1708	135.95
1707	136.5
1707	136.6
1707	136.65
1707	136.65
1706	137
1706	137.05
1707	136.75
1707	136.75
1706	137.15
1707	136.85
1707	136.9
1706	137.25
1706	137.3
1706	137.35
1707	137.05
1705	138
1705	138.05
1706	137.5
1705	138.1
1705	138.15
1705	138.15
1705	138.15
1705	138.2
1704	138.8
1705	138.25
1704	139.15
1703	139.7
1703	139.7
1703	139.75
1703	139.75
1703	139.75
1703	139.8
1703	139.8
1704	139.35
1703	139.85
1702	140.05
1703	139.95
1703	139.9
1702	140.15
1702	140.2
1702	140.15
1701	140.75
1701	140.75
1701	140.75
1702	140.15
1701	140.7
1701	140.7
1702	140.15
1702	140.15
1701	140.7
1701	140.7
1701	140.7
1701	140.7
1700	140.9
1701	140.85
1700	141
1700	141
1700	141.1
1700	141.1
1699	141.55
1700	141.25
1700	141.25
1699	141.7
1699	141.8
1700	141.45
1700	141.45
1699	141.9
1699	142.05
1699	142.05
1699	142.1
1698	142.7
1698	142.8
1699	142.25
1698	142.85
1698	142.95
1698	142.95
1698	143
1698	143.05
1698	143.15
1698	143.15
1697	143.7
1697	143.75
1698	143.35
1697	143.85
1697	143.95
1697	144
1697	144
1696	144.2
1696	144.2
1697	144.1
1696	144.15
1696	144.2
1696	144.25
1696	144.25
1696	144.3
1696	144.35
1696	144.35
1695	144.8
1695	144.9
1696	144.5
1695	144.9
1694	145.1
1695	145.05
1695	145.05
1694	145.15
1694	145.2
1695	145.1
1694	145.2
1694	145.3
1694	145.35
1695	145.25
1694	145.4
1694	145.45
1694	145.45
1693	146.3
1693	146.25
1693	146.3
1693	146.35
1693	146.35
1693	146.35
1693	146.4
1693	146.5
1693	146.45
1692	146.85
1692	146.95
1692	146.9
1691	147.25
1691	147.25
1692	147
1691	147.25
1692	147.05
1692	147.05
1691	147.35
1691	147.35
1692	147.15
1691	147.4
1690	147.65
1691	147.5
1690	147.75
1689	148.1
1690	147.85
1690	147.85
1690	147.9
1690	147.9
1691	147.7
1690	147.95
1689	148.3
1690	148
1689	148.35
1688	148.95
1689	148.45
1689	148.45
1688	149.05
1688	149.15
1689	148.55
1688	149.1
1688	149.15
1689	148.6
1689	148.6
1688	149.2
1688	149.25
1688	149.3
1688	149.3
1687	149.7
1687	149.7
1687	149.75
1686	150.15
1687	149.8
1687	149.85
1687	149.85
1688	149.55
1687	149.95
1686	150.35
1687	150.05
1686	150.4
1685	150.55
1686	150.5
1685	150.55
1685	150.55
1685	150.6
1686	150.55
1685	150.65
1685	150.7
1686	150.6
1686	150.65
1685	150.75
1685	150.8
1685	150.8
1684	151.15
1684	151.2
1684	151.2
1684	151.2
1684	151.3
1685	151
1684	151.3
1684	151.35
1684	151.4
1683	151.75
1683	151.8
1683	151.85
1683	151.85
1682	152.3
1683	151.95
1683	151.95
1682	152.35
1683	152
1683	152.05
1682	152.45
1682	152.55
1683	152.15
1682	152.6
1681	152.95
1681	152.95
1682	152.7
1681	153
1681	153.05
1682	152.75
1681	153.05
1681	153.1
1681	153.1
1682	152.8
1681	153.2
1680	153.35
1681	153.25
1680	153.45
1680	153.45
1680	153.55
1680	153.55
1680	153.55
1680	153.55
1680	153.6
1680	153.65
1680	153.65
1680	153.7
1680	153.75
1680	153.75
1679	154.1
1679	154.15
1678	154.55
1678	154.6
1679	154.25
1678	154.65
1678	154.7
1679	154.35
1679	154.3
1678	154.8
1678	154.85
1678	154.85
1677	155.15
1677	155.2
1677	155.15
1677	155.2
1677	155.2
1677	155.2
1678	155
1677	155.25
1677	155.3
1678	155.1
1677	155.4
1676	155.7
1676	155.75
1676	155.7
1675	155.9
1676	155.8
1676	155.8
1676	155.85
1677	155.65
1676	155.95
1676	156.05
1674	156.45
1674	156.5
1674	156.55
1675	156.3
1675	156.3
1674	156.6
1674	156.6
1675	156.4
1674	156.7
1673	157.15
1674	156.85
1673	157.25
1673	157.25
1673	157.35
1674	156.9
1673	157.35
1673	157.35
1674	156.95
1673	157.35
1672	157.65
1672	157.65
1672	157.7
1672	157.7
1672	157.8
1673	157.6
1672	157.8
1672	157.85
1673	157.65
1672	157.85
1671	158.3
1672	158
1671	158.4
1670	158.8
1671	158.5
1671	158.45
1670	158.85
1671	158.6
1671	158.55
1670	158.95
1670	159
1671	158.65
1670	159.05
1669	159.35
1670	159.1
1669	159.35
1669	159.35
1670	159.1
1670	159.1
1670	159.15
1669	159.45
1670	159.25
1669	159.5
1668	159.8
1669	159.65
1668	159.85
1668	159.9
1668	159.95
1669	159.75
1668	160
1669	159.8
1669	159.85
1668	160.05
1668	160.15
1668	160.15
1667	160.45
1667	160.55
1667	160.55
1667	160.5
1667	160.6
1668	160.3
1668	160.35
1667	160.7
1667	160.7
1667	160.75
1666	161.35
1665	161.5
1666	161.4
1666	161.4
1666	161.45
1666	161.5
1666	161.5
1665	161.65
1666	161.6
1665	161.75
1665	161.8
1665	161.8
1665	161.8
1664	162.05
1665	161.9
1665	161.85
1664	162.1
1665	162
1665	162
1663	162.45
1664	162.35
1664	162.35
1663	162.55
1664	162.4
1663	162.7
1662	163.05
1663	162.8
1663	162.8
1663	162.85
1662	163.15
1662	163.2
1663	162.95
1661	163.4
1662	163.35
1661	163.45
1661	163.5
1662	163.35
1661	163.55
1661	163.6
1660	163.9
1660	163.95
1661	163.8
1660	164.05
1660	164.05
1659	164.35
1659	164.4
1659	164.45
1659	164.5
1659	164.55
1658	164.65
1658	164.65
1658	164.65
1658	164.7
1659	164.65
1658	164.8
1658	164.9
1657	165.5
1657	165.55
1656	165.65
1658	165
1657	165.6
1656	165.75
1656	165.9
1656	165.85
1656	165.9
1656	165.9
1656	166
1656	166
1654	166.6
1654	166.65
1655	166.35
1655	166.4
1654	166.7
1654	166.75
1653	167.1
1654	166.8
1654	166.85
1653	167.2
1653	167.25
1652	167.6
1652	167.6
1652	167.6
1652	167.65
1653	167.4
1652	167.7
1652	167.75
1652	167.75
1651	168
1652	167.85
1651	168.05
1652	167.85
1652	167.9
1650	168.75
1651	168.3
1650	168.8
1650	168.85
1651	168.35
1650	168.85
1650	168.9
1649	169.1
1649	169.15
1650	169.1
1649	169.25
1648	169.45
1649	169.35
1648	169.55
1649	169.4
1648	169.6
1648	169.7
1647	169.9
1647	170
1647	170
1648	169.8
1646	170.2
1646	170.2
1646	170.25
1647	170.15
1646	170.3
1647	170.3
1645	171
1645	171.05
1646	170.55
1645	171.1
1645	171.15
1645	171.2
1644	171.4
1644	171.45
1644	171.45
1644	171.55
1644	171.55
1643	171.9
1644	171.7
1643	171.95
1643	172
1644	171.75
1644	171.8
1643	172.05
1643	172.15
1643	172.15
1642	172.4
1642	172.5
1642	172.5
1642	172.55
1642	172.6
1643	172.35
1642	172.65
1642	172.7
1642	172.7
1641	172.9
1641	172.95
1642	172.75
1641	172.95
1642	172.8
1641	173.05
1640	173.5
1640	173.6
1641	173.15
1640	173.6
1640	173.7
1641	173.25
1640	173.7
1640	173.75
1640	173.75
1639	173.9
1639	173.95
1640	173.8
1639	173.95
1639	174
1640	173.8
1639	173.95
1639	174.05
1639	174.05
1638	174.2
1638	174.25
1639	174.15
1639	174.15
1638	174.35
1638	174.4
1638	174.45
1637	174.85
1637	174.95
1638	174.5
1637	174.95
1637	174.95
1638	174.6
1637	175.05
1637	175.15
1637	175.1
1636	175.35
1637	175.25
1637	175.2
1636	175.45
1636	175.5
1637	175.3
1635	175.75
1635	175.85
1636	175.65
1635	175.85
1635	175.85
1636	175.75
1635	175.95
1635	176
1635	176.05
1634	176
1634	176.05
1635	176.05
1635	176.05
1634	176.05
1635	176.1
1635	176.15
1633	176.75
1634	176.2
1634	176.25
1633	176.9
1634	176.3
1634	176.3
1634	176.3
1633	177
1633	177.05
1633	177.1
1632	177.1
1633	177.15
1633	177.1
1632	177.15
1633	177.2
1633	177.2
1632	177.2
1631	177.5
1632	177.25
1632	177.25
1631	177.5
1632	177.3
1632	177.3
1631	177.55
1631	177.65
1631	177.65
1630	178.05
1631	177.7
1631	177.7
1631	177.75
1631	177.8
1631	177.85
1630	178.2
1630	178.3
1630	178.3
1630	178.35
1630	178.45
1630	178.4
1629	178.75
1629	178.75
1629	178.8
1629	178.8
1629	178.8
1629	178.95
1628	179
1628	179.05
1628	179
1628	179.05
1628	179.05
1627	179.55
1628	179.15
1627	179.6
1627	179.65
1628	179.2
1627	179.7
1626	179.8
1627	179.8
1626	179.85
1626	179.9
1627	179.9
1626	179.95
1626	179.95
1626	180.05
1626	180.05
1625	180.5
1626	180.15
1626	180.1
1625	180.6
1626	180.15
1625	180.65
1624	180.85
1624	180.9
1624	180.9
1624	180.95
1625	180.75
1625	180.7
1624	181
1624	181
1624	181.05
1623	181.2
1623	181.25
1624	181.1
1624	181.1
1623	181.25
1624	181.15
1624	181.2
1622	181.4
1623	181.4
1623	181.4
1623	181.35
1623	181.4
1623	181.4
1623	181.45
1622	181.5
1621	182.05
1622	181.6
1622	181.55
1622	181.6
1622	181.65
1622	181.65
1621	182.15
1621	182.2
1621	182.2
1621	182.2
1621	182.15
1621	182.2
1622	181.75
1621	182.2
1621	182.3
1621	182.35
1620	182.4
1620	182.45
1620	182.45
1621	182.35
1620	182.45
1620	182.5
1620	182.55
1620	182.55
1619	182.6
1619	182.7
1620	182.6
1619	182.65
1620	182.65
1620	182.7
1619	182.75
1618	182.9
1619	182.85
1618	182.95
1619	182.85
1619	182.9
1618	183
1618	183.1
1618	183.1
1617	183.6
1618	183.2
1618	183.2
1617	183.65
1617	183.7
1617	183.75
1617	183.7
1616	183.9
1617	183.75
1617	183.7
1617	183.75
1617	183.8
1617	183.8
1616	184
1616	184.05
1616	184.05
1616	184.05
1616	184.15
1617	184
1615	184.3
1615	184.4
1616	184.2
1615	184.45
1615	184.45
1616	184.3
1615	184.5
1614	184.85
1614	184.95
1614	184.95
1614	184.95
1615	184.65
1614	185
1614	185
1614	185.05
1614	185.1
1613	185.2
1613	185.25
1614	185.15
1613	185.25
1613	185.25
1613	185.35
1612	185.55
1612	185.65
1613	185.45
1613	185.45
1612	185.7
1613	185.55
1612	185.8
1611	186.15
1612	185.85
1612	185.85
1612	185.9
1611	186.25
1612	185.95
1612	185.95
1611	186.3
1611	186.35
1611	186.4
1611	186.35
1611	186.45
1611	186.45
1611	186.5
1610	186.7
1610	186.75
1611	186.6
1610	186.75
1610	186.8
1611	186.7
1610	186.8
1609	186.95
1609	187
1610	186.9
1609	187
1609	187.05
1610	186.95
1609	187.05
1609	187.15
1609	187.1
1608	187.2
1608	187.2
1609	187.2
1609	187.2
1608	187.25
1608	187.35
1608	187.3
1607	187.35
1608	187.35
1609	187.3
1608	187.35
1607	187.5
1608	187.5
1607	187.55
1606	187.9
1607	187.65
1607	187.65
1607	187.65
1607	187.7
1607	187.7
1606	188
1606	188.05
1606	188.05
1607	187.75
1606	188.05
1606	188.1
1606	188.15
1606	188.1
1605	188.65
1605	188.65
1606	188.2
1605	188.7
1605	188.75
1605	188.75
1605	188.75
1604	188.9
1605	188.85
1605	188.85
1604	188.9
1605	188.9
1605	188.9
1604	189
1604	189.05
1604	189.05
1604	189.05
1604	189.05
1603	189.25
1604	189.15
1604	189.15
1603	189.3
1603	189.4
1603	189.4
1603	189.4
1603	189.4
1604	189.3
1603	189.45
1602	189.95
1602	190
1602	190
1602	190
1602	190.05
1603	189.55
1601	190.075
1601	190.125
1602	190.1
1601	190.125
1601	190.125
1602	190.1
1602	190.1
1601	190.175
1601	190.225
1601	190.275
1600	190.55
1601	190.375
1601	190.325
1600	190.65
1600	190.7
1600	190.7
1600	190.7
1600	190.75
1600	190.75
1601	190.525
1599	190.95
1599	191
1599	191.05
1599	191
1599	191.05
1600	190.95
1600	190.95
1599	191.15
1598	191.35
1599	191.2
1598	191.35
1598	191.4
1599	191.3
1599	191.3
1598	191.5
1597	191.75
1598	191.5
1597	191.75
1598	191.55
1598	191.55
1597	191.9
1597	191.9
1596	192.05
1597	191.95
1598	191.7
1597	191.95
1596	192.1
1596	192.2
1596	192.2
1597	192.1
1596	192.3
1595	192.55
1596	192.4
1595	192.6
1595	192.65
1596	192.45
1594	192.7
1595	192.7
1594	192.7
1594	192.75
1595	192.7
1594	192.75
1594	192.8
1594	192.8
1594	192.85
1593	192.9
1593	193
1593	193.05
1593	193.1
1594	193.05
1592	193.75
1593	193.25
1592	193.8
1592	193.85
1592	193.85
1591	194
1592	193.95
1591	194.05
1592	194
1590	194.15
1591	194.1
1591	194.1
1591	194.2
1591	194.2
1590	194.25
1590	194.3
1591	194.25
1590	194.3
1590	194.3
1590	194.35
1590	194.4
1590	194.45
1590	194.45
1589	194.8
1589	194.85
1589	194.85
1588	195
1589	194.95
1589	194.95
1588	195.15
1589	195.1
1588	195.2
1588	195.25
1589	195.15
1588	195.3
1587	195.75
1587	195.8
1587	195.8
1587	195.85
1588	195.45
1587	195.85
1586	195.95
1587	195.95
1587	195.95
1586	196.05
1587	196
1587	196
1586	196.05
1585	196.4
1586	196.2
1586	196.2
1586	196.2
1586	196.3
1586	196.3
1585	196.6
1585	196.7
1586	196.4
1585	196.65
1585	196.7
1585	196.75
1585	196.75
1584	196.8
1584	196.9
1585	196.8
1584	196.85
1584	196.9
1584	196.9
1583	197
1583	197
1584	196.95
1584	196.95
1583	197
1583	197.05
1583	197.05
1583	197.1
1583	197.15
1584	197.05
1582	197.45
1582	197.55
1583	197.2
1582	197.55
1582	197.6
1583	197.3
1583	197.25
1581	197.65
1581	197.7
1582	197.7
1581	197.75
1581	197.75
1582	197.85
1582	197.8
1581	197.85
1581	197.9
1581	197.9
1581	197.85
1581	197.95
1581	198
1580	198.15
1580	198.2
1580	198.25
1581	198.05
1580	198.25
1580	198.3
1580	198.3
1579	198.55
1580	198.4
1580	198.35
1579	198.65
1579	198.7
1579	198.65
1578	198.7
1579	198.75
1579	198.75
1579	198.75
1578	198.8
1578	198.85
1578	198.85
1578	198.85
1579	198.9
1578	198.95
1577	199.3
1577	199.4
1578	199
1577	199.35
1577	199.4
1578	199.05
1576	199.45
1576	199.5
1577	199.45
1576	199.55
1577	199.55
1576	199.55
1576	199.55
1576	199.6
1577	199.55
1575	199.65
1575	199.7
1576	199.65
1575	199.7
1575	199.75
1576	199.7
1576	199.7
1574	200
1574	200.05
1575	199.85
1574	200.05
1574	200.1
1575	199.9
1574	200.15
1573	200.2
1574	200.2
1575	199.95
1574	200.2
1574	200.25
1574	200.25
1573	200.3
1573	200.35
1574	200.35
1574	200.35
1573	200.4
1572	200.7
1573	200.45
1572	200.65
1572	200.7
1573	200.5
1572	200.7
1571	200.75
1572	200.75
1572	200.7
1571	200.8
1572	200.8
1572	200.8
1571	200.85
1571	200.9
1572	200.85
1572	200.85
1571	200.95
1571	201
1571	201
1570	201.05
1570	201.1
1571	201.05
1570	201.1
1570	201.1
1570	201.2
1570	201.15
1570	201.15
1570	201.2
1571	201.15
1570	201.15
1569	201.5
1569	201.55
1570	201.25
1569	201.55
1569	201.6
1569	201.6
1568	201.7
1568	201.7
1569	201.7
1569	201.7
1568	201.75
1568	201.8
1568	201.8
1568	201.8
1568	201.85
1569	201.8
1568	201.85
1567	201.9
1567	201.95
1568	201.9
1567	201.9
1567	202
1567	202
1567	202
1566	202.3
1567	202.05
1567	202.05
1566	202.3
1566	202.35
1567	202.1
1566	202.35
1566	202.4
1566	202.45
1567	202.15
1565	202.45
1565	202.5
1566	202.55
1565	202.55
1565	202.55
1565	202.6
1565	202.6
1564	202.75
1564	202.85
1565	202.6
1564	202.8
1564	202.85
1564	202.85
1564	202.8
1564	202.8
1564	202.85
1565	202.65
1563	202.85
1563	202.95
1564	202.9
1563	202.95
1563	203
1563	203
1564	202.95
1562	203.1
1563	203.05
1564	203.05
1563	203.05
1562	203.2
1562	203.25
1562	203.25
1562	203.25
1562	203.3
1563	203.2
1561	203.5
1561	203.55
1562	203.35
1561	203.55
1561	203.55
1562	203.45
1561	203.55
1560	203.65
1561	203.65
1561	203.65
1560	203.7
1560	203.8
1561	203.75
1560	203.75
1560	203.8
1561	203.8
1560	203.8
1559	204.1
1559	204.15
1560	203.85
1559	204.15
1559	204.2
1560	203.95
1559	204.2
1558	204.25
1559	204.25
1559	204.25
1558	204.25
1558	204.3
1559	204.3
1558	204.3
1558	204.35
1559	204.35
1557	204.5
1557	204.6
1558	204.4
1557	204.6
1557	204.65
1557	204.65
1557	204.65
1556	204.7
1557	204.7
1557	204.65
1556	204.7
1556	204.75
1557	204.7
1556	204.75
1556	204.75
1556	204.8
1556	204.8
1555	204.9
1556	204.9
1556	204.85
1555	205
1555	205.1
1556	204.95
1555	205.05
1555	205.1
1555	205.15
1555	205.1
1554	205.25
1554	205.25
1555	205.15
1554	205.25
1554	205.3
1554	205.3
1553	205.45
1553	205.45
1554	205.35
1554	205.35
1553	205.5
1553	205.55
1554	205.4
1553	205.5
1553	205.6
1553	205.6
1553	205.55
1552	205.65
1553	205.7
1553	205.65
1552	205.65
1552	205.75
1552	205.75
1552	205.7
1552	205.75
1552	205.75
1551	205.95
1551	206
1552	205.75
1551	206
1551	206.05
1551	206.1
1551	206.05
1550	206.1
1551	206.15
1551	206.15
1550	206.15
1550	206.25
1551	206.2
1550	206.2
1549	206.25
1550	206.25
1549	206.25
1549	206.25
1550	206.3
1550	206.25
1549	206.25
1549	206.3
1550	206.3
1549	206.25
1549	206.35
1549	206.35
1548	206.65
1548	206.65
1549	206.4
1549	206.4
1548	206.7
1548	206.75
1548	206.75
1547	206.7
1547	206.75
1548	206.8
1547	206.75
1547	206.75
1547	206.8
1548	206.85
1546	207
1546	207.1
1547	206.85
1546	207
1546	207.05
1547	206.85
1546	207.05
1545	207.1
1546	207.15
1547	206.9
1545	207.15
1545	207.2
1545	207.15
1545	207.15
1545	207.25
1545	207.2
1544	207.35
1544	207.4
1546	207.25
1544	207.4
1544	207.45
1544	207.5
1544	207.45
1544	207.45
1544	207.55
1544	207.5
1543	207.55
1543	207.65
1544	207.55
1543	207.55
1543	207.65
1543	207.65
1543	207.65
1543	207.65
1543	207.7
1542	207.95
1542	208
1542	208
1542	207.95
1542	208.05
1542	208
1541	208
1542	208.1
1541	208.05
1541	208.1
1541	208.1
1542	208.05
1541	208.1
1541	208.15
1541	208.15
1540	208.35
1540	208.4
1541	208.2
1540	208.4
1539	208.4
1540	208.45
1540	208.4
1539	208.4
1539	208.5
1540	208.5
1539	208.45
1540	208.55
1539	208.45
1538	208.7
1539	208.55
1539	208.5
1538	208.8
1539	208.6
1538	208.75
1538	208.8
1538	208.8
1537	208.8
1538	208.85
1538	208.8
1537	208.85
1538	208.9
1537	208.85
1537	208.9
1537	208.95
1536	208.85
1536	208.9
1537	209
1537	208.95
1536	208.9
1536	209
1537	209.05
1536	209
1536	209.05
1536	209.05
1535	209.3
1535	209.35
1535	209.35
1534	209.3
1534	209.4
1535	209.35
1534	209.35
1534	209.4
1535	209.35
1534	209.35
1534	209.4
1535	209.45
1534	209.4
1533	209.65
1534	209.5
1533	209.7
1533	209.75
1534	209.5
1533	209.75
1533	209.8
1533	209.75
1532	209.75
1532	209.85
1533	209.8
1532	209.8
1532	209.85
1532	209.85
1532	209.8
1532	209.85
1532	209.85
1531	209.95
1531	210.05
1532	209.85
1531	210
1530	210.25
1531	210.1
1530	210.2
1530	210.25
1531	210.1
1530	210.25
1530	210.35
1531	210.15
1529	210.3
1529	210.4
1530	210.35
1529	210.4
1529	210.45
1529	210.4
1529	210.4
1529	210.5
1530	210.45
1528	210.65
1528	210.75
1528	210.7
1528	210.75
1528	210.8
1527	210.75
1527	210.8
1528	210.8
1527	210.75
1527	210.8
1528	210.85
1527	210.8
1526	211.05
1527	210.85
1527	210.8
1526	211.05
1527	210.85
1526	211
1526	211.15
1527	210.9
1525	211.1
1526	211.2
1526	211.15
1525	211.15
1525	211.2
1525	211.2
1525	211.25
1524	211.35
1525	211.3
1524	211.4
1524	211.45
1524	211.45
1524	211.5
1523	211.7
1524	211.55
1523	211.7
1523	211.8
1522	211.75
1522	211.85
1522	211.75
1522	211.85
1523	211.75
1521	212
1522	211.8
1521	212.05
1521	211.95
1521	212.1
1520	212.05
1520	212.05
1520	212.1
1519	212.075
1520	212
1519	212.075
1519	212.075
1520	212
1518	212.2
1518	212.2
1518	212.3
1517	212.55
1518	212.2
1518	212.25
1518	212.25
1517	212.55
1517	212.55
1516	212.65
1516	212.65
1516	212.7
1516	212.65
1516	212.65
1515	212.85
1516	212.75
1515	212.9
1515	212.95
1515	213
1514	212.95
1515	213.05
1514	213
1514	213.1
1513	213.25
1514	213.1
1513	213.35
1513	213.25
1513	213.35
1511	213.4
1513	213.35
1511	213.45
1512	213.35
1511	213.5
1511	213.45
1512	213.45
1511	213.6
1510	213.65
1510	213.7
1510	213.7
1510	213.65
1509	213.85
1509	213.85
1510	213.75
1508	213.95
1509	213.9
1508	214.05
1508	214
1508	214.05
1507	214.15
1508	214.05
1506	214.35
1506	214.35
1507	214.3
1506	214.4
1506	214.4
1505	214.5
1505	214.45
1505	214.55
1504	214.6
1505	214.5
1504	214.65
1504	214.7
1503	214.7
1505	214.65
1503	214.8
1502	214.9
1502	214.9
1503	214.8
1502	215
1501	214.95
1503	214.9
1501	215
1501	215
1500	215.25
1500	215.25
1501	215.1
1500	215.35
1500	215.3
1500	215.4
1499	215.4
1499	215.35
1499	215.45
1499	215.45
1499	215.45
1498	215.55
1497	215.7
1498	215.5
1498	215.5
1496	215.8
1496	215.75
1497	215.75
1496	215.9
1495	215.9
1496	215.9
1495	216
1494	216.05
1495	215.95
1494	216.1
1495	215.95
1494	216.1
1493	216.1
1494	216.2
1493	216.15
1494	216.2
1492	216.4
1492	216.35
1493	216.25
1492	216.45
1491	216.45
1492	216.4
1491	216.55
1492	216.5
1490	216.8
1490	216.75
1490	216.8
1489	216.7
1490	216.8
1489	216.75
1489	216.7
1490	216.75
1489	216.85
1488	216.9
1488	217
1487	217
1488	217
1488	217
1487	217.1
1487	217.1
1486	217.2
1486	217.25
1486	217.35
1485	217.5
1485	217.45
1485	217.45
1485	217.5
1484	217.55
1484	217.5
1484	217.6
1483	217.75
1484	217.6
1482	217.85
1482	217.8
1483	217.75
1482	217.85
1482	217.9
1481	217.95
1482	217.95
1481	218.05
1481	218.1
1480	218.15
1480	218.1
1480	218.2
1480	218.25
1479	218.35
1479	218.35
1479	218.4
1478	218.425
1478	218.475
1479	218.45
1478	218.475
1479	218.45
1477	218.65
1478	218.525
1477	218.7
1477	218.65
1477	218.7
1477	218.65
1476	218.775
1477	218.75
1476	218.825
1476	218.825
1475	219
1475	218.95
1475	219
1475	218.95
1475	219
1476	218.825
1474	219.05
1474	219.15
1474	219.1
1473	219.2
1475	219.05
1473	219.15
1474	219.2
1474	219.15
1473	219.25
1474	219.2
1473	219.25
1473	219.25
1473	219.25
1472	219.4
1472	219.5
1473	219.25
1472	219.45
1472	219.5
1472	219.45
1472	219.45
1471	219.55
1472	219.5
1471	219.5
1471	219.55
1472	219.55
1471	219.5
1471	219.6
1471	219.55
1470	219.6
1470	219.7
1471	219.55
1469	219.75
1470	219.6
1469	219.75
1469	219.7
1470	219.7
1469	219.8
1469	219.8
1468	219.85
1469	219.8
1467	219.85
1468	219.8
1467	219.85
1468	219.8
1466	219.9
1467	219.9
1467	219.85
1466	219.95
1467	219.95
1466	219.95
1465	220.25
1467	219.95
1466	219.95
1465	220.25
1466	219.95
1465	220.2
1465	220.3
1465	220.25
1465	220.25
1465	220.3
1466	220
1465	220.3
1464	220.4
1465	220.3
1464	220.3
1464	220.4
1464	220.35
1464	220.4
1464	220.45
1464	220.4
1463	220.4
1463	220.45
1463	220.35
1462	220.5
1463	220.4
1462	220.5
1462	220.6
1463	220.45
1462	220.5
1461	220.55
1463	220.35
1462	220.45
1461	220.55
1462	220.55
1462	220.55
1461	220.6
1461	220.65
1461	220.6
1460	220.8
1460	220.85
1461	220.6
1460	220.8
1460	220.8
1461	220.6
1460	220.7
1459	220.85
1460	220.7
1459	220.8
1459	220.85
1460	220.7
1459	220.8
1459	220.9
1460	220.75
1459	220.85
1459	220.95
1459	220.9
1458	220.95
1458	221
1459	220.95
1458	220.95
1458	221.05
1458	221.05
1457	221.2
1458	221.15
1458	221.15
1457	221.25
1457	221.3
1458	221.2
1457	221.25
1456	221.35
1457	221.4
1457	221.35
1456	221.4
1456	221.45
1457	221.4
1455	221.5
1456	221.5
1457	221.45
1455	221.55
1455	221.6
1456	221.5
1455	221.55
1455	221.6
1456	221.55
1455	221.65
1454	221.7
1455	221.7
1455	221.7
1454	221.75
1454	221.75
1454	221.7
1453	221.9
1454	221.75
1454	221.75
1453	221.95
1454	221.8
1452	221.85
1452	221.95
1453	221.85
1452	221.9
1452	221.95
1453	221.9
1452	221.9
1452	221.95
1453	221.9
1452	221.95
1452	222
1452	222
1452	221.95
1451	222.1
1451	222.1
1451	222.05
1451	222.1
1451	222.1
1451	222.05
1450	222.1
1451	222.15
1450	222.1
1450	222.15
1450	222.1
1450	222.1
1449	222.25
1450	222.15
1449	222.25
1449	222.35
1450	222.15
1449	222.25
1448	222.25
1449	222.25
1449	222.2
1448	222.25
1449	222.3
1448	222.25
1447	222.45
1448	222.35
1448	222.3
1447	222.4
1447	222.45
1448	222.3
1447	222.4
1447	222.4
1448	222.25
1446	222.4
1447	222.4
1448	222.3
1446	222.45
1446	222.5
1447	222.4
1446	222.4
1445	222.45
1446	222.3
1445	222.35
1444	222.4
1445	222.35
1445	222.3
1444	222.35
1446	222.25
1444	222.3
1445	222.35
1445	222.25
1444	222.25
1444	222.3
1445	222.25
1443	222.35
1443	222.45
1444	222.25
1443	222.4
1443	222.45
1444	222.25
1442	222.35
1443	222.4
1442	222.35
1442	222.4
1443	222.4
1442	222.4
1442	222.45
1443	222.4
1441	222.5
1442	222.5
1442	222.45
1440	222.6
1441	222.55
1440	222.6
1440	222.65
1441	222.5
1440	222.6
1441	222.55
1439	222.65
1440	222.6
1439	222.65
1440	222.65
1439	222.8
1439	222.8
1438	222.9
1439	222.75
1437	222.9
1438	222.85
1437	222.85
1438	222.8
1437	222.9
1437	222.85
1437	222.95
1436	222.95
1436	223
1436	223
1436	223.05
1436	223.05
1435	223.1
1436	223.05
1435	223.1
1436	223.05
1434	223.2
1435	223.05
1434	223.3
1434	223.2
1434	223.3
1434	223.2
1433	223.3
1434	223.25
1433	223.35
1433	223.3
1432	223.45
1432	223.4
1433	223.4
1432	223.45
1432	223.55
1431	223.55
1432	223.55
1430	223.65
1431	223.6
1430	223.65
1431	223.5
1430	223.6
1431	223.5
1430	223.6
1431	223.5
1429	223.65
1429	223.65
1429	223.75
1429	223.65
1429	223.75
1428	223.75
1429	223.7
1428	223.75
1428	223.75
1427	223.9
1428	223.8
1427	223.9
1427	223.9
1426	223.95
1427	223.95
1426	224
1426	223.95
1425	224.05
1426	223.95
1425	224.05
1426	224
1425	224.1
1424	224.15
1424	224.2
1425	224
1423	224.3
1423	224.25
1423	224.3
1423	224.2
1422	224.35
1424	224.1
1422	224.35
1423	224.2
1422	224.35
1423	224.3
1422	224.45
1422	224.4
1421	224.45
1421	224.4
1421	224.5
1422	224.5
1420	224.475
1421	224.5
1420	224.525
1420	224.625
1421	224.5
1419	224.65
1420	224.625
1420	224.575
1419	224.75
1420	224.575
1419	224.65
1419	224.75
1419	224.7
1418	224.8
1418	224.85
1418	224.8
1417	224.95
1419	224.75
1417	224.9
1418	224.85
1418	224.85
1417	224.95
1418	224.9
1417	224.95
1416	225
1416	225.05
1416	225
1415	225.05
1416	225
1416	225
1415	225
1416	225
1416	224.95
1415	225
1416	224.95
1415	224.95
1415	225
1416	225
1414	225.15
1415	225.05
1414	225.1
1414	225.2
1415	225
1413	225.25
1413	225.3
1413	225.25
1413	225.25
1414	225.15
1413	225.25
1413	225.3
1413	225.25
1412	225.25
1413	225.3
1412	225.25
1412	225.25
1412	225.25
1411	225.3
1411	225.35
1412	225.25
1411	225.3
1412	225.3
1412	225.25
1410	225.45
1411	225.4
1411	225.4
1410	225.55
1410	225.55
1410	225.55
1410	225.55
1409	225.65
1409	225.7
1409	225.65
1408	225.75
1409	225.6
1408	225.7
1408	225.75
1409	225.6
1408	225.65
1407	225.7
1409	225.6
1407	225.75
1408	225.75
1407	225.8
1407	225.85
1408	225.8
1406	225.9
1407	225.85
1407	225.85
1406	226
1407	225.9
1406	226
1406	226.05
1406	226
1405	225.95
1406	226.05
1405	226
1406	226.05
1404	226.05
1405	226
1404	226.1
1405	226
1403	226.15
1403	226.05
1403	226.1
1403	226.1
1404	226.05
1402	226.35
1403	226.2
1402	226.4
1402	226.4
1401	226.45
1402	226.4
1400	226.45
1401	226.4
1400	226.45
1401	226.4
1400	226.45
1400	226.4
1400	226.45
1399	226.5
1400	226.4
1399	226.6
1400	226.45
1398	226.65
1399	226.6
1398	226.7
1398	226.65
1398	226.65
1397	226.65
1398	226.65
1396	226.75
1397	226.65
1396	226.8
1397	226.7
1396	226.8
1395	226.8
1396	226.8
1395	226.8
1396	226.85
1395	226.85
1396	226.85
1394	227.1
1395	226.85
1393	227.1
1394	227.05
1393	227.1
1393	227
1393	227.1
1393	227
1392	227.1
1392	227.05
1392	227.1
1391	227.15
1392	227.1
1391	227.15
1392	227.1
1390	227.2
1391	227.2
1390	227.2
1390	227.2
1391	227.2
1389	227.25
1390	227.2
1389	227.25
1390	227.15
1389	227.25
1389	227.2
1389	227.25
1389	227.2
1388	227.25
1389	227.2
1388	227.3
1388	227.3
1388	227.3
1387	227.4
1388	227.35
1387	227.35
1387	227.45
1387	227.4
1386	227.35
1387	227.4
1386	227.3
1386	227.4
1387	227.35
1385	227.35
1385	227.35
1386	227.3
1385	227.35
1385	227.35
1384	227.25
1384	227.3
1385	227.35
1384	227.25
1384	227.3
1384	227.25
1384	227.3
1384	227.25
1383	227.325
1383	227.325
1383	227.325
1382	227.5
1383	227.375
1382	227.55
1382	227.6
1381	227.5
1382	227.55
1381	227.5
1382	227.55
1380	227.65
1381	227.5
1380	227.7
1381	227.55
1380	227.75
1380	227.75
1379	227.9
1380	227.8
1378	227.8
1378	227.8
1379	227.8
1378	227.8
1379	227.8
1378	227.85
1378	227.8
1377	227.9
1377	227.85
1376	227.95
1377	227.85
1376	227.95
1377	227.9
1376	227.95
1376	228
1376	227.95
1375	228
1375	228.05
1376	228
1375	228.05
1375	228.05
1375	228
1374	228.1
1375	228.1
1374	228.1
1374	228.15
1375	228.05
1374	228.15
1374	228.15
1374	228.2
1373	228.4
1374	228.2
1372	228.4
1373	228.4
1374	228.2
1372	228.45
1373	228.4
1372	228.45
1372	228.45
1372	228.4
1371	228.35
1371	228.35
1371	228.3
1370	228.35
1372	228.3
1370	228.35
1371	228.3
1371	228.2
1370	228.35
1371	228.3
1370	228.3
1369	228.4
1370	228.3
1369	228.35
1370	228.25
1369	228.3
1369	228.25
1368	228.3
1369	228.25
1368	228.3
1368	228.3
1368	228.25
1367	228.35
1368	228.3
1367	228.35
1367	228.35
1367	228.35
1366	228.35
1367	228.3
1366	228.35
1366	228.4
1367	228.35
1365	228.45
1366	228.4
1365	228.4
1366	228.4
1366	228.4
1365	228.5
1365	228.55
1365	228.55
1364	228.6
1364	228.55
1364	228.45
1363	228.4
1365	228.45
1363	228.3
1364	228.45
1364	228.4
1363	228.35
1364	228.45
1363	228.3
1362	228.55
1364	228.5
1362	228.5
1362	228.55
1363	228.4
1362	228.55
1362	228.55
1362	228.55
1361	228.6
1362	228.55
1361	228.6
1361	228.6
1361	228.55
1360	228.6
1361	228.6
1360	228.6
1360	228.65
1361	228.55
1359	228.5
1360	228.6
1359	228.5
1359	228.55
1360	228.6
1359	228.5
1359	228.55
1359	228.5
1358	228.7
1358	228.7
1357	228.65
1358	228.7
1358	228.7
1358	228.8
1358	228.75
1357	228.75
1357	228.7
1356	228.75
1355	228.75
1357	228.65
1356	228.65
1356	228.7
1357	228.6
1355	228.7
1356	228.7
1356	228.75
1355	228.8
1356	228.75
1354	228.75
1354	228.8
1355	228.75
1354	228.75
1355	228.75
1354	228.8
1354	228.8
1354	228.75
1353	228.9
1354	228.8
1353	228.9
1353	228.95
1354	228.8
1353	228.9
1352	228.9
1353	228.9
1352	228.95
1352	228.95
1352	228.85
1351	229.05
1352	228.95
1351	229.05
1351	229.05
1352	228.9
1350	229.1
1351	229.05
1351	229
1350	229.1
1351	229.05
1350	229.1
1349	229.15
1350	229.1
1349	229.05
1349	229.05
1349	229
1349	229.05
1349	228.95
1348	229.1
1349	229
1348	229.1
1348	229.1
1349	229
1347	229.15
1348	229.15
1347	229.15
1347	229.2
1348	229.1
1347	229.15
1349	229.15
1349	229.2
1348	229.45
1348	229.55
1346	229.6
1346	229.7
1347	229.75
1345	229.8
1346	229.7
1345	229.8
1345	229.8
1346	229.65
1345	229.85
1345	229.8
1344	229.65
1345	229.8
1344	229.65
1344	229.65
1344	229.7
1344	229.7
1344	229.7
1343	229.9
1343	229.85
1342	229.9
1343	229.9
1342	229.9
1341	229.9
1343	229.85
1341	229.8
1342	229.85
1343	229.8
1341	229.85
1342	229.85
1341	229.85
1340	229.95
1342	229.9
1340	229.9
1340	229.95
1341	229.85
1340	229.95
1340	229.95
1339	230
1339	230.05
1340	229.9
1339	230
1339	230
1340	229.9
1338	230
1339	230
1339	230
1338	230
1338	229.95
1337	229.95
1338	229.95
1337	229.9
1337	229.95
1337	229.9
1336	230.05
1337	229.95
1336	230.05
1336	230.05
1337	229.95
1335	230.15
1336	230.1
1336	230.05
1335	230.1
1335	230.15
1336	230.05
1334	230
1335	230.05
1334	229.95
1334	230
1335	230.05
1334	230
1334	229.95
1333	229.95
1334	230
1333	229.95
1333	230
1334	230
1332	230.05
1333	229.95
1331	230.1
1332	230.05
1332	229.95
1331	230.1
1332	230
1330	230.05
1332	229.95
1330	230
1331	230.1
1330	230
1330	230.05
1329	230.05
1330	230.1
1330	230
1329	230.1
1330	230.05
1329	230.05
1329	230.1
1330	230.05
1328	230.2
1328	230.2
1327	230.15
1328	230.2
1328	230.15
1327	230.1
1328	230.1
1326	230.1
1327	230.1
1327	230
1326	230.1
1327	230
1326	230.05
1326	230.1
1327	230.05
1325	230.15
1326	230.1
1325	230.15
1325	230.15
1324	230.1
1325	230.15
1325	230.1
1324	230.1
1325	230.1
1324	230.1
1324	230.15
1323	230.1
1323	230.15
1323	230.1
1323	230.1
1322	230.05
1322	230.15
1323	230.1
1322	230.15
1322	230.1
1321	230.25
1323	230.1
1321	230.25
1322	230.15
1321	230.25
1321	230.3
1320	230.3
1320	230.3
1320	230.2
1319	230.3
1320	230.2
1318	230.25
1319	230.25
1319	230.2
1318	230.25
1319	230.2
1318	230.25
1318	230.2
1318	230.25
1317	230.25
1318	230.25
1316	230.3
1317	230.25
1316	230.25
1317	230.2
1316	230.25
1316	230.25
1315	230.25
1316	230.2
1315	230.25
1315	230.15
1315	230.25
1314	230.1
1314	230.15
1314	230.1
1314	230.2
1313	230.25
1313	230.3
1314	230.15
1312	230.4
1313	230.2
1311	230.3
1313	230.2
1311	230.2
1312	230.25
1311	230.2
1312	230.25
1311	230.2
1310	230.35
1311	230.2
1310	230.35
1311	230.2
1310	230.3
1310	230.3
1310	230.3
1309	230.35
1309	230.3
1308	230.3
1310	230.3
1308	230.25
1309	230.3
1308	230.2
1308	230.3
1309	230.3
1307	230.2
1308	230.25
1307	230.2
1307	230.25
1306	230.35
1307	230.25
1307	230.2
1306	230.45
1306	230.35
1305	230.4
1306	230.4
1305	230.35
1305	230.4
1304	230.4
1304	230.45
1305	230.3
1304	230.4
1305	230.3
1304	230.35
1305	230.25
1303	230.35
1304	230.4
1303	230.4
1303	230.4
1302	230.45
1303	230.5
1303	230.45
1302	230.5
1303	230.45
1301	230.5
1302	230.5
1300	230.45
1301	230.45
1301	230.35
1300	230.45
1301	230.4
1300	230.45
1301	230.4
1299	230.5
1300	230.35
1299	230.45
1299	230.5
1299	230.45
1299	230.55
1300	230.4
1298	230.5
1299	230.6
1297	230.55
1298	230.45
1297	230.55
1297	230.5
1296	230.4
1297	230.45
1297	230.4
1296	230.35
1297	230.35
1296	230.4
1296	230.4
1296	230.4
1295	230.35
1296	230.35
1295	230.4
1296	230.35
1294	230.35
1296	230.35
1294	230.3
1294	230.35
1293	230.4
1294	230.35
1293	230.35
1293	230.35
1293	230.35
1293	230.4
1293	230.4
1292	230.4
1293	230.4
1292	230.35
1293	230.4
1291	230.4
1292	230.4
1291	230.35
1291	230.4
1291	230.4
1290	230.45
1291	230.35
1289	230.45
1290	230.35
1289	230.4
1290	230.3
1289	230.4
1290	230.35
1288	230.4
1289	230.35
1288	230.4
1289	230.4
1288	230.4
1288	230.45
1287	230.45
1287	230.45
1288	230.35
1287	230.5
1288	230.4
1286	230.4
1286	230.4
1286	230.45
1286	230.5
1285	230.5
1285	230.5
1285	230.45
1285	230.5
1285	230.45
1284	230.55
1286	230.45
1284	230.55
1284	230.55
1284	230.55
1283	230.55
1284	230.55
1282	230.5
1283	230.45
1282	230.45
1283	230.45
1282	230.35
1283	230.4
1281	230.45
1282	230.45
1281	230.45
1281	230.5
1282	230.4
1280	230.55
1282	230.4
1280	230.55
1281	230.5
1279	230.4
1280	230.55
1279	230.4
1279	230.45
1279	230.4
1278	230.4
1279	230.4
1278	230.4
1279	230.4
1277	230.45
1278	230.4
1277	230.4
1278	230.4
1277	230.4
1277	230.45
1277	230.4
1276	230.45
1277	230.4
1276	230.45
1276	230.45
1275	230.5
1276	230.4
1274	230.3
1276	230.3
1274	230.25
1275	230.35
1274	230.25
1274	230.25
1273	230.35
1274	230.25
1273	230.35
1273	230.4
1274	230.25
1272	230.3
1273	230.35
1272	230.3
1273	230.4
1271	230.35
1272	230.25
1271	230.3
1271	230.3
1271	230.25
1271	230.3
1271	230.25
1270	230.45
1271	230.25
1269	230.35
1270	230.35
1268	230.25
1269	230.2
1268	230.2
1268	230.2
1267	230.2
1268	230.2
1267	230.1
1267	230.15
1268	230.1
1267	230.1
1268	230.05
1266	230.1
1267	230.1
1266	230.15
1266	230.15
1267	230.1
1265	230.2
1266	230.1
1265	230.15
1266	230.15
1264	230.2
1265	230.15
1264	230.2
1265	230.2
1264	230.2
1264	230.25
1264	230.25
1264	230.3
1264	230.3
1263	230.3
1264	230.25
1262	230.4
1263	230.25
1262	230.35
1262	230.4
1263	230.25
1262	230.45
1263	230.3
1261	230.3
1262	230.45
1260	230.4
1260	230.35
1260	230.3
1260	230.3
1261	230.15
1259	230.3
1260	230.25
1259	230.25
1260	230.3
1258	230.25
1259	230.25
1258	230.3
1259	230.25
1258	230.25
1258	230.25
1258	230.2
1257	230.05
1258	230.2
1256	230.25
1257	230
1256	230.2
1257	230
1255	230.25
1256	230.2
1256	230.15
1255	230.25
1256	230.15
1255	230.25
1256	230.2
1254	230.25
1255	230.25
1254	230.25
1254	230.25
1253	230.2
1253	230.25
1253	230.15
1252	230.2
1253	230.1
1252	230.2
1253	230.1
1252	230.15
1252	230.2
1252	230.2
1251	230.3
1252	230.2
1251	230.3
1251	230.25
1250	230.15
1251	230.3
1250	230.15
1250	230.15
1251	230.2
1249	230.2
1251	230.25
1249	230.2
1250	230.2
1249	230.25
1249	230.3
1249	230.25
1248	230.2
1249	230.2
1247	230.2
1248	230.1
1247	230.15
1248	230.1
1247	230.15
1247	230.2
1246	230.2
1246	230.2
1246	230.2
1245	230.15
1246	230.1
1245	230.1
1246	230.15
1245	230.1
1245	230.15
1244	230.15
1244	230.2
1244	230.2
1243	230.15
1244	230.2
1243	230.1
1244	230.15
1243	230.05
1243	230.05
1244	230.15
1242	230.05
1243	230.1
1241	230.05
1242	230.05
1241	230
1241	230.05
1241	230.05
1241	230.05
1242	230
1240	230.25
1241	230.05
1240	230.25
1241	230.1
1240	230.25
1240	230.35
1240	230.35
1239	230.2
1239	230.15
1238	230.1
1239	230.15
1237	230.15
1239	230.1
1237	230.15
1238	230
1237	230.05
1237	230.15
1237	230.15
1236	230.083
1237	230.1
1236	230.033
1237	230.05
1235	229.95
1236	229.983
1235	229.9
1235	230
1236	229.983
1234	230
1235	229.9
1233	230
1234	229.95
1234	229.9
1233	229.9
1234	229.85
1233	229.9
1234	229.85
1232	230
1234	229.85
1232	230
1233	229.9
1232	230.05
1232	230.1
1231	229.9
1230	229.85
1232	229.9
1230	229.8
1231	229.85
1230	229.75
1230	229.8
1230	229.8
1230	229.8
1230	229.75
1229	229.9
1230	229.8
1228	229.8
1230	229.8
1228	229.8
1228	229.75
1228	229.75
1227	229.85
1228	229.75
1227	229.85
1228	229.75
1226	229.8
1228	229.75
1226	229.8
1226	229.85
1227	229.8
1226	229.85
1226	229.8
1225	229.9
1226	229.85
1225	229.9
1225	229.9
1224	229.9
1224	229.85
1223	229.9
1223	229.8
1223	229.75
1223	229.7
1223	229.7
1222	229.75
1223	229.75
1222	229.8
1222	229.85
1222	229.8
1221	229.85
1222	229.8
1220	229.8
1221	229.75
1220	229.7
1221	229.7
1220	229.75
1221	229.75
1219	229.7
1220	229.75
1218	229.65
1219	229.7
1218	229.65
1218	229.65
1219	229.65
1218	229.7
1219	229.7
1217	229.8
1219	229.75
1216	229.7
1217	229.8
1216	229.75
1217	229.75
1215	229.7
1217	229.65
1215	229.65
1216	229.65
1215	229.65
1215	229.7
1215	229.65
1214	229.65
1215	229.65
1213	229.6
1214	229.55
1213	229.55
1213	229.55
1213	229.45
1212	229.65
1213	229.5
1212	229.6
1213	229.45
1211	229.45
1212	229.55
1210	229.45
1211	229.5
1211	229.45
1211	229.45
1212	229.45
1210	229.35
1211	229.4
1209	229.4
1210	229.4
1209	229.4
1209	229.45
1208	229.5
1208	229.5
1209	229.35
1208	229.45
1209	229.3
1207	229.45
1209	229.3
1207	229.4
1208	229.45
1207	229.45
1207	229.5
1206	229.35
1206	229.35
1207	229.4
1206	229.35
1207	229.4
1205	229.3
1206	229.35
1204	229.35
1205	229.3
1205	229.25
1204	229.4
1205	229.25
1204	229.4
1205	229.25
1203	229.45
1204	229.35
1203	229.4
1204	229.35
1203	229.4
1202	229.4
1203	229.45
1201	229.5
1203	229.45
1201	229.4
1202	229.3
1200	229.3
1201	229.35
1201	229.35
1200	229.4
1201	229.35
1200	229.4
1201	229.4
1199	229.35
1201	229.45
1199	229.4
1200	229.4
1198	229.4
1198	229.45
1198	229.35
1198	229.45
1198	229.35
1197	229.45
1198	229.4
1197	229.4
1197	229.35
1196	229.5
1197	229.4
1195	229.5
1197	229.4
1195	229.5
1196	229.4
1195	229.45
1195	229.55
1195	229.45
1194	229.35
1194	229.25
1193	229.275
1194	229.15
1193	229.175
1195	229.25
1193	229.175
1194	229.15
1192	229.25
1193	229.225
1192	229.25
1193	229.225
1191	229.2
1192	229.25
1190	229.15
1191	229.2
1191	229.15
1191	229.2
1190	229.1
1190	229.15
1190	229.1
1190	229.15
1189	229.1
1189	229.15
1188	229.05
1189	229.05
1187	229.05
1189	229.05
1187	229.05
1188	229.05
1186	229.1
1187	228.95
1186	229.05
1187	228.9
1185	228.95
1186	228.95
1185	228.9
1186	228.95
1184	228.95
1185	228.9
1184	228.9
1184	228.9
1184	228.95
1183	228.9
1184	228.9
1182	228.9
1184	228.9
1182	228.9
1183	228.9
1181	228.85
1182	228.85
1181	228.8
1183	228.85
1181	228.8
1182	228.9
1180	229
1181	228.9
1179	228.95
1180	228.95
1178	228.85
1180	228.85
1178	228.75
1180	228.85
1178	228.75
1179	228.8
1177	228.65
1178	228.75
1177	228.65
1178	228.7
1176	228.65
1177	228.65
1175	228.6
1177	228.55
1175	228.55
1175	228.5
1174	228.55
1176	228.45
1174	228.5
1175	228.45
1173	228.45
1175	228.45
1173	228.4
1174	228.45
1173	228.5
1174	228.55
1172	228.55
1173	228.55
1171	228.45
1172	228.5
1170	228.4
1172	228.4
1170	228.3
1172	228.35
1170	228.25
1171	228.3
1169	228.4
1170	228.3
1169	228.35
1170	228.25
1168	228.35
1169	228.35
1168	228.35
1169	228.35
1167	228.35
1168	228.35
1167	228.35
1168	228.3
1166	228.3
1167	228.3
1166	228.25
1167	228.3
1166	228.25
1167	228.35
1165	228.35
1166	228.35
1164	228.3
1165	228.3
1163	228.2
1165	228.2
1163	228.1
1165	228.2
1163	228.15
1164	228.2
1162	228.15
1163	228.15
1162	228.1
1163	228.15
1161	228.2
1162	228.1
1161	228.2
1162	228.1
1161	228.15
1161	228.2
1160	228.1
1160	228.1
1160	228.1
1160	228.15
1159	228.15
1159	228.2
1159	228.15
1159	228.15
1159	228.1
1158	228.175
1158	228.175
1157	228.2
1158	228.125
1156	228.05
1157	228.05
1156	228
1157	228.05
1156	228
1157	228.05
1155	228.05
1156	228
1155	228.05
1155	228
1154	228.05
1155	228
1154	228.05
1155	228
1153	228.05
1154	227.95
1153	228.05
1154	227.95
1152	228
1153	227.95
1151	227.8
1153	227.95
1151	227.8
1153	227.95
1151	227.85
1152	228
1150	227.9
1151	227.8
1149	227.85
1150	227.75
1149	227.75
1150	227.7
1148	227.8
1150	227.8
1148	227.85
1148	227.85
1148	227.8
1148	227.85
1147	227.75
1147	227.8
1148	227.85
1146	227.85
1147	227.75
1146	227.8
1147	227.7
1145	227.8
1147	227.75
1145	227.75
1146	227.75
1144	227.75
1145	227.75
1144	227.7
1145	227.75
1143	227.75
1144	227.75
1142	227.75
1143	227.8
1141	227.75
1142	227.65
1142	227.65
1142	227.6
1142	227.6
1142	227.65
1141	227.65
1141	227.7
1141	227.65
1140	227.65
1140	227.55
1139	227.55
1141	227.5
1139	227.55
1140	227.55
1138	227.55
1139	227.45
1137	227.6
1139	227.45
1137	227.6
1139	227.45
1137	227.6
1138	227.45
1136	227.55
1137	227.6
1136	227.55
1137	227.6
1135	227.6
1135	227.6
1135	227.55
1135	227.55
1135	227.5
1134	227.4
1135	227.45
1133	227.3
1135	227.5
1133	227.3
1134	227.4
1132	227.4
1133	227.35
1132	227.4
1133	227.3
1132	227.4
1132	227.4
1132	227.35
1131	227.4
1131	227.35
1131	227.4
1131	227.35
1130	227.4
1131	227.35
1129	227.25
1131	227.35
1129	227.25
1130	227.35
1128	227.3
1129	227.25
1128	227.3
1128	227.3
1127	227.3
1127	227.25
1127	227.2
1127	227.2
1127	227.15
1127	227.2
1127	227.2
1126	227.15
1126	227.1
1125	227.15
1126	227.1
1125	227.1
1126	227.1
1124	227.2
1126	227.1
1123	227.15
1125	227.15
1123	227.15
1124	227.2
1123	227.15
1123	227.2
1122	227.1
1122	227.15
1122	227.1
1122	227.1
1122	227.1
1121	227.1
1121	227.05
1120	227.05
1120	227
1119	227.05
1121	226.95
1119	226.95
1121	226.9
1119	226.95
1120	226.95
1118	226.8
1119	227
1117	226.85
1118	226.8
1117	226.85
1117	226.85
1117	226.8
1117	226.85
1117	226.75
1116	226.85
1116	226.8
1115	226.85
1116	226.8
1115	226.85
1116	226.8
1114	226.8
1116	226.75
1114	226.8
1115	226.75
1113	226.7
1114	226.7
1112	226.7
1114	226.65
1112	226.65
1113	226.55
1112	226.7
1112	226.7
1111	226.65
1112	226.7
1111	226.6
1111	226.65
1111	226.65
1110	226.55
1111	226.6
1110	226.55
1110	226.5
1109	226.6
1110	226.5
1108	226.7
1110	226.45
1108	226.65
1109	226.55
1107	226.6
1108	226.65
1107	226.5
1107	226.55
1107	226.5
1107	226.55
1106	226.45
1106	226.5
1106	226.45
1105	226.4
1106	226.35
1104	226.35
1106	226.3
1104	226.35
1106	226.35
1103	226.35
1104	226.35
1103	226.3
1104	226.3
1102	226.25
1103	226.3
1102	226.25
1102	226.25
1102	226.25
1101	226.25
1102	226.15
1101	226.25
1102	226.2
1100	226.25
1102	226.2
1100	226.25
1101	226.2
1099	226.2
1100	226.2
1098	226.25
1099	226.15
1097	226.15
1098	226.15
1097	226.1
1098	226.15
1098	226.1
1098	226.15
1097	226.05
1096	226.1
1097	226.05
1096	226.1
1097	226.05
1095	225.95
1097	226.05
1094	226.05
1096	226.05
1094	226
1095	225.9
1094	225.95
1094	226
1094	226
1093	225.95
1094	226
1092	225.95
1094	226
1092	225.95
1093	225.95
1092	225.9
1092	225.95
1092	225.9
1091	225.95
1091	225.9
1090	225.85
1091	225.8
1090	225.8
1092	225.8
1089	225.75
1090	225.8
1089	225.75
1089	225.8
1089	225.75
1088	225.8
1089	225.7
1088	225.75
1089	225.7
1087	225.75
1088	225.7
1086	225.8
1087	225.7
1086	225.7
1087	225.7
1086	225.7
1086	225.75
1086	225.75
1085	225.6
1086	225.75
1084	225.7
1086	225.75
1084	225.7
1084	225.7
1083	225.7
1083	225.65
1083	225.6
1083	225.6
1084	225.55
1082	225.55
1084	225.55
1081	225.6
1083	225.6
1081	225.65
1082	225.55
1080	225.5
1081	225.6
1080	225.45
1080	225.45
1081	225.5
1079	225.5
1080	225.45
1079	225.5
1080	225.4
1078	225.45
1079	225.45
1077	225.55
1078	225.5
1078	225.45
1078	225.5
1078	225.45
1077	225.55
1078	225.45
1075	225.45
1077	225.4
1075	225.35
1076	225.3
1075	225.3
1075	225.35
1075	225.35
1074	225.3
1076	225.35
1073	225.4
1075	225.35
1073	225.35
1074	225.25
1072	225.3
1073	225.35
1072	225.25
1072	225.3
1073	225.3
1072	225.3
1072	225.2
1071	225.35
1072	225.2
1070	225.2
1071	225.3
1069	225.2
1070	225.2
1070	225.2
1070	225.2
1070	225.15
1068	225.15
1070	225.15
1067	225.05
1069	225.05
1067	224.95
1068	225
1068	225
1067	225.05
1068	225.1
1066	225.2
1068	225.05
1065	225.1
1067	225
1065	225.05
1066	225.05
1064	224.95
1065	225
1064	224.9
1065	225
1064	224.9
1064	224.95
1064	224.9
1063	225.05
1065	224.95
1063	225.05
1065	225
1062	225.05
1063	225.05
1061	224.85
1062	225
1061	224.7
1061	224.7
1062	224.85
1061	224.75
1061	224.65
1059	224.65
1061	224.65
1059	224.6
1060	224.65
1058	224.65
1059	224.6
1058	224.6
1058	224.65
1059	224.55
1057	224.7
1058	224.55
1057	224.65
1059	224.45
1056	224.65
1057	224.65
1055	224.8
1056	224.65
1056	224.6
1055	224.7
1056	224.55
1055	224.7
1056	224.6
1053	224.55
1054	224.6
1053	224.4
1054	224.5
1054	224.45
1053	224.4
1054	224.45
1052	224.55
1054	224.5
1051	224.4
1053	224.45
1051	224.4
1051	224.4
1051	224.3
1051	224.35
1052	224.4
1050	224.5
1051	224.3
1049	224.3
1051	224.25
1048	224.4
1050	224.3
1048	224.4
1049	224.25
1048	224.35
1048	224.35
1048	224.35
1047	224.25
1048	224.35
1046	224.15
1047	224.15
1045	224.1
1046	224
1046	224
1046	224.05
1046	224
1045	224.15
1046	224.05
1044	223.95
1045	224.1
1044	223.95
1043	224.05
1044	223.95
1043	224.05
1045	224
1042	223.9
1043	224.05
1042	223.95
1042	224
1043	224
1041	224.05
1043	224
1041	224.1
1042	224
1040	223.95
1041	224.1
1041	224.05
1040	224.05
1040	223.95
1039	224
1040	223.9
1038	223.8
1040	223.85
1038	223.8
1039	223.95
1039	223.9
1038	223.9
1039	223.9
1037	223.85
1038	223.85
1036	223.9
1038	223.85
1035	223.85
1037	223.8
1035	223.8
1035	223.85
1036	223.8
1034	223.8
1036	223.85
1033	223.8
1035	223.8
1034	223.75
1034	223.75
1033	223.7
1033	223.75
1034	223.65
1032	223.6
1033	223.6
1031	223.7
1033	223.65
1031	223.65
1032	223.55
1031	223.65
1031	223.65
1032	223.5
1029	223.55
1031	223.65
1029	223.55
1030	223.6
1030	223.55
1029	223.55
1030	223.5
1028	223.55
1029	223.45
1027	223.5
1028	223.5
1027	223.4
1027	223.45
1027	223.4
1026	223.4
1028	223.45
1026	223.4
1028	223.5
1025	223.5
1026	223.4
1025	223.5
1025	223.5
1025	223.4
1023	223.3
1025	223.35
1023	223.25
1025	223.4
1023	223.35
1024	223.35
1022	223.3
1023	223.25
1022	223.25
1022	223.3
1022	223.25
1021	223.45
1022	223.25
1020	223.35
1022	223.25
1019	223.25
1020	223.25
1020	223.25
1019	223.25
1020	223.25
1018	223.2
1020	223.3
1018	223.2
1019	223.25
1018	223.2
1018	223.25
1017	223.15
1016	223.1
1018	223
1016	223
1018	223
1016	223
1016	223
1016	223.05
1015	222.95
1016	223
1014	223
1016	223
1013	222.9
1015	222.95
1014	223
1014	223
1014	222.95
1013	222.85
1014	222.95
1011	222.8
1013	222.8
1011	222.7
1012	222.8
1012	222.7
1011	222.7
1012	222.75
1010	222.85
1012	222.8
1009	222.45
1010	222.75
1008	222.4
1009	222.3
1009	222.25
1009	222.35
1010	222.6
1008	222.35
1009	222.3
1007	222.5
1008	222.3
1008	222.3
1007	222.45
1007	222.45
1006	222.35
1007	222.35
1005	222.35
1006	222.25
1005	222.35
1006	222.3
1006	222.3
1004	222.55
1005	222.45
1003	222.5
1005	222.4
1004	222.45
1004	222.55
1004	222.5
1002	222.65
1003	222.45
1001	222.4
1002	222.45
1001	222.25
1002	222.4
1002	222.35
1001	222.35
1002	222.4
999	222.25
1001	222.3
999	222.2
1000	222.25
999	222.2
999	222.2
1000	222.2
998	222.15
1000	222.25
997	222.35
998	222.15
997	222.25
997	222.2
998	222
997	222.2
997	222.15
996	222.05
997	222.15
995	222.15
996	222.05
995	222.1
995	222.1
995	222.05
994	222.1
996	222
993	222
994	222.1
994	222.05
993	222.05
994	222.05
992	222
994	222.05
991	222
993	221.95
991	221.9
991	221.95
992	221.85
991	222.05
992	221.95
989	221.95
990	221.85
990	221.8
989	221.85
990	221.75
989	221.85
990	221.8
988	221.9
989	221.9
988	221.85
987	221.95
989	221.8
986	221.8
988	221.75
987	221.75
986	221.75
988	221.75
985	221.75
987	221.85
985	221.75
985	221.75
986	221.7
984	221.65
986	221.7
983	221.7
984	221.65
984	221.65
983	221.7
985	221.7
982	221.6
984	221.65
983	221.7
982	221.65
983	221.65
982	221.6
983	221.7
981	221.65
981	221.7
981	221.65
980	221.55
981	221.45
979	221.3
981	221.45
979	221.3
979	221.35
980	221.4
978	221.3
980	221.4
977	221.4
978	221.3
977	221.35
977	221.35
978	221.2
976	221.3
978	221.2
976	221.3
976	221.3
977	221.3
975	221.25
977	221.25
974	221.15
975	221.25
974	221.15
975	221.25
976	221.25
973	221.15
975	221.25
972	221.25
973	221.15
972	221.2
972	221.2
973	220.95
972	221.15
973	220.95
970	221.05
972	221.1
970	221.05
971	220.95
971	220.95
970	221.1
971	221
969	220.95
969	220.95
969	220.9
968	221.05
970	220.9
967	220.85
969	220.9
968	221.05
967	220.85
969	220.9
967	220.85
968	221
966	220.9
967	220.85
967	220.8
965	220.95
967	220.8
964	220.85
965	220.8
964	220.75
964	220.75
965	220.75
964	220.8
965	220.85
962	220.8
963	220.9
964	220.7
962	220.7
964	220.7
961	220.65
963	220.85
961	220.6
961	220.6
962	220.6
960	220.65
962	220.65
959	220.7
960	220.65
960	220.5
959	220.6
961	220.55
958	220.5
959	220.6
958	220.4
958	220.45
959	220.45
957	220.467
959	220.45
956	220.55
957	220.417
957	220.367
956	220.45
957	220.317
955	220.3
957	220.267
955	220.25
955	220.3
955	220.25
953	220.2
955	220.2
954	220.3
954	220.35
954	220.3
952	220.2
954	220.3
951	220.15
953	220.1
954	220.2
952	220.2
953	220.2
950	220.25
951	220.2
951	220.1
950	220.1
952	220.05
950	220.1
951	220.1
949	220.05
950	220.1
950	220.05
948	220.15
950	220.1
947	220.1
948	220.1
949	220
948	220.1
949	220.05
946	220.1
947	220.15
946	220
946	220
948	220
945	220.05
946	220.05
946	220
945	220.15
947	220.1
944	219.95
945	220.15
944	219.9
943	220
944	219.8
942	219.9
944	219.75
943	219.75
942	219.85
944	219.75
941	219.9
942	219.85
942	219.8
941	219.85
943	219.75
940	219.85
941	219.85
940	219.75
939	219.85
941	219.8
939	219.85
940	219.75
939	219.8
938	219.75
940	219.75
937	219.55
939	219.8
937	219.5
937	219.55
938	219.7
935	219.7
937	219.5
936	219.55
935	219.6
937	219.35
934	219.35
936	219.45
935	219.5
934	219.4
936	219.4
933	219.3
935	219.45
933	219.2
933	219.25
934	219.25
932	219.35
934	219.3
932	219.25
932	219.35
933	219.2
930	219.15
932	219.3
931	219.1
931	219.15
932	219.25
929	219.2
931	219.15
930	219.1
929	219.2
931	219.05
928	219.1
929	219.1
929	219.05
927	219.05
929	219
927	219
928	219.05
928	219
926	218.95
928	219
925	218.95
926	218.8
926	218.75
926	218.85
927	218.9
924	219
926	218.85
924	218.9
924	218.95
926	218.75
923	218.9
924	218.9
924	218.9
922	218.75
924	218.9
922	218.75
923	218.85
924	218.85
921	218.85
922	218.75
920	218.75
920	218.75
923	218.65
921	218.7
922	218.65
920	218.75
919	218.8
921	218.7
918	218.65
920	218.65
920	218.65
918	218.7
920	218.7
917	218.7
918	218.6
919	218.6
917	218.6
919	218.6
916	218.5
917	218.6
917	218.55
915	218.5
917	218.55
915	218.5
916	218.55
916	218.5
913	218.45
915	218.5
913	218.35
914	218.4
915	218.35
912	218.4
914	218.35
913	218.3
912	218.4
914	218.3
911	218.3
913	218.3
912	218.35
911	218.35
913	218.3
910	218.35
911	218.3
912	218.3
910	218.4
911	218.3
909	218.3
909	218.3
910	218.25
908	218.1
909	218.2
909	218.15
908	218.15
909	218.2
907	218.15
908	218.15
908	218.1
906	218.1
908	218.05
905	218
906	218
907	217.9
905	217.95
907	217.95
905	217.95
904	217.95
906	217.9
903	217.95
905	217.9
904	217.85
903	217.95
904	217.85
901	217.85
902	217.85
903	217.8
902	217.85
903	217.85
901	217.75
901	217.8
902	217.75
899	217.65
902	217.7
899	217.6
900	217.7
900	217.65
898	217.55
900	217.55
899	217.45
899	217.45
900	217.5
898	217.5
899	217.6
897	217.5
897	217.5
899	217.55
896	217.65
897	217.45
896	217.6
896	217.65
897	217.4
895	217.6
896	217.65
895	217.55
894	217.55
896	217.55
893	217.5
894	217.55
894	217.5
892	217.35
895	217.45
891	217.4
892	217.4
892	217.3
891	217.3
892	217.25
891	217.15
892	217.2
893	217.3
890	217.2
891	217.3
891	217.25
890	217.15
891	217.2
888	217.2
890	217.15
891	217.2
887	217.2
889	217.1
888	217.1
888	217.1
890	217
886	217.1
887	217.15
887	217.1
885	217.1
888	217.05
886	217.05
886	217.05
887	217.1
884	217.2
886	217.1
883	217.05
884	217
886	216.95
883	217
885	217
882	217.05
884	217
882	216.95
882	216.95
883	217
881	216.9
883	216.95
881	216.8
881	216.85
883	216.9
879	216.85
880	216.9
880	216.85
879	216.8
881	216.8
878	216.7
879	216.75
880	216.75
877	216.75
879	216.8
878	216.65
876	216.65
878	216.55
877	216.55
877	216.6
878	216.55
875	216.55
877	216.5
876	216.55
875	216.55
877	216.55
874	216.45
875	216.55
875	216.55
873	216.55
875	216.45
873	216.5
874	216.4
874	216.35
872	216.35
874	216.3
871	216.3
872	216.25
874	216.25
871	216.3
873	216.45
872	216.3
871	216.35
872	216.3
869	216.3
870	216.3
871	216.25
868	216.25
871	216.2
868	216.2
869	216.25
870	216.15
868	216.2
869	216.25
867	216.15
867	216.15
869	216.15
866	216.1
867	216.1
868	216.1
865	216.1
867	216.05
864	216.1
865	216
866	215.9
864	216
866	216
864	216.05
864	216.1
865	216.05
862	216
864	216.05
864	216
862	216.05
863	215.95
861	215.9
862	215.9
863	215.85
860	215.85
862	215.9
861	215.9
860	215.9
862	215.9
859	215.85
860	215.8
861	215.8
858	215.75
860	215.8
859	215.8
858	215.85
859	215.8
857	215.75
858	215.75
859	215.75
856	215.65
858	215.7
857	215.7
856	215.65
858	215.7
855	215.6
855	215.65
857	215.65
853	215.55
855	215.5
855	215.45
854	215.55
855	215.45
854	215.55
853	215.45
855	215.5
852	215.6
852	215.5
852	215.4
850	215.3
853	215.15
851	215.1
851	215.15
852	215.2
849	215.25
851	215.15
850	215.1
849	215.2
852	215.25
849	215.3
849	215.3
851	215.2
848	215.25
850	215.25
848	215.25
847	215.2
849	215.3
846	215.1
847	215.1
848	215.05
846	215.05
847	215.1
846	215.1
845	215
847	215.1
844	215
845	214.95
846	215
844	215.05
845	214.95
844	215
842	215
845	214.9
842	214.95
843	215
844	214.9
842	214.95
844	214.95
841	214.95
841	214.95
843	214.95
840	215
841	214.9
841	214.85
839	214.95
841	214.85
840	214.9
839	214.85
841	214.8
838	214.9
839	214.9
839	214.85
837	214.8
839	214.85
837	214.75
837	214.75
839	214.75
835	214.65
836	214.65
836	214.55
833	214.5
835	214.45
836	214.35
834	214.35
836	214.35
834	214.3
834	214.35
836	214.35
833	214.4
833	214.4
834	214.3
831	214.3
833	214.3
834	214.25
831	214.3
833	214.4
833	214.4
831	214.45
833	214.4
831	214.4
831	214.45
832	214.35
829	214.3
831	214.35
830	214.35
829	214.25
831	214.3
828	214.25
828	214.25
830	214.3
827	214.15
829	214.2
829	214.2
826	214.15
829	214.25
826	214.15
826	214.15
828	214.15
825	214.15
826	214.05
827	214
823	214.05
825	214.05
825	214
823	214
825	214.05
824	214
823	214.05
825	214.05
821	214
823	214
823	213.95
821	213.9
824	213.9
821	214
821	214
823	214
819	213.8
821	213.85
822	213.8
819	213.75
820	213.8
819	213.7
818	213.85
820	213.7
817	213.6
818	213.8
820	213.75
816	213.6
818	213.85
818	213.8
816	213.6
819	213.6
817	213.5
816	213.6
817	213.55
815	213.6
815	213.55
816	213.45
813	213.5
815	213.55
816	213.45
813	213.55
815	213.5
814	213.55
812	213.4
815	213.5
812	213.4
813	213.5
814	213.55
811	213.45
811	213.4
812	213.35
809	213.35
811	213.25
811	213.2
810	213.317
812	213.2
809	213.3
809	213.3
811	213.2
808	213.3
810	213.217
810	213.217
807	213.25
808	213.25
807	213.15
806	213.15
808	213.15
806	213.05
806	213.1
808	213.1
805	213.15
806	213.1
806	213.05
804	213.1
806	213.05
805	213.1
804	213.15
805	213.1
803	212.95
802	212.95
805	212.95
802	212.8
803	212.9
804	212.95
801	213.1
802	212.85
802	212.8
800	212.9
802	212.8
801	213
800	212.85
802	212.75
799	212.8
799	212.8
801	212.9
798	212.775
800	212.7
798	212.725
798	212.775
800	212.75
796	212.7
797	212.65
798	212.625
796	212.65
798	212.675
796	212.6
795	212.7
797	212.55
794	212.45
795	212.65
797	212.55
793	212.45
794	212.4
796	212.4
792	212.4
794	212.35
794	212.3
792	212.35
794	212.25
792	212.3
792	212.25
793	212.2
790	212.2
791	212.15
793	212.2
789	212.25
791	212.15
792	212.2
789	212.3
790	212.2
790	212.2
788	212.15
790	212.15
788	212.05
788	212.1
790	212.1
786	212.15
788	212.05
787	212.1
786	212.1
788	212
787	212.15
785	212.15
787	212.1
784	212.05
785	212.05
787	212
784	212
785	212
787	212.1
782	212.1
784	212.05
784	212
782	212
783	211.85
785	212
781	212.05
783	211.95
782	211.95
779	211.95
782	211.9
781	211.8
780	211.65
783	211.75
780	211.7
779	211.9
781	211.8
779	211.8
779	211.8
781	211.7
779	211.8
779	211.8
780	211.65
777	211.7
777	211.65
779	211.7
775	211.6
778	211.6
778	211.65
775	211.7
777	211.65
776	211.6
774	211.5
777	211.55
775	211.55
774	211.45
776	211.55
773	211.6
773	211.5
775	211.45
772	211.35
773	211.45
775	211.45
771	211.4
773	211.5
773	211.5
770	211.35
772	211.25
771	211.3
770	211.25
773	211.4
769	211.4
769	211.4
771	211.35
767	211.2
770	211.2
770	211.2
768	211.25
770	211.2
768	211.3
767	211.2
769	211.35
766	211.1
766	211.05
769	211.2
765	210.95
766	210.95
767	211
764	211
766	210.95
766	210.95
763	211.05
766	211
765	210.95
762	211.1
764	211.05
764	211
761	211
764	210.95
763	211
761	211
763	211
761	210.9
760	210.95
763	210.9
761	210.8
760	210.85
762	210.85
759	210.9
759	210.85
760	210.8
757	210.9
759	210.7
760	210.7
757	210.9
759	210.8
759	210.8
756	210.7
758	210.65
758	210.6
755	210.7
758	210.6
756	210.6
755	210.75
757	210.9
755	210.7
754	210.55
757	210.75
754	210.45
753	210.45
756	210.5
753	210.45
753	210.5
755	210.6
751	210.4
752	210.35
754	210.35
751	210.35
752	210.45
754	210.5
750	210.5
751	210.45
753	210.35
749	210.5
751	210.45
752	210.45
748	210.6
750	210.5
750	210.4
747	210.35
750	210.3
748	210.4
746	210.3
749	210.4
748	210.45
746	210.35
748	210.4
747	210.3
746	210.3
748	210.4
745	210.25
745	210.25
747	210.2
743	210.05
744	210.25
747	210.05
744	210.2
744	210.2
745	210.1
742	210.2
743	209.95
745	210.05
741	210
742	210
744	210.05
741	209.95
742	210.05
742	210.05
739	209.9
741	209.9
742	209.95
739	209.85
740	209.9
739	209.8
738	209.75
740	209.8
740	209.85
736	209.7
739	209.8
739	209.75
737	209.65
740	209.75
737	209.7
735	209.6
738	209.6
734	209.5
738	209.55
736	209.55
734	209.65
736	209.6
734	209.6
733	209.7
736	209.45
734	209.45
733	209.75
735	209.55
732	209.65
730	209.7
733	209.65
732	209.65
731	209.35
734	209.15
733	209.3
730	209.2
732	209.5
729	209.5
727	209
731	208.9
731	208.8
729	209.1
731	209
730	209.2
727	209.2
729	209.45
729	209.4
726	209
728	209.2
728	209.1
725	208.8
728	209.05
727	208.9
724	208.9
726	208.85
727	208.75
723	208.8
726	208.75
727	208.8
723	208.9
724	208.9
726	208.85
722	208.9
723	208.75
724	208.75
721	208.65
723	208.65
723	208.6
720	208.6
722	208.55
722	208.5
719	208.6
721	208.35
722	208.4
718	208.35
721	208.35
721	208.35
717	208.3
719	208.4
720	208.3
716	208.25
719	208.4
719	208.4
716	208.3
718	208.25
718	208.1
715	208.25
717	208.1
719	208.35
715	208.4
716	208.25
717	208.15
713	208.25
715	208.25
717	208.1
713	208.25
714	207.9
716	208.1
712	208.05
714	207.95
714	207.9
710	207.85
713	208
713	207.95
710	207.6
713	207.9
713	207.95
709	207.85
711	207.85
712	207.75
709	207.9
711	207.8
711	207.8
708	207.8
710	207.8
708	207.75
706	207.75
708	207.5
709	207.6
707	207.3
709	207.65
709	207.7
705	207.65
707	207.45
705	207.5
704	207.45
707	207.15
706	207.45
704	207.45
706	207.65
706	207.65
702	207.55
704	207.5
705	207.4
702	207.4
704	207.35
705	207.4
701	207.35
703	207.45
701	207.3
700	207.35
703	207.25
702	207.35
699	207.2
702	207.35
699	207.15
699	207.1
702	207.25
699	207.1
697	207.15
700	207.2
698	207.15
697	207.15
700	207.3
698	207.2
695	207.1
698	207.1
699	207
695	207.05
698	207.1
695	207.05
694	207
697	207.05
695	206.95
692	206.9
695	206.85
696	206.85
692	206.9
694	206.9
695	206.85
691	206.9
693	206.9
692	206.8
690	206.95
693	206.85
693	206.85
690	206.95
691	206.8
693	206.8
688	206.75
690	206.8
692	206.6
688	206.65
689	206.7
692	206.65
688	206.7
688	206.65
690	206.65
687	206.5
687	206.5
690	206.65
687	206.5
686	206.4
688	206.55
685	206.75
684	206.35
687	206.2
687	206.2
684	206.3
687	206.3
686	206.3
682	206.6
685	206.65
686	206.25
681	206.3
683	206.25
686	206.15
681	206.3
682	206.4
685	206.55
682	206.4
680	206.35
683	206.2
682	206.3
679	206.2
682	206.25
682	206.25
678	206.45
681	206.25
680	206.25
677	206.25
679	206.05
679	206
676	206.15
679	205.95
680	206
676	206.15
676	206.15
679	205.95
677	206.1
674	206
677	206
677	205.95
674	206
676	206.1
676	206.1
672	206.05
675	205.95
677	205.85
672	206
673	205.95
676	205.95
672	206
673	206.05
674	205.95
669	205.7
672	205.85
675	205.8
671	205.7
669	205.65
672	205.85
670	205.8
669	205.5
673	205.75
670	205.75
666	205.6
669	205.5
670	205.65
667	205.6
669	205.35
671	205.5
666	205.55
666	205.45
668	205.5
665	205.4
666	205.15
669	205.2
668	205.55
664	205.75
666	205.45
665	205.6
662	205.4
664	205.35
666	205.05
663	205.55
664	205.4
667	205.4
664	205.6
661	205.45
663	205.65
662	205.2
659	205.3
663	205.4
662	205
659	205.15
662	205
664	205.25
659	205.3
660	205.35
662	205.15
659	205.35
658	205.4
660	205.25
660	205.25
656	205.2
658	205.2
659	205.05
655	205.2
657	205
659	204.95
655	205.05
654	204.85
658	204.9
656	204.8
653	204.65
656	204.75
656	204.7
653	204.65
654	204.7
657	204.8
653	204.65
652	204.7
655	204.85
653	204.6
650	204.8
653	204.45
654	204.55
650	204.75
651	204.45
654	204.6
649	204.6
650	204.75
653	204.4
650	204.75
649	204.6
652	204.6
651	204.55
647	204.85
650	204.85
652	204.7
647	204.85
648	204.75
651	204.6
647	204.85
646	204.85
649	204.55
645	204.65
644	204.6
647	204.5
646	204.6
643	204.2
647	204.5
648	204.4
644	204.65
645	204.7
647	204.75
643	204.5
641	204.4
644	204.4
644	204.35
641	204.2
644	204.35
645	204.4
640	204.45
641	204.35
643	204.25
639	204.2
638	204.15
642	204.1
642	204.1
639	204.15
641	204.2
641	204.25
636	204.45
637	204
641	203.95
639	203.9
637	204
639	204.05
637	204
633	203.95
638	203.95
640	203.9
635	204.05
636	204.25
637	203.95
634	204.45
634	204.4
638	203.95
636	204.1
631	203.95
633	203.7
636	203.9
633	203.6
632	203.65
634	204.25
633	203.6
630	203.55
633	203.55
635	203.75
630	203.65
629	203.5
633	203.5
631	203.6
627	203.7
631	203.55
633	203.5
628	203.55
628	203.55
631	203.65
628	203.5
627	203.65
630	203.5
629	203.45
626	203.4
628	203.4
629	203.35
625	203.6
626	203.3
628	203.3
624	203.5
625	203.5
627	203.45
626	203.25
623	203.45
625	203.45
626	203.25
622	203.4
623	203.35
626	203.15
623	203.3
621	203.3
623	203.3
624	203.4
620	203.3
622	203.25
624	203.3
619	203.1
619	203.1
624	203.25
618	203.15
618	203.1
622	203.1
620	203
616	203.1
619	202.9
621	203.05
616	203.05
617	203.05
620	202.95
618	203
614	202.95
617	203
618	202.9
613	202.9
615	202.85
618	202.8
616	202.9
613	202.85
615	202.8
617	203
612	202.85
613	202.8
617	202.95
613	202.8
611	202.75
614	202.65
615	202.7
609	202.6
611	202.55
615	202.55
611	202.55
609	202.55
612	202.55
613	202.6
608	202.6
610	202.95
612	202.5
609	202.5
607	202.85
610	202.85
611	202.4
606	202.65
607	202.75
610	202.8
607	202.8
604	202.4
608	202.35
608	202.35
604	202.5
605	202.35
608	202.3
604	202.35
603	202.2
606	202.25
607	202.5
602	202.35
604	202.25
606	202.3
603	202.25
600	202.3
604	202.15
605	202.15
600	202.25
601	202.15
604	202.1
601	202.2
599	202.55
603	202.05
601	202.1
597	202.2
600	202.05
602	202.05
598	202
598	202
602	202.2
600	202.15
595	202.2
598	201.95
600	201.95
596	202.15
596	202.05
600	201.95
597	202
593	201.9
597	201.95
598	201.9
593	201.85
595	201.9
598	201.8
594	201.9
592	202
595	201.85
596	202
591	201.85
592	201.8
596	201.9
593	201.65
590	201.75
593	201.6
594	201.75
589	201.8
590	201.65
593	201.6
591	201.65
587	201.85
590	201.4
593	201.5
587	201.8
589	201.6
591	201.5
589	201.65
585	201.75
588	201.6
589	201.4
585	201.6
585	201.5
589	201.35
587	201.55
583	201.65
586	201.5
588	201.5
583	201.65
583	201.6
586	201.35
586	201.45
582	201.5
584	201.45
586	201.45
582	201.45
581	201.55
585	201.3
584	201.3
579	201.3
582	201.25
585	201.25
580	201.25
578	201.25
582	201.2
583	201.4
578	201.35
578	201.25
582	201.25
580	201.2
576	201.15
579	201.05
581	201.35
577	201.3
576	201.2
580	201.15
580	201.2
575	201.25
576	201.1
579	201.05
576	201.1
573	201.1
577	201.05
578	201
573	201.1
574	201.05
577	201.05
575	201.05
570	201.2
573	200.9
576	200.85
572	201
570	201.05
574	200.85
574	200.9
569	201.1
570	200.95
574	200.8
570	201.05
569	201
573	200.8
571	201
567	201
571	200.9
571	200.9
567	201
565	200.9
570	200.75
571	200.75
565	200.85
567	200.75
570	200.8
567	200.9
563	200.9
567	200.7
568	200.75
563	200.85
563	200.75
567	200.6
567	200.65
562	200.8
562	200.7
566	200.55
564	200.6
560	201.15
564	200.45
566	200.45
561	200.7
560	201
563	200.5
564	200.55
558	200.8
559	200.6
562	200.4
563	200.45
558	200.7
558	200.6
562	200.4
560	200.95
556	200.4
559	200.4
561	200.4
557	200.45
555	200.6
558	200.4
560	200.75
555	200.55
554	200.15
558	200.35
558	200.4
553	200.5
555	200.45
558	200.35
555	200.5
551	200.35
555	200.35
557	200.2
552	200.4
550	200.35
555	200.3
554	200
549	200.3
552	200.15
555	200.2
552	200.25
548	200.2
552	200.15
554	199.9
550	200.3
547	200.15
550	200.15
553	200.15
549	200.2
546	200.1
550	200.1
551	200.1
545	200.25
547	200
551	200.05
548	200.15
544	200.15
546	199.9
549	199.95
545	200.1
543	199.95
547	199.75
548	199.9
542	200
544	199.85
548	199.85
544	199.85
540	199.9
543	199.85
546	199.65
544	199.85
540	199.95
540	199.75
545	199.8
545	199.85
539	199.85
539	199.8
542	199.7
544	199.75
541	199.8
536	199.9
540	199.65
543	199.7
542	199.7
537	199.75
536	199.75
540	199.55
541	199.45
538	199.7
535	199.7
538	199.55
541	199.45
537	199.6
534	199.6
536	199.6
539	199.4
539	199.5
533	199.6
533	199.55
536	199.5
539	199.4
535	199.55
530	199.6
535	199.35
537	199.25
536	199.5
531	199.4
532	199.25
536	199.4
536	199.5
531	199.45
530	199.55
533	199.3
535	199.35
531	199.35
528	199.35
529	199.3
534	199.05
533	199.2
529	199.5
526	199.4
531	199.1
533	199.15
530	199.4
526	199.45
527	199.3
531	199
531	199.1
526	199.4
524	199.15
530	199.05
531	199.05
526	199.4
523	199.25
527	199.3
530	199.15
528	199.1
523	199.25
523	199.05
527	199.1
528	198.9
524	199.2
520	199.1
524	199
527	199.1
526	199.15
520	199.05
523	198.9
526	198.95
526	199.05
519	199.55
519	199.5
523	198.8
526	198.95
521	199
518	199.05
519	199.3
524	198.8
522	198.8
517	199.3
516	198.9
522	198.65
523	198.7
519	199.35
515	198.9
518	198.7
522	198.6
521	198.85
517	199.3
514	198.8
519	199.05
520	198.6
518	198.8
512	199.25
514	198.55
519	198.9
519	198.95
516	198.75
511	198.9
516	198.6
518	198.45
517	198.9
511	198.8
511	198.75
516	198.45
517	198.75
513	198.7
508	198.65
513	198.45
515	198.3
515	198.5
508	198.65
509	198.7
514	198.25
515	198.35
512	198.9
506	198.75
509	198.5
513	198.25
512	198.75
508	198.55
504	198.5
510	198.15
513	198.15
511	198.4
506	198.65
504	198.35
510	198.15
512	198.55
507	198.45
503	198.45
504	198.2
509	198.15
510	198.15
504	198.4
503	198.35
506	198.25
509	198.2
507	198.25
500	198.4
503	198.15
507	198.05
507	198.15
504	198.3
499	198.15
504	198
508	197.95
504	198.2
499	198.3
498	198.55
502	197.95
507	197.95
502	198.1
497	198
500	198.05
503	197.9
503	198
501	197.95
495	197.9
498	198.25
504	197.8
501	197.8
496	197.8
495	197.85
498	198.15
501	197.55
501	197.65
495	197.8
493	197.65
499	197.65
501	197.65
497	197.85
493	197.8
494	197.5
498	198.1
500	197.8
493	197.7
490	198.2
497	197.4
499	197.5
495	197.6
491	197.6
492	197.6
494	197.15
497	197.4
495	197.6
488	197.6
489	197.7
497	197.25
497	197.4
489	197.9
487	198.35
491	197.15
494	197.1
493	197.3
490	198.05
487	198.25
488	197.25
492	197.25
494	197.2
487	198.2
484	196.95
490	197.65
495	197.25
490	198.05
483	196.55
485	196.35
491	197
491	197.1
487	198.1
483	196.4
485	196.2
487	197.8
489	197.35
488	197.15
483	196.2
481	196.45
485	195.85
489	197.15
486	197.8
480	197.25
479	196.8
486	197.5
490	197.35
483	196.05
476	196.2
479	196.6
488	196.55
489	197.15
480	197.2
475	196.45
483	195.6
489	196.9
481	196.55
473	196.45
477	196.3
486	197.1
487	197.4
479	196.8
472	196.8
475	196.15
485	195.35
485	195.65
476	196.1
471	196.7
478	195.4
485	195.3
482	196.2
472	196.75
469	196.55
477	195.7
485	195.1
482	196.1
469	196.85
466	196.1
476	194.95
484	195.3
480	196.35
470	196.75
465	196
473	194.95
482	195.15
478	195.2
470	196.55
467	196.05
470	196
474	195.35
474	195.35
472	195.55
473	195.25
474	195.85
473	195.55
467	195.85
465	195.45
470	195.6
477	195.2
478	195.2
470	196.55
461	196.75
460	196.4
468	195.65
475	194.5
475	195
468	196.55
464	196.25
466	195.6
468	196.3
467	195.35
461	195.7
462	195.55
469	195
474	195
471	195.65
462	196.65
458	197.2
463	194.85
468	195.65
466	194.75
462	195.75
462	195.8
468	195.85
471	195.5
467	195.8
459	196.7
456	195.55
461	195.6
465	194.65
464	195.2
459	195.7
457	194.95
462	195.4
468	195.65
467	195.3
461	196.3
455	195.7
457	195.5
463	194.85
464	195.6
457	195.5
451	196.05
452	195.75
459	194.85
462	194.9
458	195.95
454	194.65
456	194.5
462	195.3
464	195.35
458	196.95
452	196.7
454	195.3
460	195.9
462	196.05
455	195.45
449	197.2
451	195.85
457	194.85
459	195.6
453	195.6
447	196.1
448	195.85
455	194.15
458	195.9
452	195.7
446	196.1
445	194.7
452	195.15
456	194.1
453	195
446	195.95
444	195.5
450	195.05
454	194
452	195.4
445	194.9
443	195
448	195.35
453	194.6
452	195.45
446	196
442	196.1
446	195.55
452	195.2
452	195.6
444	196.1
441	195.1
447	195.4
452	195.45
452	195.85
445	195.35
440	195.7
443	195.15
450	195.55
452	195.9
446	196.65
439	195.8
440	195.7
447	195.85
450	196.05
446	196.7
439	195.85
439	195.55
445	195.15
448	196.2
445	195.45
437	196.45
435	196.35
439	194.55
444	195.2
443	194.7
437	195.5
436	194.95
442	195.55
446	195.65
445	195.15
437	196.45
433	196.7
439	195.05
444	195.8
442	196.4
434	195.8
429	196.7
432	195.4
440	194.3
443	194.45
440	195
432	196.15
432	196
439	194.8
442	196.1
436	195.65
428	195.85
426	195.35
435	195.3
441	194
440	194.85
431	196.35
428	195.65
434	195.2
437	195.6
432	195.9
425	195.65
426	194.9
434	194.25
440	194.25
439	194.8
430	196.25
423	195.95
423	195.2
430	194.95
436	194.35
435	195.65
428	195.4
425	195.8
429	196.25
430	195.35
429	196.1
424	195.4
424	195.2
429	195.65
433	195.55
431	195.95
422	196.45
417	194.9
423	194.35
434	194.05
435	195.5
425	195.85
415	195.4
416	194.6
430	194.4
436	194.2
431	195.85
419	195.65
411	195.3
420	194.45
432	194.45
434	194.55
423	195.5
412	195.6
414	194.65
425	194.3
433	195.05
425	195.45
412	195.45
410	195.1
421	194.2
430	194.3
428	194.7
416	195.15
407	195.25
414	194.15
425	194
428	194.1
419	194.8
410	195.2
411	194.5
418	193.9
423	193.85
421	194.5
417	194.5
413	194.95
411	194.4
415	193.85
420	194
421	194.6
413	195
407	194.85
412	194.1
421	194.15
421	194.5
411	194.65
405	195.5
409	193.95
417	193.45
418	193.9
415	194.2
410	194.8
406	194.4
408	194.6
416	193.65
419	194
410	194.7
402	194.55
405	194.95
414	193.45
415	193.7
411	194.35
406	194.5
402	194.3
408	194.3
416	193.55
414	194
404	195
400	194.3
404	194.25
409	193.25
413	193.75
412	194.1
404	194.95
398	194.45
403	193.85
411	193.3
411	193.7
406	194.2
400	194.4
398	194.05
406	193.35
411	193.45
407	194.2
399	195.7
397	194.9
399	194.9
407	193.4
410	193.8
400	194.2
395	194.6
396	193.8
401	194
409	193.15
407	194
397	195.05
392	194.1
397	194.1
405	193.9
408	194.1
400	193.95
392	194.2
392	193.7
397	193.9
405	193.9
405	194.4
396	194.2
390	194.65
390	194.05
397	193.8
404	193.45
403	193.75
394	194.25
389	194.3
388	193.65
398	193
403	193.2
398	193.75
392	194
386	194.5
390	193.65
399	194.2
400	193.15
397	194.55
387	194.1
384	193.65
389	193.35
396	192.7
399	194.45
391	193.95
385	194.15
384	193.35
391	193.05
398	192.8
396	193.3
390	194.25
382	193.8
382	193.25
391	192.85
395	192.95
395	193.55
386	194.35
380	193.6
382	193
391	192.7
394	192.85
390	193.85
383	194.2
378	194.85
382	192.85
388	192.55
393	193.2
391	193.45
381	193.75
377	193.75
379	193.15
388	192.45
390	193.05
388	193.35
378	194.85
376	193.55
380	192.55
389	192.5
389	192.9
385	193.6
376	193.95
374	193.7
379	192.8
386	192.85
388	192.85
381	193.5
374	194
373	193.2
382	192.05
388	192.5
380	193.3
373	193.65
371	193.25
378	193.6
386	192.85
384	192.7
378	194.8
370	193.8
370	193.15
378	193.35
385	192.35
382	192.8
375	193.55
367	193.9
369	193.35
376	192.25
383	192.45
380	192.75
373	193.45
366	193.85
367	193.25
374	192.45
380	191.95
380	192.55
372	193.55
366	193.8
365	192.75
373	192.1
378	193.35
376	192.95
369	193.85
363	193.2
366	192.9
374	192.25
378	193.45
373	193
365	193.35
361	193.5
364	192.75
373	191.9
376	192.4
372	193.1
365	193.3
359	193.15
363	192.4
370	192.1
374	192.35
372	193
363	193.2
358	193
360	193.7
367	192.15
373	192
369	193.2
363	193.2
356	195.15
358	192.35
365	191.8
370	192
369	192.95
363	193
356	195.15
355	192.9
360	193.15
368	191.45
369	192.65
363	192.8
357	193.4
353	192.8
358	191.85
365	191.5
367	192.35
364	193.05
356	195.05
351	192.7
353	192.1
361	192
366	192.2
362	192.7
354	194.5
350	193.4
351	192
361	192
364	192.15
361	192.9
355	193.2
348	193.4
350	192.9
355	191.8
362	191.65
361	192.55
355	192.95
348	193.35
347	193.1
352	191.7
359	191.35
361	192.4
354	194.2
348	193.4
344	193.65
349	192.85
358	191.15
359	191.7
354	194
349	194.1
342	194.75
343	192.2
352	191.35
357	191.5
356	194
349	193.85
343	193
341	192.85
346	193.25
355	191.3
356	193.6
349	193.75
342	194.8
341	192.95
344	192.8
349	192.4
354	192.95
351	192
345	192.85
338	193.25
337	192.75
346	192.95
353	191.05
351	191.65
345	192.75
337	193.55
335	193.05
342	193.35
349	192.2
350	192.2
347	193.1
339	193.3
334	193.1
337	192.5
345	191.3
347	192.05
347	192.7
341	193.1
335	193.45
331	192.75
337	191.95
347	191.5
346	193.35
340	193.25
335	193.5
331	193.05
332	191.5
336	191.6
343	190.9
346	193.3
339	192.85
329	193
328	191.85
335	191.6
346	192.5
343	191.85
332	192.45
327	192.8
327	191.95
334	191.35
343	190.7
344	192.35
335	193.1
328	192.75
325	193.15
327	191.4
332	190.3
338	191
342	193.05
338	192.75
327	192.9
321	192.8
324	192.2
332	190.35
338	191.1
336	191.75
331	192.55
327	192.35
324	192.55
325	192.25
331	191.4
336	191.5
336	192.3
330	192.85
322	192.5
321	192.4
328	191.25
335	191.75
335	192.55
326	192.65
319	193.9
319	193.15
325	192.05
331	191.4
334	191.75
331	192.65
324	193.45
318	192.7
319	192.95
322	190.85
326	190.75
327	191.15
325	192.4
321	192.1
316	192.35
315	191.3
322	190.45
329	191
331	191.9
326	192.2
319	194.1
314	193.7
312	192.15
315	191.15
324	191.2
329	191.1
326	191.7
318	192.65
312	192.8
309	193.5
314	191.8
325	191.25
330	191.2
325	193
315	193.05
308	193
307	192.15
315	190.85
323	190.2
322	190.65
315	191.85
310	192.05
311	191.95
311	191.5
311	191.1
318	190.6
322	190.65
319	192.85
309	193.9
305	192.55
307	191.5
310	190.6
317	190.2
321	190.85
317	191.55
308	192.3
303	192.15
304	191.45
308	190.5
315	190.05
316	191
311	191.5
308	191.7
305	191.85
303	191.25
305	190.95
310	190.15
316	190.9
315	191.05
306	192.05
301	192.55
299	191.6
306	190.55
310	190
312	190.45
312	191.1
305	192.1
299	192.05
299	191.4
303	190.45
306	190.2
311	190.45
311	191.15
304	191.85
299	192.05
296	192.55
299	190.75
305	190.25
309	191.5
306	190.85
304	191.55
298	192.25
295	191.75
295	191.15
299	190.5
304	190.15
307	190.4
303	191.1
299	191.85
294	191.75
292	192.8
296	191.75
300	190.1
305	190.35
302	191.2
298	192.15
294	191.8
290	192
294	190.5
299	190.2
302	190.5
302	191.2
297	192
292	193.35
289	191.6
289	191
293	190.8
298	190.6
301	191.05
298	191.85
293	192.35
287	192.6
286	191.55
290	191.25
293	190.65
298	190.7
298	191.35
294	191.55
289	191.95
287	192.45
286	191.4
287	191.35
292	191.75
296	191.45
296	192.05
292	193.2
287	192.7
283	191.95
282	191.4
286	190.6
293	190.5
293	190.85
291	191.4
285	191.9
282	192.25
281	192.7
283	190.9
288	189.7
291	190.45
289	191.1
286	191.9
281	193.15
280	191.4
280	190.85
283	190.7
288	189.85
289	190.6
287	191.95
283	192
278	191.65
277	191.65
278	190.7
282	190.75
285	190.3
287	191.45
285	191.3
280	191.65
277	191.85
276	192.1
277	191
279	190.4
284	191.5
285	190.55
282	191.7
280	191.6
273	191.95
273	191.4
275	190.9
281	191.35
284	191.55
281	192.2
279	191.65
276	192.65
271	192.1
271	191.6
273	190.8
279	190.15
280	190.15
279	191.1
277	191.75
273	192.05
270	192.9
268	191.75
270	191.8
274	191.4
279	190.2
280	190.6
275	191.9
270	193.1
270	192.9
269	192.55
269	192.25
271	190.9
274	191.75
276	191.5
275	191.7
270	193.15
264	192.65
263	191.9
266	191.75
271	190.5
275	190.55
275	191.1
271	192
266	193.05
264	192.55
264	192.05
265	192.4
268	191.15
271	190.9
271	191.4
268	192.15
265	193.25
263	192.2
262	192.15
262	191.85
265	192.2
268	191.2
269	192.25
267	191.95
263	192.45
260	192.4
259	191.85
260	191.55
262	191.45
264	191.3
267	191.2
268	191.95
265	193.5
261	193.05
256	193.3
256	192.75
259	191.55
262	191.7
264	191.7
263	191.95
260	192.35
258	193.55
255	193.15
254	192
256	191.95
259	191.05
261	191.35
261	191.8
259	192.1
256	193
253	192.85
252	192.75
253	192
256	191.85
258	192.45
259	191.55
257	192.4
254	192.55
251	192.9
249	193.75
251	192.2
254	191.55
257	191.6
258	192.85
257	192.45
254	192.85
252	193.6
250	193.1
248	192.75
247	192.6
249	193.3
252	192.15
255	192.4
254	192.15
250	192.85
246	192.95
245	193.2
247	192.35
249	193.2
250	191.95
252	192.45
252	192.75
250	192.8
247	193.25
244	193.1
243	192.75
245	192.8
246	191.95
248	191.95
249	193.35
249	193.65
247	193.05
244	193.15
243	193.1
242	193.3
241	193
242	192.8
245	192.6
248	192.05
249	193.8
245	193.8
241	194
237	193.95
236	193.2
240	193.1
243	192.05
244	192.15
244	192.45
243	192.85
242	193.65
241	193.7
237	193.8
234	193.95
237	192.85
240	192.9
242	192.7
241	193.05
240	193.85
238	193.5
235	193.85
232	193.55
233	192.85
235	192.7
238	192.2
240	192.9
241	192.9
237	193.7
232	194.05
231	193.7
232	193.35
232	193
233	192.55
235	192.75
236	192.7
236	193.1
235	193.7
232	193.9
228	193.55
229	193.25
228	192.85
231	192.75
234	193.2
234	193.4
233	193.1
232	193.75
229	193.7
226	193.7
226	193.3
226	192.95
228	192.6
230	192.6
231	192.75
233	193
230	193.65
227	194.05
224	194
222	193.35
223	192.95
225	192.65
228	192.45
228	192.6
228	192.95
228	193.3
225	193.75
223	193.7
221	194.05
220	193.2
221	193.4
223	192.6
225	192.6
225	192.8
226	193.1
224	193.8
222	193.7
219	193.7
217	193.45
218	193.2
219	192.7
220	192.6
222	192.5
224	193.15
223	193.35
220	193.8
218	193.95
216	194
215	193.3
214	192.95
217	192.7
218	192.65
221	193.2
221	193.55
219	193.55
217	193.85
215	193.85
213	193.7
212	193.95
212	193.55
215	192.6
217	192.55
218	192.8
218	193.3
216	194.05
214	193.85
212	194.55
210	194.15
209	193.35
210	193.45
212	193.45
214	192.65
215	192.9
214	193.15
213	193.8
212	194.6
209	194
207	194.15
206	193.45
207	193.5
209	192.9
210	193.3
212	193.55
212	193.85
210	194.2
208	194.9
206	193.95
205	193.7
204	193.75
204	193.5
205	192.9
206	192.8
208	193.8
209	193.1
209	193.5
207	194.3
204	194.35
202	195
201	193.65
201	193.25
202	194.15
204	193.2
205	192.9
206	193.2
206	193.65
204	194.35
203	194.4
200	194.35
198	194.4
197	194
198	193.7
199	194.1
202	194.1
203	193.3
203	193.65
202	194.95
201	194.15
198	194.6
197	194.45
196	194.9
194	194.45
195	193.45
196	194.1
198	193.35
200	193.25
201	193.4
199	194.9
198	194.6
196	195.3
193	194.5
192	194
192	193.65
193	193.6
193	193.45
194	193.95
196	194.25
197	193.8
196	194.9
194	195.05
192	194.35
190	194.5
188	194.1
188	193.7
190	193.65
191	193.55
192	193.2
193	193.55
194	194.4
193	194.2
192	194.35
190	194.75
187	194.7
186	195.2
186	194.9
186	194.7
187	193.75
188	193.45
189	193.5
190	193.85
190	194.25
189	194.4
187	194.8
185	195.1
182	195.65
182	195.3
183	193.7
184	193.5
185	193.75
186	194.35
188	193.55
188	193.9
187	194.5
185	195
183	194.7
181	195
179	194.25
179	193.95
180	193.8
181	193.95
182	194.65
183	193.5
183	193.75
183	194.05
182	195.55
181	195
179	194.6
177	194.45
175	194.65
175	194.3
176	194.35
177	193.25
178	193.35
180	193.6
180	193.85
180	194.2
179	194.4
177	194.55
175	195.1
174	195
174	194.75
173	194.3
172	194.05
173	193.95
174	194.05
176	194.3
177	193.55
177	193.9
176	195.25
174	195.15
173	194.9
172	194.75
170	195.3
169	194.4
169	194.15
171	193.65
172	193.65
173	193.75
173	193.95
173	194.15
172	194.4
172	194.65
171	194.75
169	195
166	195.1
165	194.7
165	194.35
166	194.2
167	193.75
167	193.75
168	193.75
170	194.65
170	195
168	194.65
167	194.85
166	195.2
165	194.95
163	195.5
163	195.3
163	195.1
163	194.95
163	194.9
164	194
165	194.05
165	194.3
166	194.65
165	194.9
163	195.8
161	195.2
161	195.05
160	194.8
160	194.55
160	194.4
160	194.35
161	194.35
161	194.35
162	194.45
163	195.25
162	195.05
161	195.3
159	195.6
158	195.35
156	195.1
155	195.25
155	195.05
156	194.6
156	194.5
156	194.45
157	194.4
157	194.4
158	194.6
158	194.9
157	195.15
156	195.4
154	195.45
154	195.3
153	195.1
153	194.85
152	194.8
151	194.75
152	194.6
153	194.5
154	194.5
155	194.85
155	195.15
154	195.2
153	195.4
152	195.6
150	195.6
149	195.6
0	195.71
