Speed 1 (RPM)	Torque 1 (oz.in)
1796	2.279
1785	22.275
1785	22.51
1785	22.505
1785	22.25
1785	22.74
1785	22.745
1785	22.475
1785	23.015
1785	23.19
1785	22.805
1785	22.925
1785	23.345
1784	24.335
1785	23.14
1785	23.25
1784	24.49
1784	24.695
1784	24.495
1785	23.555
1784	24.735
1784	25.04
1784	24.81
1784	24.695
1784	25.095
1783	25.655
1783	25.435
1784	24.99
1784	25.445
1783	25.995
1783	25.66
1784	25.4
1783	26.3
1783	26.355
1783	26.04
1783	26.06
1783	26.405
1782	27.275
1782	27.05
1783	26.37
1783	26.7
1782	27.615
1782	27.34
1783	26.785
1782	27.88
1781	29.89
1782	27.675
1782	28.06
1781	30.245
1781	30.13
1782	28.275
1781	30.43
1781	30.6
1781	30.25
1781	30.34
1781	30.66
1780	31.505
1780	31.335
1781	30.74
1780	31.64
1780	31.85
1780	31.55
1780	31.735
1780	32.105
1779	32.625
1780	31.755
1780	32.045
1779	32.97
1779	33.055
1779	32.66
1780	32.43
1779	33.31
1778	34.18
1779	33.065
1779	33.42
1779	33.765
1778	34.76
1778	34.405
1779	33.84
1778	35.11
1778	35.08
1778	34.78
1778	35.195
1778	35.435
1777	36.23
1778	35.18
1778	35.59
1777	36.79
1777	36.655
1777	36.43
1777	36.96
1776	38.38
1776	38.77
1776	38.605
1776	38.38
1777	37.485
1776	39.08
1776	39.18
1776	38.88
1776	39.215
1775	40.505
1775	40.33
1776	39.295
1776	39.645
1775	40.9
1775	40.78
1775	40.565
1775	40.87
1775	41.255
1774	41.705
1774	42.175
1774	42.055
1774	41.905
1774	42.265
1773	43.245
1774	42.44
1773	43.71
1773	43.405
1774	42.82
1773	43.765
1773	44.14
1772	44.93
1773	44.17
1772	45.48
1772	45.48
1772	45.17
1772	45.5
1772	45.895
1771	47.295
1772	45.64
1772	46.085
1771	47.81
1771	48.195
1771	48.195
1771	47.935
1771	48.39
1770	48.995
1770	48.725
1770	49.075
1770	49.39
1769	50.325
1770	49.155
1770	49.695
1769	50.74
1769	50.55
1769	50.365
1769	50.87
1769	51.18
1769	50.86
1769	50.85
1768	52.01
1768	52.22
1768	51.915
1769	51.325
1768	52.455
1767	53.945
1768	52.34
1768	52.38
1768	52.755
1767	54.37
1767	54.055
1768	52.885
1767	54.635
1767	54.88
1767	54.575
1767	54.475
1767	55.16
1766	56.41
1767	54.94
1766	56.415
1766	56.815
1766	56.795
1766	56.535
1766	56.85
1765	57.535
1765	57.52
1766	57.09
1765	57.7
1764	58.93
1764	59.105
1764	58.72
1765	58.33
1764	59.385
1763	60.37
1764	59.12
1764	59.455
1763	60.7
1763	60.695
1763	60.35
1763	60.65
1762	62.025
1762	62.125
1763	60.77
1763	61.035
1762	62.5
1762	62.535
1762	62.145
1763	61.395
1762	62.87
1761	63.665
1761	64.135
1761	63.985
1762	63.1
1761	64.265
1760	65.73
1761	64.36
1761	64.33
1761	64.76
1760	66.21
1760	66.02
1761	64.785
1760	66.37
1760	66.695
1760	66.435
1760	66.345
1760	66.83
1759	68.115
1759	67.935
1760	66.975
1759	68.39
1758	69.21
1759	68.185
1759	68.545
1758	69.61
1758	69.62
1758	69.4
1758	69.595
1758	69.945
1757	70.65
1758	69.92
1757	70.645
1757	71.09
1757	70.945
1757	70.685
1757	71.18
1756	72.31
1756	71.9
1757	71.225
1756	72.495
1756	72.695
1756	72.35
1756	72.27
1756	72.81
1755	73.665
1756	72.755
1756	72.83
1755	74.095
1755	74.11
1755	73.725
1755	73.96
1755	74.505
1754	75.355
1755	74.275
1755	74.5
1754	75.7
1754	75.905
1754	75.585
1754	75.675
1753	77.58
1753	77.66
1753	78.12
1753	77.94
1753	77.705
1753	77.98
1753	78.46
1752	78.995
1753	78.105
1752	79.055
1752	79.39
1752	79.255
1752	78.995
1752	79.26
1751	80.7
1751	80.76
1752	79.38
1752	79.655
1751	81.035
1751	81.085
1751	80.815
1751	81.275
1750	82.03
1751	81.33
1751	81.275
1750	82.315
1750	82.565
1750	82.21
1750	82.21
1750	82.66
1749	83.545
1750	82.57
1750	82.74
1749	83.935
1749	83.985
1749	83.65
1749	83.94
1749	84.385
1748	85.53
1748	85.17
1748	85.32
1748	85.775
1748	86.005
1748	85.575
1748	86.005
1747	87.315
1747	87
1747	87.17
1747	87.535
1747	87.58
1747	87.215
1747	87.515
1747	87.915
1747	87.985
1747	87.625
1747	87.85
1746	89.195
1746	89.31
1746	89.015
1746	89.39
1746	89.675
1746	89.82
1746	89.565
1746	89.755
1745	90.665
1745	90.8
1745	90.58
1745	90.93
1744	91.365
1744	91.94
1744	91.575
1744	91.57
1744	91.96
1743	93.195
1743	93.015
1744	92.03
1743	93.255
1743	93.475
1743	93.255
1743	93.37
1743	93.645
1742	94.55
1743	93.67
1742	94.53
1742	94.805
1742	94.865
1743	94.025
1742	94.92
1742	95.315
1742	95.015
1742	95.265
1741	96.32
1741	96.37
1741	96.12
1741	96.47
1740	97.75
1741	96.77
1741	96.52
1740	97.8
1740	98.2
1740	98.1
1740	97.95
1739	99.375
1740	98.45
1740	98.15
1739	99.375
1739	99.725
1739	99.725
1740	98.5
1739	99.675
1739	100.025
1739	100.225
1739	99.975
1739	100.375
1738	101.295
1738	101.045
1739	100.375
1738	101.495
1738	101.745
1738	101.545
1738	101.495
1737	102.445
1737	102.745
1737	102.545
1738	101.945
1737	102.945
1736	103.645
1737	102.895
1737	102.945
1736	103.795
1736	103.995
1736	103.645
1736	103.745
1736	104.195
1736	104.245
1736	103.895
1736	104.045
1735	105.095
1736	104.545
1736	104.445
1735	105.245
1735	105.495
1735	105.295
1735	105.245
1735	105.695
1734	106.75
1735	105.695
1734	106.75
1734	107.1
1734	107.05
1734	106.85
1733	108.1
1733	108.4
1733	108.4
1734	107.15
1733	108.3
1733	108.7
1733	108.6
1733	108.4
1733	108.9
1732	109.95
1733	108.75
1733	108.9
1732	110.15
1732	110.3
1733	109.1
1732	110.1
1732	110.6
1732	110.6
1732	110.45
1731	111.05
1731	111.45
1731	111.25
1731	111.2
1731	111.55
1730	112.35
1731	111.65
1731	111.5
1730	112.4
1730	112.7
1730	112.5
1730	112.35
1730	112.7
1730	112.95
1730	112.8
1730	112.75
1729	113.95
1730	113.2
1730	113
1729	114.25
1729	114.55
1729	114.35
1729	114.3
1728	115.15
1728	115.2
1729	114.7
1728	115.05
1728	115.5
1728	115.6
1728	115.3
1728	115.45
1727	117.1
1727	117.15
1728	115.7
1727	117.2
1727	117.5
1727	117.35
1727	117.15
1727	117.6
1727	117.8
1727	117.5
1727	117.55
1726	118.35
1726	118.5
1727	117.85
1727	118
1726	118.8
1726	118.8
1726	118.6
1726	118.85
1725	120.2
1725	120.25
1726	119
1725	120.15
1724	121.15
1725	120.6
1725	120.35
1724	121.2
1724	121.55
1725	120.65
1724	121.3
1724	121.65
1724	121.8
1724	121.55
1724	121.7
1724	122.05
1724	122.05
1724	121.85
1723	122.7
1723	123.05
1723	122.8
1723	122.8
1722	124
1722	124.15
1723	123.1
1722	124.05
1722	124.45
1722	124.45
1722	124.15
1722	124.35
1722	124.75
1722	124.6
1722	124.4
1722	124.7
1721	125.65
1722	124.85
1722	124.8
1721	125.75
1721	126
1721	125.85
1721	125.7
1720	126.45
1720	126.85
1720	126.6
1720	126.65
1720	126.85
1720	127.1
1720	126.85
1720	126.95
1719	127.85
1720	127.15
1720	127
1720	127.35
1719	128.25
1720	127.45
1720	127.3
1719	128.25
1719	128.6
1719	128.45
1719	128.3
1718	129.55
1718	129.85
1718	129.7
1719	128.7
1718	130.05
1718	130.15
1718	129.9
1718	129.95
1717	130.7
1717	130.8
1718	130
1717	130.5
1717	131
1717	130.9
1718	130.15
1717	130.9
1717	131.25
1717	131
1717	131.05
1716	132.1
1716	132.35
1716	132.1
1716	132.25
1715	133.35
1715	133.5
1716	132.35
1715	133.35
1715	133.65
1715	133.6
1716	132.55
1715	133.6
1715	133.9
1715	133.65
1715	133.55
1715	133.9
1715	134.05
1715	133.8
1715	134
1714	134.5
1714	134.35
1714	134.2
1714	134.6
1713	135.6
1714	134.7
1714	134.55
1713	135.75
1713	135.9
1713	135.55
1713	135.55
1713	136
1713	136.15
1713	135.7
1713	135.9
1713	136.3
1713	136.25
1713	135.9
1712	136.9
1712	137.25
1712	137.1
1712	137
1711	137.8
1711	138
1711	137.7
1711	137.7
1711	138
1711	138.2
1711	137.85
1711	137.9
1711	138.25
1711	138.4
1711	138.15
1711	138.2
1711	138.6
1711	138.55
1711	138.25
1710	139.35
1710	139.6
1710	139.65
1710	139.35
1709	139.85
1709	140.2
1710	139.65
1709	140.05
1709	140.4
1709	140.25
1709	140.05
1709	140.35
1708	141.25
1709	140.35
1709	140.25
1708	141.25
1708	141.45
1709	140.65
1708	141.25
1708	141.6
1708	141.7
1708	141.4
1707	142.5
1707	142.85
1707	142.65
1707	142.45
1707	142.75
1707	143
1707	142.7
1707	142.8
1707	143.1
1707	143
1707	142.8
1706	143.2
1706	143.45
1707	143.15
1707	143.1
1706	143.5
1705	144.6
1706	143.55
1706	143.5
1705	144.7
1705	144.8
1706	143.55
1705	144.6
1705	144.85
1705	144.75
1706	143.7
1705	144.8
1705	145.05
1705	144.9
1705	144.8
1704	145.55
1704	145.75
1704	145.4
1704	145.65
1703	146.55
1704	145.95
1704	145.65
1703	146.5
1703	146.7
1703	146.45
1703	146.4
1703	146.75
1703	146.75
1704	145.85
1703	146.65
1703	146.95
1703	146.9
1703	146.7
1702	147.7
1702	148.05
1702	147.85
1702	147.75
1701	148.3
1701	148.45
1702	148
1702	148.05
1701	148.55
1702	148.4
1702	148.1
1702	148.2
1701	148.75
1701	148.75
1702	148.25
1701	148.65
1700	149.7
1701	148.9
1701	148.7
1700	149.55
1700	149.8
1700	149.85
1700	149.6
1700	149.75
1699	150.65
1700	150
1700	149.8
1700	150.15
1700	150.2
1700	149.95
1699	150.75
1699	151.1
1699	151
1699	150.85
1698	151.325
1698	151.425
1699	151
1698	151.225
1698	151.525
1698	151.375
1699	151.1
1698	151.475
1698	151.625
1698	151.425
1698	151.425
1697	152.15
1698	151.775
1698	151.525
1697	152.3
1696	153.05
1697	152.25
1697	152.2
1696	153
1696	153.15
1697	152.35
1697	152.35
1696	153.25
1697	152.7
1697	152.45
1696	153.2
1696	153.45
1696	153.4
1696	153.3
1695	153.8
1695	154
1695	153.75
1695	153.7
1695	153.95
1695	154.05
1695	153.75
1695	154
1695	154.15
1695	153.95
1695	153.9
1694	154.45
1694	154.6
1695	154.05
1694	154.6
1694	154.8
1694	154.6
1693	155.15
1693	155.4
1693	155.4
1694	154.75
1693	155.4
1693	155.6
1693	155.4
1694	154.9
1693	155.6
1693	155.8
1693	155.55
1692	156.1
1692	156.4
1692	156.25
1692	156.15
1692	156.3
1691	156.8
1692	156.3
1692	156.25
1692	156.4
1692	156.6
1692	156.35
1692	156.45
1691	157
1692	156.5
1692	156.45
1691	157.05
1690	157.45
1691	157
1690	157.3
1690	157.55
1690	157.55
1691	157.2
1690	157.55
1690	157.7
1691	157.35
1690	157.55
1690	157.8
1690	157.85
1690	157.65
1689	158.35
1689	158.55
1689	158.25
1688	158.95
1689	158.6
1689	158.35
1689	158.4
1689	158.6
1689	158.55
1689	158.4
1688	159
1688	159.2
1688	159.15
1688	159.15
1687	159.75
1687	159.9
1688	159.25
1687	159.8
1687	159.95
1687	159.85
1688	159.35
1687	160.1
1687	160.15
1688	159.55
1687	160.1
1686	160.5
1686	160.5
1687	160.25
1686	160.6
1686	160.7
1686	160.5
1686	160.45
1686	160.65
1686	160.65
1686	160.45
1686	160.55
1686	160.75
1686	160.55
1685	161.05
1685	161.25
1685	161.2
1685	161.15
1684	161.6
1684	161.75
1685	161.3
1684	161.7
1684	161.9
1685	161.65
1685	161.5
1684	161.9
1684	162.1
1684	162.1
1684	162
1683	162.7
1683	162.75
1683	162.55
1683	162.6
1683	162.7
1683	162.6
1683	162.55
1683	162.65
1683	162.7
1684	162.1
1683	162.7
1682	163.25
1682	163.2
1682	163.25
1681	163.75
1681	163.85
1682	163.45
1681	163.9
1681	164.05
1682	163.65
1682	163.7
1682	163.9
1682	163.9
1682	163.8
1681	164.2
1680	164.45
1681	164.2
1680	164.3
1680	164.4
1680	164.4
1681	164.1
1680	164.3
1680	164.4
1680	164.3
1681	164.15
1680	164.45
1680	164.6
1680	164.5
1679	164.95
1679	165.15
1679	165.15
1679	165.2
1679	165.4
1679	165.35
1680	164.95
1679	165.4
1679	165.5
1679	165.4
1679	165.4
1678	165.85
1678	165.85
1678	165.8
1678	165.8
1677	166.2
1678	165.7
1678	165.8
1678	165.85
1678	165.95
1678	165.95
1678	166.05
1677	166.65
1677	166.65
1677	166.75
1676	167.05
1676	167.2
1677	166.85
1676	167.15
1676	167.25
1677	166.9
1677	166.8
1676	167.1
1676	167.1
1676	167
1676	167.05
1675	167.5
1675	167.5
1675	167.45
1675	167.6
1675	167.65
1675	167.65
1676	167.25
1675	167.75
1675	167.9
1675	167.9
1675	168
1674	168.5
1674	168.5
1674	168.5
1673	168.65
1674	168.7
1674	168.6
1674	168.6
1674	168.65
1674	168.6
1674	168.55
1674	168.65
1673	168.75
1673	168.75
1673	168.75
1672	169.2
1672	169.3
1673	168.9
1672	169.35
1672	169.4
1673	169.05
1673	169.1
1672	169.5
1672	169.6
1672	169.5
1672	169.6
1671	170
1671	170
1672	169.65
1671	170
1671	170.05
1671	170
1671	170.05
1671	170.1
1671	170.15
1672	169.85
1670	170.7
1670	170.8
1670	170.75
1670	170.85
1670	170.9
1670	170.9
1670	170.85
1670	170.95
1670	170.95
1670	170.95
1671	170.5
1670	171
1669	171.2
1669	171.2
1668	171.3
1668	171.35
1669	171.25
1669	171.3
1669	171.4
1669	171.35
1669	171.4
1669	171.55
1668	171.65
1668	171.65
1668	171.75
1667	172.2
1668	171.8
1668	171.85
1667	172.25
1668	171.9
1668	171.85
1668	171.9
1667	172.4
1667	172.35
1667	172.45
1666	172.8
1666	172.8
1667	172.4
1666	172.8
1666	172.8
1666	172.8
1667	172.45
1666	172.85
1666	172.9
1667	172.55
1666	173.05
1665	173.35
1665	173.4
1666	173.15
1665	173.5
1665	173.55
1666	173.2
1665	173.6
1665	173.65
1665	173.6
1665	173.75
1664	174.05
1664	174.05
1664	174.1
1664	174.1
1664	174.05
1665	173.8
1664	174.1
1664	174.15
1664	174.15
1664	174.25
1663	174.65
1663	174.65
1663	174.7
1663	174.8
1663	174.85
1663	174.85
1663	174.95
1663	174.95
1663	175
1663	175
1662	175.3
1662	175.35
1662	175.35
1662	175.35
1662	175.4
1662	175.4
1662	175.35
1662	175.4
1662	175.45
1662	175.4
1662	175.45
1661	175.7
1661	175.7
1661	175.75
1661	175.8
1660	176.05
1661	175.8
1661	175.85
1661	175.95
1661	175.95
1661	176
1660	176.35
1660	176.4
1660	176.4
1660	176.5
1659	176.65
1660	176.5
1660	176.55
1660	176.55
1659	176.65
1660	176.6
1659	176.7
1659	176.7
1659	176.7
1659	176.75
1658	176.8
1658	176.8
1659	176.7
1658	176.85
1658	176.85
1659	176.85
1659	176.95
1657	177.1
1658	177.2
1657	177.25
1657	177.3
1657	177.3
1658	177.35
1657	177.4
1657	177.4
1657	177.45
1656	177.8
1657	177.5
1656	177.8
1657	177.4
1657	177.45
1656	177.75
1656	177.8
1655	178.15
1655	178.25
1655	178.35
1655	178.35
1655	178.45
1655	178.5
1655	178.65
1654	179.1
1654	179.1
1654	179.1
1654	179.1
1654	179.1
1654	179.15
1654	179.2
1653	179.3
1653	179.3
1653	179.3
1653	179.35
1653	179.35
1653	179.35
1653	179.4
1653	179.4
1653	179.45
1653	179.55
1652	179.75
1651	179.9
1652	179.8
1652	179.85
1652	179.85
1652	179.9
1653	179.75
1652	179.95
1651	180.1
1651	180.15
1651	180.25
1651	180.2
1651	180.2
1651	180.25
1651	180.25
1651	180.2
1651	180.25
1651	180.3
1650	180.5
1650	180.55
1650	180.6
1649	180.9
1650	180.65
1650	180.7
1650	180.75
1650	180.8
1650	180.8
1649	181.2
1649	181.2
1649	181.2
1649	181.3
1649	181.25
1649	181.25
1649	181.25
1649	181.3
1648	181.6
1648	181.6
1648	181.7
1648	181.75
1648	181.7
1648	181.7
1648	181.8
1648	181.75
1648	181.75
1648	181.85
1647	181.95
1647	181.95
1647	182
1647	182.05
1646	182.4
1647	182.1
1647	182.15
1647	182.15
1647	182.2
1647	182.25
1646	182.55
1646	182.6
1646	182.65
1645	182.85
1646	182.65
1646	182.7
1646	182.7
1645	182.9
1646	182.7
1646	182.8
1645	183.05
1645	183.05
1645	183.1
1645	183.15
1645	183.1
1645	183.15
1645	183.2
1644	183.6
1644	183.6
1644	183.65
1643	184.05
1643	184
1644	183.75
1644	183.8
1644	183.8
1644	183.8
1644	183.9
1643	184.2
1643	184.2
1643	184.3
1643	184.25
1643	184.25
1643	184.35
1643	184.4
1642	184.65
1642	184.7
1642	184.8
1641	185.25
1642	184.8
1642	184.8
1642	184.85
1642	184.8
1642	184.85
1642	184.95
1641	185.35
1641	185.4
1641	185.5
1640	185.85
1641	185.45
1641	185.55
1641	185.55
1641	185.55
1641	185.6
1640	186.05
1640	186.05
1640	186.05
1640	186.15
1640	186.15
1640	186.1
1640	186.15
1640	186.2
1639	186.4
1639	186.45
1639	186.5
1638	186.65
1639	186.5
1639	186.55
1639	186.6
1639	186.6
1639	186.65
1638	186.85
1638	186.85
1638	186.9
1638	186.95
1638	186.9
1638	186.95
1638	187.05
1637	187.25
1637	187.3
1637	187.35
1637	187.3
1637	187.25
1637	187.35
1637	187.35
1637	187.3
1637	187.4
1636	187.75
1636	187.65
1636	187.75
1636	187.8
1636	187.75
1636	187.8
1636	187.9
1636	187.85
1636	187.9
1636	187.95
1635	188.05
1635	188
1636	187.95
1635	188.05
1635	188
1635	188.05
1634	188.4
1634	188.35
1634	188.4
1634	188.45
1634	188.35
1634	188.4
1634	188.4
1634	188.45
1634	188.45
1634	188.45
1633	188.65
1633	188.6
1633	188.6
1633	188.7
1633	188.65
1633	188.7
1633	188.8
1632	189.05
1632	189.1
1632	189.1
1632	189.15
1632	189.1
1633	188.85
1632	189.2
1632	189.15
1632	189.2
1631	189.45
1631	189.35
1631	189.4
1632	189.4
1631	189.45
1631	189.45
1631	189.55
1630	189.8
1630	189.7
1630	189.8
1630	189.85
1630	189.75
1631	189.6
1631	189.65
1630	189.85
1629	190.05
1630	189.95
1629	190.15
1630	189.95
1630	190
1629	190.2
1629	190.25
1629	190.35
1628	190.65
1628	190.65
1629	190.4
1629	190.45
1629	190.4
1629	190.45
1628	190.9
1628	190.8
1628	190.85
1628	190.95
1627	191.1
1628	190.9
1628	191
1627	191.15
1627	191.1
1627	191.15
1627	191.25
1626	191.45
1627	191.25
1627	191.3
1627	191.3
1627	191.3
1627	191.4
1626	191.65
1626	191.65
1626	191.75
1626	191.7
1626	191.7
1626	191.8
1625	192
1625	192
1625	192.05
1625	192.1
1625	192.05
1626	191.9
1625	192.1
1625	192.1
1624	192.25
1624	192.35
1624	192.3
1625	192.25
1624	192.45
1624	192.4
1624	192.45
1624	192.55
1623	192.7
1623	192.75
1623	192.85
1623	192.8
1624	192.6
1624	192.65
1623	192.85
1622	193.2
1623	192.95
1622	193.2
1623	192.95
1623	193
1622	193.3
1622	193.35
1622	193.4
1621	193.6
1621	193.55
1622	193.4
1622	193.45
1621	193.6
1621	193.75
1620	193.85
1621	193.75
1621	193.85
1621	193.85
1621	193.85
1621	193.95
1620	194.05
1620	194.05
1620	194.1
1620	194.1
1620	194.05
1620	194.05
1620	194.2
1619	194.35
1619	194.35
1619	194.5
1619	194.45
1619	194.45
1620	194.3
1619	194.55
1619	194.55
1619	194.6
1618	194.95
1618	194.9
1618	194.9
1618	195
1618	194.95
1618	195
1618	195.1
1617	195.25
1617	195.25
1618	195.1
1617	195.3
1617	195.25
1618	195.1
1617	195.35
1616	195.5
1617	195.4
1616	195.65
1617	195.4
1617	195.45
1616	195.75
1616	195.7
1616	195.8
1615	196
1615	195.9
1616	195.85
1616	195.95
1615	196
1615	196
1615	196.05
1614	196.15
1615	196
1616	195.95
1615	196.1
1614	196.15
1614	196.2
1614	196.3
1614	196.2
1614	196.3
1614	196.35
1614	196.3
1614	196.35
1613	196.8
1613	196.7
1613	196.8
1613	196.9
1613	196.85
1613	196.8
1613	196.95
1612	197.3
1612	197.25
1612	197.3
1612	197.3
1612	197.3
1612	197.35
1611	197.65
1611	197.55
1611	197.55
1612	197.45
1611	197.55
1612	197.35
1612	197.45
1611	197.65
1611	197.7
1611	197.75
1610	198.1
1611	197.7
1611	197.8
1610	198.2
1610	198.15
1610	198.25
1610	198.3
1610	198.25
1610	198.3
1610	198.35
1610	198.3
1609	198.55
1610	198.45
1609	198.6
1609	198.6
1610	198.5
1609	198.7
1609	198.65
1609	198.75
1608	199
1608	198.9
1608	199
1608	199.1
1608	199.05
1608	199.1
1608	199.15
1607	199.35
1607	199.3
1608	199.2
1607	199.35
1607	199.3
1608	199.15
1607	199.35
1606	199.55
1607	199.45
1607	199.4
1607	199.45
1606	199.8
1605	199.9
1605	199.95
1606	199.9
1606	199.85
1606	199.9
1606	200
1605	200.1
1605	200.05
1605	200.1
1605	200.1
1605	200
1605	200.05
1605	200.15
1604	200.35
1604	200.4
1604	200.5
1604	200.45
1604	200.55
1604	200.65
1603	200.8
1603	200.85
1604	200.7
1603	200.9
1604	200.7
1604	200.8
1603	201
1603	200.95
1603	201
1603	201.05
1603	200.95
1603	200.95
1603	201.05
1602	201.2
1602	201.25
1602	201.3
1602	201.2
1602	201.25
1602	201.35
1601	201.4
1601	201.45
1601	201.55
1601	201.5
1601	201.5
1602	201.5
1601	201.6
1600	201.85
1601	201.65
1600	201.95
1600	201.85
1601	201.65
1600	202
1600	201.9
1600	202
1599	202.1
1599	202
1600	201.95
1600	202.05
1599	202.05
1599	202.15
1599	202.2
1599	202.2
1599	202.2
1599	202.3
1598	202.55
1598	202.55
1598	202.65
1598	202.65
1598	202.6
1599	202.45
1598	202.7
1597	202.75
1597	202.8
1597	202.85
1597	202.75
1598	202.7
1597	202.9
1597	202.8
1597	202.85
1597	203
1596	203.15
1597	202.9
1597	203
1596	203.25
1595	203.35
1596	203.3
1596	203.25
1596	203.25
1596	203.3
1595	203.5
1595	203.45
1595	203.5
1595	203.6
1595	203.5
1595	203.55
1595	203.6
1594	203.65
1594	203.65
1594	203.8
1594	203.65
1595	203.7
1594	203.8
1593	203.9
1593	203.95
1593	204.05
1594	203.85
1594	203.9
1593	204.1
1592	204.1
1593	204.1
1593	204.2
1593	204.1
1593	204.15
1593	204.2
1592	204.25
1592	204.3
1592	204.35
1592	204.3
1592	204.25
1592	204.4
1591	204.6
1591	204.5
1592	204.4
1591	204.65
1591	204.55
1591	204.7
1591	204.75
1590	204.9
1591	204.75
1591	204.8
1591	204.75
1590	205
1590	205.05
1590	205
1590	205
1590	205.1
1590	205.1
1589	205.15
1590	205.15
1589	205.3
1589	205.25
1589	205.3
1589	205.35
1589	205.3
1589	205.35
1589	205.5
1588	205.6
1589	205.45
1589	205.5
1588	205.6
1588	205.6
1588	205.75
1587	205.7
1588	205.65
1588	205.7
1587	205.75
1587	205.7
1587	205.8
1587	205.85
1587	205.75
1588	205.9
1587	205.9
1586	205.95
1586	206.05
1586	206.05
1586	206
1586	206.1
1585	206.35
1585	206.3
1585	206.35
1585	206.3
1585	206.25
1585	206.3
1584	206.5
1584	206.4
1585	206.2
1585	206.25
1585	206.2
1585	206.35
1584	206.7
1584	206.6
1585	206.5
1584	206.75
1584	206.7
1584	206.8
1583	207
1583	206.9
1584	206.8
1583	207
1583	206.95
1583	207
1583	207.1
1583	207
1583	207.05
1583	207.15
1582	207.15
1582	207.25
1582	207.35
1582	207.25
1582	207.2
1582	207.35
1581	207.35
1581	207.3
1582	207.4
1581	207.35
1581	207.3
1581	207.4
1580	207.55
1580	207.5
1581	207.45
1581	207.5
1580	207.5
1580	207.65
1580	207.7
1580	207.55
1580	207.65
1580	207.75
1580	207.6
1579	208.05
1579	208.1
1579	208
1579	208.05
1580	207.85
1579	208.1
1579	208.25
1578	208.2
1579	208.25
1578	208.4
1578	208.3
1578	208.35
1578	208.4
1578	208.25
1578	208.35
1577	208.5
1577	208.4
1577	208.5
1577	208.55
1577	208.45
1577	208.5
1577	208.6
1576	208.55
1577	208.55
1577	208.7
1576	208.7
1576	208.7
1576	208.8
1575	209
1576	208.8
1576	208.85
1575	209
1575	209.05
1575	209.1
1575	209
1575	209.05
1575	209.15
1574	209.3
1574	209.3
1575	209.2
1574	209.35
1574	209.3
1574	209.4
1573	209.45
1574	209.35
1574	209.45
1574	209.5
1573	209.45
1573	209.6
1573	209.6
1573	209.55
1573	209.65
1572	209.6
1572	209.65
1573	209.7
1572	209.6
1573	209.7
1572	209.8
1572	209.65
1572	209.75
1572	209.85
1572	209.75
1572	209.75
1572	209.9
1571	209.8
1571	209.8
1571	209.95
1570	210
1570	210
1571	210
1570	210.05
1570	210
1571	210
1569	210.2
1570	210.05
1570	210.15
1570	210.15
1570	210.1
1570	210.25
1569	210.4
1569	210.3
1570	210.35
1569	210.45
1569	210.45
1568	210.65
1568	210.5
1569	210.45
1569	210.55
1567	210.55
1568	210.65
1568	210.7
1568	210.55
1568	210.65
1567	210.8
1567	210.7
1567	210.8
1567	210.95
1567	210.8
1567	210.95
1566	211.25
1566	211.1
1567	211
1566	211.25
1566	211.1
1566	211.2
1566	211.25
1566	211.05
1566	211.15
1565	211.35
1565	211.25
1565	211.4
1565	211.5
1565	211.35
1565	211.5
1565	211.6
1564	211.65
1565	211.55
1565	211.65
1564	211.7
1564	211.8
1564	211.95
1564	211.75
1564	211.8
1564	211.9
1563	211.95
1563	212
1563	212.05
1563	211.95
1563	212.1
1562	212.15
1562	212
1563	212.1
1563	212.15
1562	212.1
1562	212.2
1562	212.25
1562	212.15
1562	212.35
1561	212.45
1561	212.3
1562	212.35
1561	212.5
1561	212.35
1561	212.5
1560	212.65
1561	212.35
1561	212.5
1560	212.75
1560	212.6
1560	212.85
1560	212.85
1560	212.75
1560	212.9
1559	213.15
1559	213
1560	212.95
1559	213.2
1559	213.05
1559	213.25
1559	213.25
1559	213.1
1559	213.2
1558	213.3
1558	213.15
1558	213.3
1558	213.35
1558	213.2
1558	213.35
1557	213.55
1557	213.4
1558	213.4
1557	213.65
1557	213.45
1557	213.65
1557	213.65
1557	213.5
1557	213.65
1556	214.05
1556	213.85
1556	214
1556	214.05
1556	213.85
1556	214
1556	214.1
1556	213.95
1556	214.1
1555	214.05
1555	213.95
1555	214.15
1555	214.2
1555	214
1555	214.2
1554	214.3
1554	214.15
1555	214.2
1554	214.35
1554	214.2
1554	214.3
1554	214.4
1554	214.25
1554	214.4
1553	214.45
1553	214.25
1553	214.4
1553	214.45
1553	214.3
1552	214.8
1552	214.85
1552	214.7
1553	214.55
1552	215
1551	214.8
1552	214.95
1552	214.95
1551	214.85
1552	215
1551	214.95
1552	214.85
1551	215.15
1551	215
1551	215.05
1551	215.2
1550	215.15
1550	215.2
1550	215.35
1550	215.2
1550	215.2
1550	215.4
1549	215.25
1549	215.25
1550	215.4
1549	215.2
1549	215.15
1549	215.3
1548	215.45
1549	215.2
1549	215.4
1548	215.6
1548	215.55
1548	215.8
1548	215.75
1548	215.6
1548	215.85
1547	215.9
1547	215.85
1548	215.9
1547	215.95
1547	215.85
1547	216
1547	215.9
1547	215.8
1547	216
1546	215.85
1546	215.8
1547	216
1546	215.95
1546	215.85
1546	216.05
1546	216.05
1546	215.9
1546	216.15
1545	216.4
1545	216.4
1545	216.5
1545	216.3
1545	216.45
1545	216.55
1545	216.35
1545	216.5
1545	216.6
1544	216.45
1544	216.55
1544	216.65
1544	216.55
1543	216.55
1544	216.75
1543	216.45
1544	216.65
1544	216.75
1542	216.75
1543	216.65
1543	216.75
1542	216.85
1543	216.8
1542	216.95
1542	216.85
1543	216.75
1541	217
1542	217
1542	217.1
1541	217.1
1541	217.25
1541	217.2
1541	217.2
1541	217.35
1540	217.2
1540	217.3
1541	217.4
1540	217.3
1540	217.35
1540	217.45
1540	217.3
1540	217.5
1539	217.35
1539	217.3
1540	217.5
1539	217.35
1539	217.3
1539	217.45
1539	217.3
1539	217.5
1538	217.7
1538	217.95
1538	217.95
1537	217.85
1538	217.95
1537	217.95
1537	217.8
1538	218
1537	218
1537	217.85
1537	218.05
1536	217.8
1536	217.9
1536	218.1
1536	217.9
1536	217.95
1536	218.1
1535	218.05
1536	218.05
1536	218.15
1535	218.05
1535	218.2
1535	218.3
1535	218.1
1535	218.3
1534	218.45
1535	218.15
1535	218.35
1534	218.5
1534	218.45
1534	218.6
1534	218.4
1534	218.4
1534	218.55
1533	218.425
1533	218.525
1533	218.625
1532	218.25
1533	218.425
1533	218.575
1532	218.2
1532	218.4
1532	218.25
1533	218.375
1532	218.5
1531	218.55
1532	218.45
1532	218.5
1531	218.55
1531	218.75
1531	218.75
1531	218.6
1531	218.85
1530	218.7
1531	218.8
1530	218.8
1530	218.75
1531	218.85
1530	218.85
1530	218.9
1529	218.9
1529	218.65
1530	219.05
1528	219.05
1529	218.85
1529	219
1528	219.15
1528	219.2
1528	219.4
1528	219.15
1528	219.35
1528	219.4
1528	219.15
1528	219.35
1528	219.45
1527	219.3
1528	219.45
1527	219.4
1527	219.4
1527	219.6
1527	219.4
1527	219.4
1527	219.65
1526	219.45
1526	219.35
1526	219.6
1526	219.5
1526	219.35
1526	219.55
1525	219.7
1525	219.5
1526	219.55
1525	219.75
1525	219.5
1525	219.75
1525	219.75
1524	219.95
1525	219.85
1524	219.9
1524	220.2
1524	219.9
1524	220.1
1524	220.25
1523	219.95
1523	220.1
1524	220.3
1523	219.95
1523	220.2
1523	220.3
1523	220.1
1523	220.25
1522	220.05
1522	220.2
1522	220.3
1521	220.2
1522	220.4
1521	220.25
1521	220.45
1521	220.55
1521	220.3
1521	220.45
1521	220.65
1520	220.55
1521	220.6
1520	220.85
1520	220.65
1520	220.85
1520	220.7
1520	220.9
1520	220.65
1520	220.7
1520	220.95
1519	220.75
1519	220.85
1519	221.05
1518	220.8
1518	221
1518	221.15
1518	220.85
1518	221.05
1517	221.3
1518	220.95
1517	221.35
1517	221.1
1518	221.15
1517	221.1
1517	221.3
1517	221.45
1517	221.15
1517	221.4
1516	221.45
1516	221.2
1516	221.4
1515	221.6
1516	221.25
1516	221.5
1515	221.65
1515	221.5
1515	221.8
1515	221.7
1515	221.5
1515	221.75
1514	221.7
1515	221.65
1514	221.95
1514	221.7
1515	221.9
1514	221.75
1514	222
1513	222
1514	221.8
1514	222
1513	221.85
1513	221.8
1514	222.05
1512	221.8
1512	221.8
1513	222.15
1512	221.95
1512	221.75
1512	222.05
1512	221.8
1512	222.05
1511	222.25
1512	221.9
1511	222.45
1510	222.15
1511	222.5
1510	222.2
1510	222.4
1510	222.45
1510	222.2
1510	222.5
1510	222.3
1510	222.35
1510	222.55
1509	222.25
1510	222.3
1510	222.6
1509	222.3
1509	222.5
1509	222.55
1509	222.2
1509	222.5
1509	222.6
1508	222.6
1508	222.9
1508	222.7
1508	222.95
1507	222.7
1508	222.9
1507	222.95
1507	222.75
1507	223
1506	223
1506	223.3
1506	223.05
1506	223.05
1506	223.3
1506	223
1506	223.35
1505	223.1
1505	223.3
1506	223.4
1505	223.05
1505	223.35
1505	223.4
1505	223.15
1505	223.5
1504	223.35
1504	223.25
1505	223.55
1503	223.6
1503	223.4
1504	223.55
1503	223.45
1503	223.7
1503	223.7
1503	223.55
1503	223.75
1503	223.4
1503	223.7
1502	223.75
1502	223.65
1502	223.9
1501	223.55
1502	223.9
1501	223.75
1501	223.75
1501	223.9
1501	223.55
1501	223.95
1500	223.8
1501	223.9
1500	223.9
1500	224
1500	224.2
1499	223.925
1500	224.25
1499	224.025
1499	224.075
1499	224.125
1499	223.875
1499	224.225
1498	223.85
1499	224.275
1498	224.1
1498	224.05
1498	224.1
1497	224.2
1498	224.3
1497	224.4
1497	224.55
1497	224.6
1497	224.25
1497	224.55
1496	224.2
1497	224.6
1496	224.25
1496	224.4
1496	224.5
1495	224.55
1496	224.45
1495	224.6
1495	224.75
1495	224.9
1495	224.55
1495	224.9
1494	224.6
1495	224.7
1494	224.9
1494	224.6
1494	224.8
1494	224.95
1493	224.65
1494	224.95
1492	224.85
1493	224.75
1493	224.95
1493	224.6
1493	225
1492	224.85
1493	224.95
1492	224.95
1492	224.9
1492	225.2
1491	224.95
1492	225.3
1491	225.1
1491	224.95
1491	225.25
1490	225.05
1491	225.25
1490	225.15
1490	225.35
1490	225.45
1490	225.15
1490	225.5
1490	225.15
1490	225.4
1489	225.6
1489	225.5
1489	225.7
1488	225.4
1489	225.7
1488	225.6
1488	225.65
1488	225.8
1488	225.4
1488	225.7
1488	225.75
1488	225.5
1488	225.8
1487	225.75
1487	225.7
1487	226
1487	225.75
1487	226.05
1486	225.8
1486	225.6
1487	226.1
1486	225.75
1486	225.65
1486	226
1485	225.8
1485	226.1
1485	225.85
1485	225.95
1485	226.2
1485	225.8
1485	226.25
1484	226.3
1485	226.05
1485	226.25
1484	226.05
1484	226.45
1483	226
1483	226.3
1483	226.15
1483	226.3
1483	226.35
1483	226
1483	226.4
1482	226.45
1482	226.25
1483	226.45
1482	226.45
1482	226.5
1481	226.55
1481	226.4
1482	226.7
1480	226.175
1481	226.55
1480	226.425
1480	226.275
1481	226.6
1480	226.175
1481	226.6
1480	226.425
1480	226.525
1480	226.625
1479	226.6
1480	226.725
1479	226.75
1479	226.95
1478	226.7
1479	226.8
1479	227.05
1478	226.6
1479	227.1
1478	226.9
1478	226.95
1478	227.05
1477	226.9
1477	227.25
1477	227.05
1477	227.15
1477	227.3
1477	227.25
1476	227.3
1476	227
1476	227.25
1475	227.3
1476	227.05
1476	227.45
1475	227.05
1476	227.4
1474	227.25
1475	227.25
1476	227.5
1474	227.15
1475	227.4
1474	227.35
1474	227.45
1474	227.6
1473	227.2
1473	227.6
1473	227.25
1473	227.4
1473	227.6
1473	227.4
1473	227.65
1472	227.55
1473	227.65
1472	227.5
1472	227.6
1473	227.7
1471	227.4
1472	227.8
1471	227.65
1471	227.65
1472	227.9
1470	227.45
1471	227.9
1470	227.7
1470	227.85
1470	227.6
1470	227.8
1470	227.85
1469	227.8
1470	227.95
1469	227.75
1469	228.1
1469	227.9
1469	228
1469	228.15
1468	227.9
1469	228.25
1467	228.15
1468	228.3
1467	228.25
1467	228.1
1468	228.35
1467	228.05
1467	228.5
1466	228.35
1466	228.25
1467	228.45
1465	228.1
1466	228.45
1465	228.3
1466	228.25
1466	228.5
1465	228.1
1465	228.5
1465	228.4
1465	228.45
1465	228.55
1465	228.2
1465	228.6
1464	228.35
1464	228.8
1464	228.7
1464	228.65
1463	228.65
1464	228.55
1464	228.85
1463	228.35
1463	228.8
1462	228.7
1463	228.8
1462	228.65
1463	228.8
1461	228.7
1462	229
1461	228.95
1461	229.05
1461	228.95
1461	229
1461	229.05
1460	228.9
1461	229.2
1460	228.65
1460	229
1460	228.75
1460	228.9
1459	229.15
1460	229.1
1459	229.2
1459	229.3
1458	229.05
1458	228.8
1458	229.25
1458	228.85
1458	229.2
1458	229.15
1458	229
1457	229.5
1457	229.15
1457	229.45
1456	229.2
1457	229.45
1457	229.6
1456	229.05
1457	229.65
1456	229.3
1456	229.35
1456	229.4
1455	229.1
1456	229.5
1455	229.3
1455	229.3
1455	229.55
1454	229.2
1455	229.6
1454	229.25
1454	229.35
1454	229.4
1454	229.1
1454	229.5
1453	229.5
1454	229.5
1453	229.55
1453	229.7
1453	229.8
1453	229.45
1453	229.95
1452	229.55
1453	230
1452	229.75
1452	229.95
1451	229.8
1451	230.1
1450	229.8
1451	229.85
1450	230
1451	229.8
1450	230
1450	229.95
1450	230.15
1450	229.9
1450	230.15
1449	229.6
1450	230.15
1448	229.9
1449	229.8
1448	230.1
1448	230.05
1448	230.2
1448	230.05
1448	230.35
1447	229.95
1448	230.3
1447	230.2
1447	230.25
1447	230.15
1447	230.2
1446	230.3
1446	230.25
1446	230.3
1445	229.95
1446	230.4
1445	229.9
1446	230.4
1445	230
1445	230.35
1444	230.3
1444	230.45
1444	230.5
1444	230.4
1444	230.45
1443	230.4
1444	230.6
1443	230.3
1444	230.55
1443	230.55
1443	230.5
1443	230.7
1442	230.35
1443	230.75
1442	230.35
1442	230.6
1441	230.5
1442	230.6
1441	230.45
1442	230.65
1441	230.45
1441	230.8
1440	230.65
1440	230.95
1440	230.7
1440	230.95
1439	230.65
1439	230.85
1438	230.65
1439	230.8
1438	230.7
1439	230.8
1439	230.65
1438	230.95
1438	230.85
1438	230.7
1438	231.05
1437	230.95
1438	231.2
1437	230.8
1437	231.2
1436	230.7
1437	231.2
1436	230.8
1436	231.05
1436	230.85
1436	230.95
1435	231.05
1435	231.3
1435	231.15
1434	230.85
1435	231.35
1434	230.7
1435	231.35
1434	230.75
1434	231
1434	231.05
1434	230.9
1433	231.45
1433	231.35
1433	231.45
1433	231.25
1433	231.5
1432	231.1
1433	231.55
1432	231.05
1433	231.6
1431	231.25
1432	231.4
1431	231.4
1431	231.6
1430	231.4
1431	231.5
1431	231.6
1431	231.5
1430	231.5
1430	231.5
1429	231.75
1430	231.5
1429	231.8
1429	231.7
1428	231.65
1428	231.25
1429	231.8
1428	231.25
1428	231.65
1428	231.25
1428	231.65
1427	231.6
1427	232
1427	231.75
1427	232
1426	231.7
1427	232.05
1426	231.7
1426	232.05
1425	231.45
1426	232
1425	231.45
1425	231.8
1424	231.35
1425	231.8
1424	231.4
1424	231.7
1424	231.5
1424	231.75
1423	231.275
1424	231.7
1423	231.325
1423	231.625
1422	231.85
1423	231.675
1422	231.9
1422	232.15
1421	232.1
1422	232.2
1421	232.15
1421	231.95
1422	232.25
1421	231.95
1421	232.35
1420	231.95
1421	232.35
1420	232.05
1420	232.45
1420	232.05
1420	232.4
1419	232.2
1419	232.5
1419	232.05
1419	232.45
1418	232.25
1419	232.45
1418	232.25
1418	232.65
1418	232.6
1418	232.55
1418	232.65
1417	232.5
1417	232.55
1417	232.45
1416	232.7
1416	232.55
1416	232.7
1416	232.7
1415	232.55
1416	232.7
1415	232.6
1415	232.7
1414	232.95
1414	232.95
1414	232.85
1414	232.95
1413	232.55
1413	232.8
1413	232.5
1413	232.85
1412	232.6
1413	232.95
1412	232.65
1413	232.95
1412	232.7
1412	233
1411	232.85
1410	232.75
1411	232.9
1410	232.65
1411	232.9
1410	232.65
1410	233.05
1409	232.6
1410	233.05
1409	232.55
1409	232.9
1409	232.8
1409	232.9
1408	232.95
1408	233.1
1408	232.95
1408	233.05
1407	232.75
1407	232.95
1407	232.75
1407	233
1407	232.7
1407	233
1406	232.95
1406	233.1
1406	233.15
1405	232.8
1406	233.15
1406	233.15
1405	232.95
1405	232.95
1405	233
1404	233.25
1404	233
1405	233.2
1404	233.05
1404	233.4
1403	233.1
1404	233.45
1403	232.95
1403	233.35
1403	233.05
1403	233.45
1402	233.2
1402	233.55
1401	233.2
1402	233.55
1401	233.15
1401	233.5
1401	233.25
1401	233.5
1400	233.2
1401	233.6
1400	233.2
1400	233.6
1399	233.3
1400	233.65
1399	233.35
1399	233.65
1398	233.25
1399	233.65
1398	233.35
1399	233.7
1397	233.3
1398	233.7
1397	233.3
1398	233.7
1397	233.3
1397	233.65
1397	233.3
1397	233.6
1396	233.45
1396	233.3
1396	233.6
1395	233.4
1396	233.65
1395	233.45
1395	233.8
1395	233.4
1395	233.75
1394	233.4
1395	233.75
1394	233.4
1394	233.75
1393	233.35
1394	233.75
1393	233.45
1393	233.7
1392	233.35
1392	233.55
1392	233.4
1392	233.4
1392	233.4
1391	233.85
1391	233.85
1391	233.8
1391	233.8
1391	233.95
1390	233.75
1390	233.9
1390	233.9
1390	234.05
1389	233.7
1390	234.05
1389	233.8
1389	234.1
1389	233.8
1389	234.1
1388	233.95
1389	234.1
1388	234
1388	234.2
1387	234.05
1387	234.25
1387	234.05
1387	234.3
1387	234.2
1386	234.25
1386	234.15
1385	234.15
1385	234.3
1385	233.95
1385	234.2
1384	234.05
1385	234.3
1384	234.1
1385	234.35
1384	234.25
1384	234.25
1384	234.3
1384	234.3
1383	234.3
1383	234.25
1383	234.4
1383	234.25
1382	234.375
1382	234.125
1382	234.425
1381	234.3
1382	234.375
1381	234.35
1382	234.375
1381	234.2
1381	234.55
1380	233.95
1381	234.55
1380	233.95
1380	234.3
1379	234.35
1380	234.4
1379	234.35
1379	234.55
1379	234.5
1379	234.45
1378	234.55
1379	234.5
1378	234.65
1378	234.55
1378	234.75
1377	234.475
1377	234.625
1377	234.475
1377	234.575
1376	234.4
1377	234.625
1376	234.3
1376	234.7
1375	234.25
1376	234.7
1375	234.3
1376	234.75
1374	234.5
1375	234.65
1374	234.55
1374	234.85
1374	234.5
1374	234.85
1373	234.45
1373	234.7
1373	234.6
1373	234.65
1372	234.8
1373	234.55
1373	234.7
1372	234.65
1372	234.85
1371	234.55
1372	234.9
1371	234.5
1371	234.75
1371	234.45
1371	234.85
1370	234.8
1370	234.95
1369	234.85
1369	234.85
1369	234.85
1369	234.8
1369	234.85
1368	234.75
1369	234.9
1368	234.85
1368	234.85
1367	234.95
1368	234.85
1368	234.95
1367	234.7
1368	235
1367	234.65
1367	235.1
1366	234.7
1367	235.1
1366	234.75
1366	235.1
1365	234.55
1366	235.15
1365	234.6
1366	235.1
1364	234.7
1365	235
1364	234.65
1365	235
1364	234.7
1364	235.1
1363	234.85
1364	235.15
1363	234.9
1363	235.25
1362	234.8
1363	235.2
1362	234.8
1362	235.2
1361	234.85
1362	235.15
1361	234.8
1362	235.2
1360	234.75
1361	235.2
1360	234.7
1361	235.25
1360	234.75
1360	235.1
1360	234.85
1359	235.15
1358	235.2
1358	234.95
1359	235.25
1358	234.95
1358	235.35
1358	235
1358	235.35
1357	235
1357	235.3
1357	234.95
1357	235.35
1356	235.05
1357	235.4
1356	235.1
1356	235.3
1355	235.25
1355	235.3
1355	235.25
1355	235.3
1354	235.05
1355	235.35
1354	234.85
1354	235.1
1354	234.9
1354	235.1
1353	235.4
1352	235.4
1353	235.4
1352	235.35
1352	235.45
1351	235.2
1352	235.45
1351	235.25
1351	235.5
1350	235.2
1351	235.55
1350	235.2
1350	235.5
1349	235.2
1350	235.55
1349	235.1
1350	235.55
1349	235.1
1349	235.5
1349	235.35
1348	235.4
1348	235.35
1348	235.4
1347	235.5
1347	235.25
1347	235.5
1346	235.25
1347	235.5
1346	235.2
1346	235.55
1345	235.3
1346	235.5
1345	235.25
1345	235.5
1345	235.5
1345	235.35
1345	235.4
1345	235.5
1344	235.55
1344	235.7
1343	235.1
1344	235.65
1343	235.1
1344	235.65
1343	235.15
1343	235.5
1342	235.3
1343	235.55
1342	235.3
1342	235.75
1341	235.3
1342	235.7
1341	235.35
1342	235.7
1340	235.3
1341	235.75
1340	235.3
1340	235.75
1339	235.35
1340	235.65
1339	235.3
1340	235.65
1339	235.3
1339	235.7
1338	235.45
1339	235.8
1338	235.45
1339	235.8
1337	235.4
1338	235.9
1337	235.35
1337	235.75
1336	235.4
1337	235.75
1336	235.65
1336	235.7
1335	235.7
1336	235.65
1336	235.75
1335	235.55
1336	235.85
1335	235.5
1335	235.9
1334	235.4
1335	235.95
1334	235.45
1334	235.85
1333	235.55
1334	235.85
1332	235.55
1333	235.95
1332	235.5
1332	235.9
1331	235.45
1332	235.9
1331	235.45
1332	235.8
1331	235.5
1331	235.8
1331	235.75
1331	235.6
1330	235.95
1330	235.85
1330	235.9
1330	235.9
1329	235.9
1329	235.8
1329	235.95
1329	235.75
1330	236.05
1328	235.6
1329	236
1328	235.65
1328	236
1327	235.6
1328	235.95
1327	235.6
1327	236
1326	235.8
1327	236
1326	235.8
1326	236.2
1325	235.75
1325	236.05
1325	235.6
1325	236.05
1324	235.55
1325	236
1324	235.6
1325	236.1
1324	235.6
1324	236
1323	235.8
1324	236
1323	235.75
1323	236.15
1322	235.65
1323	236.15
1322	235.75
1322	236.1
1321	235.75
1322	236.1
1321	235.85
1321	236
1320	235.85
1321	236.05
1320	235.9
1320	236.1
1319	235.95
1320	236.15
1319	235.95
1319	235.95
1320	236.2
1319	235.95
1318	236.15
1318	235.85
1318	236.2
1317	235.9
1318	236.15
1317	235.85
1318	236.15
1317	235.8
1317	236.2
1316	235.8
1317	236.25
1316	235.85
1317	236.2
1315	235.85
1316	236.2
1315	235.8
1316	236.15
1314	235.85
1315	236.25
1314	235.9
1315	236.3
1313	235.85
1314	236.25
1313	235.85
1314	236.2
1312	235.6
1313	236.2
1312	235.6
1313	236.2
1312	235.6
1312	236.05
1311	235.75
1312	236.1
1311	235.8
1311	236.15
1310	235.8
1311	236.15
1309	235.75
1310	236.05
1310	235.7
1310	236.15
1309	235.85
1309	236.25
1309	235.85
1309	236.2
1308	235.75
1308	236.1
1308	235.75
1308	236.05
1307	235.8
1307	236.15
1307	235.9
1307	236.15
1306	235.7
1306	235.8
1306	235.85
1305	235.95
1306	235.8
1304	235.85
1305	236
1304	235.85
1305	236
1304	235.8
1304	236.05
1303	235.9
1304	236.15
1303	235.8
1303	236.2
1302	235.6
1303	236.15
1302	235.55
1303	236.2
1302	235.6
1302	236
1301	235.85
1301	236.25
1301	235.9
1301	236.2
1300	235.9
1300	236.15
1300	235.95
1300	236.15
1299	236
1299	236.1
1299	236.1
1298	235.925
1299	236.2
1298	235.775
1298	236.125
1297	235.8
1298	236.125
1297	235.85
1298	236.175
1296	235.8
1297	236.3
1296	235.8
1296	236.15
1295	235.7
1296	236.05
1295	235.7
1295	236
1295	235.8
1295	236.05
1294	235.9
1294	236.05
1294	235.95
1294	236.15
1293	235.8
1293	236
1293	235.85
1292	236.05
1293	235.85
1292	236.1
1292	235.95
1291	236.05
1292	236.1
1291	236
1291	236.05
1291	236.1
1291	236.05
1290	235.95
1291	236.1
1290	236
1290	236
1289	235.9
1289	236.15
1288	235.9
1289	236.15
1288	235.9
1288	236.05
1287	235.9
1288	236.05
1287	235.85
1287	235.95
1286	235.7
1287	236.05
1286	235.8
1287	236.15
1285	235.75
1286	236
1285	235.75
1286	235.95
1285	235.7
1285	236
1284	235.8
1285	236
1284	235.9
1284	236.05
1283	236.05
1284	236
1283	236.05
1283	236.1
1283	236.05
1283	236.05
1282	236.05
1283	236.15
1282	236.05
1282	236.2
1281	236.05
1281	236.05
1280	236
1281	235.95
1280	235.95
1280	235.95
1280	235.95
1280	236
1279	235.9
1280	236.15
1279	235.95
1279	236.2
1278	235.8
1278	236
1277	235.8
1278	235.95
1277	235.75
1278	236
1277	235.75
1277	236.2
1276	235.7
1277	236.2
1276	235.65
1277	236.2
1275	235.55
1276	236.05
1275	235.55
1276	236.05
1275	235.6
1275	236
1274	235.65
1274	236
1273	235.65
1274	235.9
1272	235.45
1273	235.9
1272	235.4
1273	235.95
1272	235.5
1273	235.95
1271	235.8
1272	235.85
1271	235.75
1272	235.8
1270	235.7
1271	236.1
1270	235.7
1270	235.95
1269	235.75
1270	235.95
1269	235.75
1269	235.95
1268	235.5
1269	235.85
1268	235.6
1268	235.55
1267	235.75
1268	235.55
1268	235.65
1268	235.55
1267	235.95
1267	235.85
1266	235.95
1266	235.8
1266	235.9
1266	235.7
1265	235.95
1265	235.8
1265	236
1265	235.75
1265	235.95
1265	235.85
1264	235.75
1264	235.75
1263	235.95
1263	235.75
1263	235.85
1263	235.75
1263	235.8
1263	235.7
1262	235.8
1262	235.9
1261	235.6
1261	235.7
1261	235.6
1261	235.8
1260	235.6
1261	235.75
1260	235.5
1261	235.75
1259	235.45
1260	235.95
1259	235.5
1259	235.95
1258	235.55
1259	235.9
1258	235.5
1259	235.8
1258	235.45
1258	235.85
1257	235.4
1258	235.9
1257	235.4
1257	235.9
1256	235.5
1257	235.9
1256	235.5
1256	235.8
1255	235.35
1256	235.75
1255	235.35
1255	235.65
1254	235.35
1255	235.75
1254	235.4
1254	235.8
1253	235.55
1254	235.8
1253	235.45
1254	235.75
1253	235.5
1253	235.85
1252	235.45
1252	235.85
1251	235.2
1251	235.5
1251	235.2
1251	235.35
1251	235.15
1251	235.25
1251	235.2
1250	235.6
1250	235.25
1250	235.75
1249	235.45
1249	235.8
1249	235.55
1248	235.55
1248	235.6
1247	235.4
1248	235.6
1247	235.4
1248	235.65
1247	235.35
1247	235.75
1246	235.35
1247	235.7
1245	235.25
1246	235.65
1245	235.2
1246	235.6
1245	235.15
1245	235.55
1244	235.2
1244	235.55
1243	235.1
1244	235.5
1243	235.1
1243	235.1
1243	235
1243	235.05
1242	235.25
1242	235.3
1242	235.45
1242	235.35
1241	235.4
1242	235.35
1241	235.25
1241	235.35
1240	235.2
1241	235.35
1239	235.15
1240	235.45
1239	235.2
1240	235.45
1239	235.15
1239	235.45
1238	235.05
1239	235.45
1238	235
1239	235.5
1238	235
1238	235.45
1237	234.8
1238	235.45
1236	235
1237	235.15
1236	234.95
1236	235.35
1235	235.05
1236	235.35
1235	235
1236	235.3
1235	235.05
1235	235.35
1234	235.05
1235	235.4
1233	234.95
1234	235.5
1233	234.95
1233	235.3
1233	234.9
1233	235.2
1232	234.8
1233	235.25
1232	234.85
1232	235.3
1231	235.1
1232	235.35
1231	235
1231	235.4
1230	234.9
1231	235.4
1230	235
1230	235.35
1229	234.75
1229	235.1
1229	234.7
1229	235.1
1229	234.8
1229	235.15
1228	234.85
1228	235.2
1227	235
1227	235.35
1227	234.95
1227	235.35
1226	234.95
1226	235.2
1226	234.9
1226	235.2
1225	234.8
1226	235.2
1225	234.85
1225	235.2
1224	234.8
1225	235.2
1224	234.8
1224	235.1
1223	234.8
1224	235.15
1223	234.8
1223	235.2
1222	234.75
1222	235.05
1222	234.85
1221	234.9
1221	234.8
1221	234.8
1221	234.8
1220	234.65
1221	234.85
1220	234.75
1220	234.6
1220	234.9
1220	234.65
1219	234.95
1219	234.75
1219	234.95
1218	234.7
1218	234.9
1218	234.65
1218	234.95
1217	234.55
1218	235.05
1217	234.55
1217	234.95
1217	234.5
1217	234.85
1216	234.45
1217	234.85
1215	234.3
1216	234.95
1214	234.45
1215	234.75
1214	234.55
1215	234.7
1214	234.55
1214	234.6
1214	234.55
1214	234.55
1213	234.85
1213	234.6
1213	234.9
1213	234.6
1213	234.9
1212	234.55
1212	234.9
1211	234.5
1212	234.9
1211	234.45
1211	234.85
1210	234.3
1211	234.75
1210	234.35
1210	234.55
1209	234.35
1210	234.6
1208	234.55
1209	234.6
1208	234.65
1209	234.6
1208	234.75
1208	234.7
1208	234.8
1208	234.65
1207	234.7
1207	234.4
1207	234.7
1207	234.4
1207	234.7
1206	234.4
1207	234.7
1206	234.3
1206	234.7
1205	234.25
1206	234.7
1204	234
1205	234.65
1204	234
1205	234.6
1203	234.25
1204	234.35
1202	234.2
1203	234.5
1202	234.2
1203	234.45
1202	234.3
1202	234.35
1202	234.45
1202	234.25
1201	234.4
1201	234.3
1201	234.5
1201	234.2
1201	234.5
1200	234.15
1200	234.4
1199	234.05
1200	234.4
1199	234
1199	234.4
1198	234.05
1199	234.4
1197	233.95
1198	234.45
1197	233.95
1197	234.3
1196	234
1197	234.25
1196	234
1197	234.15
1196	234.1
1196	234.15
1196	234.25
1196	234
1196	234.3
1195	233.8
1195	234.15
1194	233.9
1195	234.05
1194	233.85
1195	234.05
1193	233.8
1194	234.25
1192	233.9
1193	234.2
1192	233.95
1193	234.15
1191	233.9
1192	234.1
1191	233.85
1192	234.05
1191	233.9
1191	234.1
1190	233.95
1190	234
1190	234
1190	233.95
1189	233.95
1189	233.85
1189	233.95
1189	233.75
1189	234
1188	233.55
1188	233.85
1188	233.5
1188	233.9
1187	233.65
1187	233.95
1187	233.55
1187	234
1186	233.55
1187	233.95
1186	233.6
1186	234
1185	233.5
1186	233.95
1184	233.65
1185	233.7
1184	233.6
1184	233.75
1183	233.35
1184	233.75
1183	233.35
1184	233.75
1182	233.6
1183	233.55
1182	233.55
1182	233.55
1182	233.55
1182	233.55
1181	233.55
1181	233.5
1181	233.7
1181	233.4
1181	233.7
1180	233.3
1181	233.7
1180	233.25
1180	233.6
1179	233.2
1180	233.65
1179	233.25
1180	233.65
1178	233.35
1179	233.75
1177	233.3
1178	233.65
1176	233.4
1177	233.4
1176	233.35
1177	233.4
1176	233.4
1177	233.4
1176	233.65
1176	233.35
1176	233.65
1175	233.25
1176	233.6
1175	233.2
1176	233.6
1174	233.2
1175	233.6
1173	233.45
1174	233.55
1173	233.4
1174	233.5
1173	233.4
1173	233.55
1172	233.35
1172	233.4
1172	233.45
1172	233.25
1172	233.5
1171	233.3
1171	233.6
1170	233.15
1171	233.55
1170	233.05
1171	233.45
1169	233.1
1170	233.4
1169	233.2
1169	233.5
1168	233.2
1169	233.45
1168	233.25
1168	233.2
1168	233.3
1168	233.1
1167	233.4
1167	233.1
1167	233.45
1167	233.1
1167	233.45
1166	233.2
1166	233.5
1165	233.05
1166	233.45
1165	233
1166	233.4
1164	232.95
1165	233.4
1164	233
1165	233.45
1163	233.05
1164	233.4
1162	233
1163	233.3
1162	232.9
1163	233.2
1161	232.95
1162	233.15
1161	233
1161	233.15
1160	233.05
1161	233.1
1160	233.15
1161	233.05
1160	233.15
1160	232.9
1160	233.2
1159	232.85
1160	233.25
1159	232.85
1159	233.25
1158	232.8
1159	233.2
1157	232.6
1158	233.05
1157	232.6
1158	233.05
1156	232.7
1157	232.9
1156	232.85
1157	232.9
1155	232.9
1156	232.9
1155	232.95
1155	232.65
1155	232.9
1155	232.65
1155	233
1154	232.65
1155	233.1
1153	232.75
1154	233
1153	232.65
1153	233.05
1153	232.65
1153	233.05
1152	232.5
1153	233
1151	232.55
1152	232.85
1150	232.6
1151	232.8
1150	232.65
1151	232.8
1149	232.8
1150	232.8
1149	232.85
1150	232.75
1149	232.85
1149	232.5
1149	232.9
1148	232.45
1149	232.85
1147	232.5
1148	232.75
1147	232.55
1148	232.7
1147	232.6
1147	232.75
1146	232.5
1146	232.5
1146	232.55
1146	232.45
1145	232.55
1145	232.45
1145	232.55
1145	232.4
1144	232.65
1144	232.45
1144	232.65
1144	232.45
1143	232.6
1143	232.25
1144	232.65
1143	232.3
1143	232.7
1142	232.2
1143	232.7
1141	232.2
1142	232.55
1141	232.2
1141	232.55
1140	232.15
1141	232.5
1140	232.15
1141	232.55
1139	232.1
1140	232.5
1139	232.1
1139	232.4
1138	232.2
1139	232.45
1137	232.35
1138	232.45
1137	232.3
1137	232.35
1137	232.35
1137	232.25
1136	232.25
1136	232
1136	232.25
1136	232
1136	232.3
1135	231.85
1136	232.3
1134	231.9
1135	232.25
1134	232
1135	232.2
1133	231.85
1134	232.3
1132	232
1133	232.1
1132	231.9
1133	232.05
1132	231.95
1132	232.2
1131	231.9
1132	232.2
1130	231.85
1131	232.1
1130	231.9
1130	232.05
1129	231.9
1130	231.95
1129	231.8
1130	231.9
1128	231.95
1129	231.9
1128	232
1128	231.85
1128	232.1
1128	231.8
1128	232.05
1127	231.65
1128	232.05
1126	231.45
1127	232.05
1125	231.7
1126	231.8
1125	231.7
1126	231.7
1125	231.75
1125	231.75
1124	231.65
1125	231.75
1124	231.8
1124	231.65
1124	231.85
1124	231.6
1124	231.85
1123	231.5
1124	231.85
1122	231.4
1123	231.85
1121	231.35
1122	231.75
1121	231.35
1122	231.75
1120	231.55
1121	231.6
1120	231.55
1121	231.6
1120	231.6
1120	231.55
1119	231.7
1119	231.5
1119	231.75
1118	231.35
1119	231.75
1117	231.2
1118	231.6
1117	231.25
1118	231.5
1117	231.3
1117	231.3
1117	231.4
1117	231.25
1117	231.5
1116	231.1
1117	231.55
1115	231
1116	231.4
1114	230.95
1115	231.3
1114	230.95
1115	231.3
1113	231.25
1114	231.2
1113	231.4
1113	231.35
1113	231.4
1113	231.35
1113	231.45
1113	231.25
1112	231.45
1111	231.35
1112	231.45
1111	231.25
1112	231.4
1110	231.3
1111	231.55
1109	231.45
1110	231.5
1109	231.5
1110	231.5
1109	231.6
1109	231.5
1109	231.7
1108	231.3
1108	231.6
1108	231.25
1108	231.6
1107	231.25
1108	231.6
1106	231.15
1107	231.55
1105	231.3
1106	231.4
1105	231.45
1106	231.35
1105	231.5
1105	231.35
1105	231.6
1105	231.3
1105	231.6
1104	231.15
1104	231.5
1103	231.2
1104	231.45
1103	231.2
1103	231.45
1102	231.1
1103	231.45
1101	230.9
1102	231.4
1101	230.95
1102	231.35
1100	231.2
1101	231.2
1100	231.05
1101	231.15
1099	231.2
1100	231.3
1099	231.25
1100	231.3
1098	231.1
1099	231.3
1097	230.9
1099	231.25
1097	230.9
1098	231.25
1096	231.05
1097	231.05
1096	231.2
1096	231.1
1096	231.2
1096	230.9
1096	231.15
1096	230.85
1096	231.2
1094	230.8
1095	231.2
1094	230.8
1095	231.1
1094	231
1094	230.95
1093	231.05
1093	230.75
1094	231.1
1092	230.75
1093	231.05
1091	230.8
1092	231.1
1091	230.95
1092	230.95
1091	230.95
1091	230.8
1091	230.95
1090	230.55
1091	230.95
1090	230.5
1090	230.9
1089	230.75
1089	230.9
1088	230.75
1089	230.8
1089	230.9
1089	230.7
1089	230.95
1088	230.55
1088	230.85
1086	230.45
1087	230.55
1086	230.45
1087	230.5
1086	230.6
1086	230.6
1086	230.7
1086	230.45
1086	230.75
1085	230.55
1085	230.9
1084	230.45
1085	230.85
1083	230.55
1084	230.7
1083	230.75
1083	230.45
1084	230.75
1082	230.35
1083	230.8
1081	230.25
1082	230.6
1081	230.45
1081	230.25
1081	230.4
1081	230.1
1082	230.55
1080	230.25
1081	230.45
1080	230.3
1080	230.6
1079	230.3
1080	230.55
1079	230.45
1079	230.4
1079	230.5
1078	230.15
1079	230.55
1077	230.1
1078	230.45
1076	230.2
1077	230.35
1076	230.35
1077	230.25
1076	230.45
1076	230.2
1076	230.45
1075	230
1076	230.4
1074	229.95
1075	230.25
1073	230.2
1074	229.85
1074	230.05
1074	229.75
1074	230.05
1073	229.9
1074	230.1
1072	229.9
1073	230.25
1071	230.05
1072	230.05
1071	230.15
1071	229.9
1072	230.15
1070	229.7
1071	230.1
1069	229.75
1070	229.95
1069	229.9
1070	229.8
1069	229.95
1069	229.65
1069	229.95
1068	229.35
1069	229.9
1068	229.45
1068	229.55
1067	229.75
1068	229.55
1067	229.85
1066	229.6
1067	229.75
1066	229.45
1067	229.7
1065	229.5
1066	229.8
1065	229.6
1065	229.7
1064	229.7
1065	229.7
1064	229.75
1064	229.55
1064	229.7
1064	229.45
1064	229.7
1063	229.35
1064	229.75
1062	229.2
1063	229.6
1061	229.6
1062	229.3
1062	229.55
1061	229.3
1062	229.5
1060	229.35
1061	229.55
1060	229.6
1060	229.5
1060	229.6
1059	229.3
1060	229.55
1059	229.15
1060	229.5
1058	229.1
1059	229.45
1057	229.15
1058	229.3
1058	229.4
1057	229.05
1058	229.4
1057	229
1057	229.3
1055	228.9
1056	229.25
1055	229
1056	229.1
1055	229.15
1055	228.85
1055	229.15
1054	228.8
1055	229.1
1053	228.85
1054	229.1
1053	228.95
1054	229.15
1053	229.1
1053	229
1052	229.2
1052	228.9
1052	229.15
1051	228.75
1052	229.15
1051	228.85
1051	229
1050	229.05
1051	228.95
1050	229.05
1050	228.8
1050	229.05
1049	228.55
1050	229.05
1049	228.55
1049	228.9
1047	228.7
1048	228.9
1047	228.85
1048	228.75
1047	228.9
1047	228.6
1047	228.9
1046	228.5
1047	228.8
1045	228.6
1046	228.65
1045	228.75
1045	228.6
1045	228.8
1044	228.45
1045	228.75
1043	228.45
1045	228.7
1043	228.6
1044	228.6
1043	228.7
1043	228.6
1043	228.7
1043	228.45
1043	228.75
1042	228.25
1042	228.55
1040	228.3
1042	228.45
1040	228.45
1041	228.45
1040	228.55
1040	228.3
1040	228.55
1040	228.2
1040	228.55
1039	228.1
1039	228.45
1038	228.2
1039	228.35
1038	228.35
1038	228.25
1037	228.35
1036	228.1
1037	228.25
1036	228
1038	228.2
1036	228.25
1037	228.1
1035	228.35
1036	228.2
1035	228.35
1035	228.05
1035	228.35
1034	228.15
1035	228.25
1034	228.25
1034	228.3
1034	228.35
1033	228
1034	228.45
1032	227.8
1033	228.25
1031	227.85
1032	228
1031	228
1032	227.9
1031	228.1
1031	227.8
1031	228.1
1030	227.5
1030	227.75
1029	227.85
1030	227.65
1029	227.85
1029	227.75
1029	227.95
1029	227.65
1029	228
1027	227.75
1028	228.05
1027	227.85
1028	227.95
1027	227.95
1027	227.75
1027	228
1026	227.65
1027	228
1025	227.7
1026	227.9
1024	227.7
1025	227.75
1025	227.9
1025	227.6
1025	227.85
1023	227.45
1024	227.85
1022	227.7
1023	227.65
1022	227.75
1022	227.45
1023	227.65
1021	227.3
1022	227.65
1021	227.4
1022	227.55
1021	227.6
1021	227.4
1021	227.65
1020	227.35
1021	227.6
1019	227.05
1020	227.5
1019	227.25
1019	227.2
1019	227.4
1019	227.05
1019	227.3
1018	227.25
1018	227.45
1017	227.45
1018	227.35
1017	227.55
1017	227.25
1018	227.55
1016	227.25
1017	227.5
1015	227.5
1016	227.35
1016	227.5
1015	227.25
1016	227.45
1014	227.2
1015	227.5
1014	227.35
1014	227.2
1014	227.4
1013	227.1
1013	227.35
1012	227.1
1013	227.25
1012	227.2
1013	227.15
1012	227.35
1012	227.05
1012	227.35
1010	227
1011	227.15
1010	227.1
1010	226.95
1010	227.15
1009	226.75
1011	227.2
1009	226.9
1010	227.15
1009	227.1
1009	226.85
1008	226.983
1007	226.7
1008	226.983
1007	226.8
1008	226.933
1007	227
1007	226.85
1007	227
1006	226.65
1007	226.9
1005	226.45
1006	226.9
1004	226.8
1005	226.5
1005	226.7
1004	226.5
1005	226.65
1003	226.6
1004	226.7
1003	226.75
1003	226.65
1003	226.85
1002	226.5
1003	226.85
1001	226.5
1002	226.7
1001	226.65
1001	226.5
1001	226.7
1001	226.4
1001	226.7
999	226.45
1001	226.6
999	226.5
1000	226.6
1000	226.75
999	226.45
999	226.75
997	226.35
999	226.65
998	226.55
998	226.45
997	226.6
997	226.3
998	226.6
996	226.35
997	226.45
996	226.55
996	226.4
996	226.6
995	226.15
996	226.5
994	226.3
995	226.25
995	226.45
994	226.25
994	226.45
993	226.2
994	226.35
992	226.1
993	226.3
993	226.4
992	226.05
993	226.4
991	226.05
992	226.25
991	226.2
991	226.1
991	226.3
990	226
991	226.2
990	226.1
990	226.05
990	226.2
989	225.75
990	226.3
988	225.85
989	226.05
988	226
988	225.9
987	226.05
988	225.75
988	226.05
986	225.65
987	225.95
986	225.85
986	225.6
987	226
985	225.75
986	225.75
985	225.9
985	225.8
985	226
985	225.65
985	225.95
983	225.6
984	225.85
983	225.7
983	225.5
984	225.9
982	225.5
983	225.55
982	225.7
982	225.5
982	225.8
981	225.55
982	225.7
980	225.2
981	225.6
981	225.8
980	225.05
981	225.8
979	225.25
980	225.3
979	225.45
979	225.25
979	225.4
978	225.117
979	225.35
977	225.4
978	225.267
978	225.367
977	225.3
977	225.6
976	225.15
977	225.5
975	225.25
976	225.3
975	225.35
975	225.25
975	225.4
974	225.15
975	225.4
973	225.05
974	225.25
974	225.35
973	224.95
974	225.35
972	225.15
973	225.1
972	225.35
972	225.2
972	225.4
970	225.05
972	225.25
970	225.1
971	224.8
971	225
970	224.95
971	224.95
969	225.1
970	225.1
969	225.2
969	224.95
969	225.15
968	224.8
969	225.1
968	225
968	224.95
967	225.05
967	224.8
967	225.05
965	224.75
967	224.95
966	224.9
967	224.85
966	224.95
965	224.75
966	224.9
965	224.8
966	224.8
966	225.05
965	224.85
965	225.2
963	224.9
965	225.1
964	225
964	224.8
964	225.05
963	224.9
963	225.2
961	224.85
963	225.1
962	225.2
962	225
962	225.25
960	224.8
961	224.95
960	224.95
961	224.8
960	225.1
959	224.7
960	225.05
958	224.8
959	224.8
958	224.9
958	224.65
959	224.85
956	224.65
957	224.65
955	224.65
957	224.4
957	224.5
957	224.25
957	224.6
954	224.6
956	224.7
955	224.65
955	224.45
955	224.65
954	224.45
954	224.7
953	224.6
954	224.5
954	224.65
953	224.4
953	224.65
951	224.35
952	224.35
952	224.5
951	224.1
952	224.45
950	224.25
951	224.3
950	224.4
950	224.1
951	224.35
949	224.1
950	224.3
948	224.05
949	224.2
948	224.05
949	224.05
949	224.25
947	223.9
948	224.05
946	224.1
947	223.85
947	224.05
946	223.85
947	224
946	224.1
946	223.95
946	224.15
945	223.65
946	224.1
944	224
945	223.7
944	224.05
943	223.6
944	223.95
942	223.7
944	223.85
943	223.75
942	223.65
943	223.8
941	223.6
942	223.75
941	223.7
941	223.45
942	223.9
940	223.4
941	223.6
940	223.55
940	223.35
941	223.75
939	223.6
940	223.5
939	223.75
939	223.5
939	223.75
937	223.55
939	223.6
938	223.55
938	223.35
938	223.65
936	223.45
937	223.7
936	223.6
937	223.5
937	223.75
935	223.55
936	223.5
935	223.65
935	223.5
935	223.7
933	223.4
934	223.55
933	223.5
934	223.4
934	223.6
933	223.3
934	223.6
932	223.35
932	223.15
932	223.35
931	223.15
933	223.5
931	223.3
932	223.2
931	223.4
930	223.15
931	223.3
929	223.15
930	223.15
930	223.3
929	222.95
930	223.3
928	223.3
929	223.05
929	223.35
928	223.2
928	223.4
927	223.3
927	223.05
927	223.25
926	223
927	223.1
927	223.2
926	223.05
927	223.25
924	222.8
926	223.2
924	222.95
925	222.75
925	222.95
923	222.95
925	222.95
923	223.05
924	222.75
924	222.9
922	222.7
923	223.1
921	222.75
922	222.75
922	222.95
921	222.55
922	222.85
921	222.7
921	222.55
921	222.8
919	222.5
920	222.8
919	222.55
920	222.6
920	222.8
918	222.55
919	222.6
918	222.7
918	222.55
919	222.65
917	222.4
918	222.7
917	222.55
917	222.4
917	222.55
915	222.35
917	222.45
916	222.6
916	222.4
916	222.6
914	222.25
915	222.35
914	222.35
915	222.25
915	222.5
912	222.35
914	222.3
913	222.35
913	222.15
914	222.35
911	222
912	222.3
912	222.4
911	221.85
912	222.35
910	222.1
911	222
911	222.05
910	222.1
911	222.05
909	222
910	222.15
909	222.15
909	221.9
910	222.2
907	221.95
909	222.1
908	221.85
908	221.7
908	221.9
906	221.6
907	221.95
906	221.75
907	221.75
907	222
905	221.5
906	221.7
905	221.7
905	221.45
905	221.6
903	221.5
905	221.55
904	221.85
903	221.5
904	221.8
902	221.35
903	221.5
903	221.6
902	221.25
903	221.6
901	221.45
902	221.4
901	221.55
900	221.2
902	221.4
900	221.35
901	221.35
901	221.5
899	221
900	221.35
899	221.15
900	221.2
899	221.25
897	221.2
899	221.15
898	221.35
897	221.1
898	221.3
896	221.15
897	221.1
897	221.25
895	220.8
895	220.9
895	220.85
895	220.55
896	220.9
894	220.75
895	220.7
895	220.85
894	220.75
895	220.9
894	221.05
894	220.9
894	221.1
892	220.75
893	220.95
893	221.05
892	220.6
893	221
891	220.65
893	220.85
892	220.85
890	220.8
892	220.75
890	220.9
890	220.65
891	220.65
889	220.65
890	220.65
890	220.8
888	220.35
889	220.6
888	220.5
889	220.45
889	220.7
886	220.45
888	220.5
887	220.65
887	220.4
888	220.5
885	220.2
886	220.5
886	220.6
885	220.15
886	220.55
884	220.45
885	220.15
884	220.45
885	220.2
883	220.45
884	220.3
883	220.4
882	220.2
883	220.35
881	220.05
883	220.25
882	220.3
882	220.25
882	220.5
880	219.95
882	220.4
879	219.95
881	220.1
880	220.1
879	219.85
880	220.1
878	220.2
879	220
878	220.2
878	220
879	220.05
877	219.95
878	220.1
877	220.1
876	219.65
877	219.95
876	219.8
876	219.6
877	220
874	219.95
875	219.7
875	219.8
874	219.85
875	219.75
874	220
874	219.9
874	220.05
872	219.75
874	219.9
873	219.9
872	219.65
873	219.8
872	219.85
871	219.6
872	219.8
871	219.7
872	219.65
871	219.75
870	219.4
871	219.65
870	219.55
870	219.35
871	219.7
868	219.55
870	219.45
869	219.75
868	219.4
869	219.7
867	219.4
868	219.4
868	219.55
867	219.3
868	219.55
866	219.45
867	219.3
867	219.5
865	219.1
866	219.45
865	219.35
865	219.15
865	219.35
863	219.3
864	219.25
864	219.35
863	219.15
863	219.3
862	219.25
862	219.05
863	219.15
861	218.9
863	218.95
862	219.15
861	218.9
861	219.05
860	219
860	218.75
861	218.95
860	218.85
861	218.85
861	219.05
859	218.8
860	219
859	218.95
858	218.95
859	218.85
858	219.05
858	218.9
859	218.85
857	218.9
858	218.9
858	219.05
856	218.8
857	218.85
857	218.95
855	218.65
856	218.85
856	218.95
855	218.6
856	218.9
854	218.6
855	218.65
855	218.8
853	218.55
854	218.65
853	218.7
853	218.45
854	218.6
852	218.5
853	218.6
852	218.65
851	218.35
852	218.6
851	218.4
852	218.4
852	218.6
849	218.5
850	218.75
848	218.5
850	218.5
850	218.65
848	218.4
850	218.6
848	218.6
848	218.4
849	218.5
847	218.4
848	218.35
848	218.55
846	218.4
847	218.4
846	218.5
845	218.25
846	218.35
845	218.3
846	218.15
846	218.35
844	218.1
845	218.3
845	218.4
843	218.05
845	218.35
844	218.2
843	218
844	218.2
841	218.2
843	218.05
843	218.15
841	218.1
842	217.85
841	218.25
841	218
842	217.9
840	217.85
840	217.7
841	218.15
839	217.7
840	217.8
840	218
837	218
839	217.75
839	217.75
837	217.75
839	217.65
838	218.05
838	217.9
838	218.2
836	218
837	217.9
837	217.95
835	217.95
837	217.85
836	218
834	217.75
836	217.95
835	218
835	217.8
835	218
833	217.8
834	217.7
835	218
832	217.7
833	217.7
833	217.8
832	217.55
833	217.7
832	217.8
831	217.65
832	217.7
830	217.7
830	217.5
832	217.6
830	217.6
831	217.5
831	217.7
829	217.6
830	217.5
830	217.7
828	217.5
829	217.55
829	217.6
828	217.4
829	217.55
827	217.6
827	217.45
828	217.55
826	217.4
828	217.35
827	217.55
825	217.35
826	217.45
826	217.55
825	217.35
826	217.5
825	217.55
824	217.3
825	217.45
823	217.3
823	217.1
824	217.3
823	217.1
824	217.15
824	217.35
821	217.2
823	217.15
822	217.3
820	217
822	217.2
821	217.25
821	217.05
822	217.25
820	217.15
820	217
821	217.3
819	217.05
820	216.9
820	217.15
818	216.95
819	216.95
819	217.1
817	216.95
819	217
818	217.05
816	216.9
818	217
817	216.95
816	216.85
817	216.95
815	216.85
816	216.8
817	216.95
815	216.85
815	216.8
815	216.95
813	216.6
814	216.5
815	216.85
812	216.5
814	216.55
814	216.65
812	216.5
813	216.5
813	216.6
811	216.4
813	216.55
811	216.55
811	216.35
812	216.55
810	216.45
810	216.3
811	216.45
809	216.45
811	216.35
810	216.5
807	216.45
809	216.35
809	216.5
807	216.3
809	216.3
808	216.4
806	216.15
808	216.3
807	216.4
806	216.15
807	216.45
806	216.25
806	216.1
807	216.4
805	216.3
806	216.15
806	216.3
804	216.2
805	216.2
805	216.35
803	216.1
805	216.2
804	216.25
802	216.15
804	216.15
803	216.25
801	216.1
802	216.05
802	216.1
800	215.7
803	216.1
801	216.2
800	215.75
801	216.2
800	215.85
800	215.65
801	216.15
799	215.85
800	215.7
800	215.85
797	215.75
799	215.7
799	215.85
797	215.7
798	215.6
798	215.75
796	215.65
797	215.7
796	215.75
795	215.55
797	215.6
796	215.65
796	215.5
797	215.65
795	215.75
794	215.65
795	215.75
793	215.7
794	215.5
795	215.65
793	215.7
794	215.6
794	215.75
791	215.4
793	215.65
793	215.75
791	215.3
793	215.65
791	215.45
790	215.05
792	215.65
790	215.2
790	215.05
791	215.35
789	215.6
790	215
790	215.15
788	214.9
789	215.5
790	215.2
787	214.863
789	215.45
788	214.95
786	215.1
787	214.713
787	214.863
785	215
787	214.662
787	214.812
785	215
786	215.05
785	215.15
784	214.7
785	215.05
784	214.85
784	214.65
785	215.05
783	215.1
783	214.95
784	214.8
782	215.1
782	214.9
783	215
782	215.05
782	214.95
783	215.1
781	215.1
782	214.95
782	215.15
780	215
780	214.85
781	215.05
779	214.85
780	214.85
780	215
778	214.85
779	214.7
780	214.95
777	214.85
778	214.65
778	214.85
776	214.8
778	214.7
778	214.85
775	214.75
777	214.75
777	214.9
775	214.65
776	214.8
774	214.5
775	214.65
775	214.8
773	214.3
775	214.75
773	214.4
774	214.4
773	214.5
772	214.55
773	214.35
771	214.45
773	214.25
772	214.65
771	214.4
772	214.7
769	214.35
771	214.45
769	214.45
769	214.2
770	214.25
768	214.4
769	214.3
769	214.45
767	214.25
769	214.35
767	214.4
767	214.2
768	214.45
765	214.15
767	214.25
765	214.05
765	214.3
765	214.05
766	213.9
764	213.9
765	214.2
763	214
764	214.05
761	213.6
763	214.1
762	213.9
762	214.1
760	213.75
761	213.65
759	213.75
761	213.5
760	213.85
759	213.7
760	213.85
758	213.95
758	213.8
759	213.8
757	213.6
757	213.4
758	213.85
757	213.6
757	213.45
757	213.6
755	213.65
756	213.65
757	213.6
755	213.5
755	213.7
753	213.5
755	213.6
753	213.6
754	213.2
754	213.4
752	213.35
754	213.4
750	213.35
753	213.35
751	213.4
752	213.25
752	213.45
749	213.25
751	213.35
749	213.2
749	213.05
748	213.1
747	212.6
749	212.9
746	212.8
749	212.75
748	212.95
748	212.9
749	213.15
746	213.05
747	213
746	213.15
746	212.95
747	212.95
744	212.75
746	212.95
746	213.15
743	212.9
745	213.2
742	213.2
744	212.65
743	212.8
742	212.8
744	212.65
742	213
742	212.95
741	212.95
740	212.65
742	212.95
741	212.95
740	212.65
741	212.9
739	212.8
740	212.6
740	212.75
737	212.6
739	212.6
738	212.45
738	212.35
739	212.8
735	212.45
738	212.35
736	212.475
736	212.375
737	212.7
734	212.7
736	212.375
736	212.475
734	212.55
736	212.375
733	212.6
734	212.6
733	212.65
731	212.35
734	212.5
733	212.5
732	212.25
733	212.6
729	212.35
731	212.3
730	212.25
730	212.05
732	212.2
729	212.2
730	212.1
731	212.4
728	212.05
728	211.8
729	212.15
727	211.95
728	211.55
727	211.9
726	211.9
728	211.75
726	212.05
726	211.85
728	211.7
725	211.9
725	211.75
726	212
724	212
724	211.8
725	211.8
724	211.9
724	211.7
724	211.85
722	211.65
722	211.4
723	211.625
721	211.6
721	211.4
723	211.475
721	211.55
721	211.35
722	211.4
720	211.45
719	211.25
721	211.3
720	211.3
718	211
720	211.25
719	211.4
717	211.25
719	211.3
717	211.3
716	210.6
719	211.1
718	210.95
716	210.5
718	210.8
716	210.65
714	210.8
717	210.95
717	211.1
715	210.45
717	210.95
717	211.2
714	210.9
715	210.6
716	210.75
713	210.85
714	210.7
715	210.65
712	210.85
713	210.7
714	210.9
712	210.85
711	210.45
713	210.65
711	210.55
710	210.45
712	210.55
711	210.55
710	210.65
712	210.7
711	210.75
708	210.55
710	210.55
710	210.65
707	210.05
709	209.95
710	210.55
707	210.1
708	210.35
709	210.2
707	210.3
706	210.4
707	210.15
706	210.5
704	209.95
707	209.95
706	210.4
704	209.95
706	210.3
706	210.5
704	210.15
705	210.2
705	210.35
703	210.5
703	210.35
705	210.3
704	210.25
702	210.45
703	210.55
700	210.3
700	210.05
703	210.25
703	210.35
701	210
703	210.35
701	210.3
699	209.9
702	210.2
702	210.35
698	210.2
700	210.05
699	209.9
697	210.3
699	209.65
700	210.1
697	210.35
698	210.05
699	209.85
696	210.3
697	210.25
697	210.4
695	210.15
695	209.95
697	210.3
696	210.35
694	210.25
696	210.25
695	210.2
693	210.3
695	210
693	210.45
692	209.95
694	209.9
694	210.1
691	210.1
693	209.95
693	210.15
690	210.05
690	209.9
692	209.85
691	210.05
690	209.9
692	209.95
689	210.2
689	209.85
690	209.9
688	209.75
688	209.6
690	209.75
688	209.75
687	210.15
689	209.9
688	209.9
686	209.85
687	209.95
688	209.65
686	209.8
686	209.65
687	210.1
685	210
684	209.55
686	209.7
685	210.05
683	209.85
685	209.75
684	209.65
682	209.45
685	209.75
684	209.75
681	209.65
683	209.7
683	209.9
681	209.55
682	209.35
683	209.8
681	209.7
679	209.85
682	209.5
682	209.65
678	209.95
680	209.45
681	209.4
678	209.75
679	209.55
680	209.7
678	209.85
678	209.65
679	209.55
677	209.6
676	209.05
679	209.4
677	209.55
674	209.25
677	209.35
678	209.75
675	209.5
675	209.35
676	209.3
675	209.4
675	209.15
676	209.1
674	209.3
672	209.3
675	209.05
676	209.1
672	209.4
672	209.3
673	209.35
672	209.4
672	209.25
674	209.25
671	209.45
669	209.5
672	209.35
672	209.45
670	209.5
671	209.2
671	209.4
668	209.3
669	209.2
671	209.1
669	209.4
668	209.1
669	209.4
667	209.3
666	209.25
669	209.1
669	209.3
666	209.3
668	209
667	209.3
663	209.35
665	209.05
667	209.05
665	209.15
665	209
667	209.15
665	209.45
663	209.45
665	209.25
664	209.35
661	208.85
663	209.05
664	209.1
661	208.75
662	208.65
664	209.05
662	208.95
660	208.8
662	208.7
662	208.85
659	209
660	208.55
661	208.6
659	209
658	208.75
660	208.55
658	208.75
657	208.5
660	208.4
659	208.9
657	208.7
658	208.65
659	208.9
657	208.75
655	208.75
658	208.75
657	208.8
655	208.9
657	208.65
658	209.1
654	209.25
654	209
656	208.75
655	208.9
653	208.7
655	208.7
655	208.95
652	208.75
653	208.65
655	208.9
653	208.85
651	208.55
653	208.6
653	208.75
650	208.5
651	208.3
652	208.65
650	208.6
649	208.5
651	208.35
649	208.55
647	208.6
650	208.15
650	208.3
647	208.6
648	208
650	208.2
648	208.25
646	208.1
649	208.25
649	208.4
646	208.25
647	208.5
648	208.4
645	208.5
644	208.25
646	208.15
645	208.3
642	208.15
645	207.95
646	208
644	208.2
644	208.1
646	208.2
643	208.15
641	208.25
643	207.9
643	208
640	207.8
642	207.95
644	208.1
643	208
640	207.85
642	208.15
641	208.3
637	208.05
639	207.55
642	207.95
640	207.7
639	207.6
641	207.95
639	207.85
636	207.9
637	207.6
640	207.5
638	207.75
636	207.7
637	207.7
636	207.8
633	207.55
636	207.25
639	207.2
636	207.7
634	207.7
635	207.6
635	207.65
634	207.65
636	207.5
636	207.75
633	207.85
633	207.6
635	207.55
634	207.85
630	207.6
633	207.5
634	207.65
632	207.7
631	207.4
632	207.65
631	207.55
629	207.55
632	207.5
631	207.55
628	207.75
628	207.55
631	207.4
629	207.65
627	207.35
630	207.2
630	207.45
626	207.5
627	207.25
629	207.5
627	207.45
625	207.55
628	207.5
628	207.7
624	207.7
626	207.3
627	207.35
625	207.6
623	207.25
626	207.2
626	207.4
622	207.2
624	207.35
625	207.5
622	207.25
621	207.25
624	207.4
623	207.3
620	207.25
623	207.05
623	207.3
620	207.35
621	207.1
622	207.05
620	207.3
619	206.95
621	207.1
621	207.3
618	207.1
619	206.8
621	207.2
618	207.15
616	206.95
619	206.8
619	206.95
615	207
617	206.9
618	207
616	207
615	206.9
617	206.95
617	207.15
614	206.95
614	206.75
616	206.85
615	207.05
612	207.1
614	206.6
616	206.85
613	206.85
611	206.8
615	206.7
614	206.8
610	206.7
612	206.8
613	206.65
612	207.05
610	206.6
612	206.85
612	207.05
608	206.5
610	206.4
611	206.65
610	206.55
607	206.7
610	206.35
610	206.55
608	206.45
607	206.6
610	206.5
608	206.5
605	206.55
607	206.55
609	206.45
606	206.5
605	206.35
608	206.2
607	206.7
604	206.4
605	206.3
607	206.55
605	206.5
603	206.45
606	206.2
606	206.4
602	206.35
602	206.1
605	206.25
604	206.3
601	206.6
603	206.25
604	206.25
601	206.6
600	206.3
602	206.05
603	206.4
599	206.75
600	206.2
602	206.1
600	206.4
597	206.3
600	206.15
601	206.45
598	206.2
597	206.2
600	206.2
599	206.7
596	206.4
597	206.15
599	206.6
597	206.4
595	206.55
597	206.15
598	206.15
595	206.5
594	205.95
597	206.1
596	206.35
593	206.25
593	206.05
596	206.2
594	206.1
591	205.95
594	205.8
595	206.35
593	206.25
591	205.95
593	205.95
594	206.05
591	206.05
589	206
593	205.9
593	206.1
590	205.95
589	205.95
592	206.15
591	206
587	206.15
589	205.85
591	205.85
589	206.1
586	206.05
589	205.75
590	205.75
588	206.1
587	205.9
589	205.8
588	206.2
585	205.9
586	205.85
588	206.05
586	206
583	205.7
587	205.75
587	205.95
584	205.95
583	205.65
586	205.8
586	206
582	205.8
581	205.55
585	205.55
584	205.8
581	205.7
583	205.45
584	205.7
581	205.7
579	205.6
582	205.45
583	205.6
580	205.8
578	205.65
581	205.4
581	205.6
579	205.6
578	205.6
581	205.4
581	205.65
577	205.6
577	205.4
579	205.35
578	205.75
575	205.35
576	205.4
578	205.55
576	205.6
574	205.4
577	205.2
577	205.4
574	205.5
573	205.35
577	205.25
575	205.25
572	205.2
574	205.15
576	205.3
574	205.4
571	205.2
573	205.15
574	205.25
571	205.25
570	204.95
573	205.1
573	205.3
570	205.1
570	204.85
573	205.1
572	205.1
568	205.1
568	204.85
571	204.95
570	205
567	205.35
569	204.75
571	205
569	205
566	204.9
568	204.7
569	204.85
567	205.35
564	205.1
567	205
568	204.75
566	204.8
563	204.6
567	205
567	205.2
564	205.1
562	204.7
565	204.4
566	204.65
563	204.6
562	204.55
565	204.35
565	204.6
561	204.5
560	204.15
564	204.75
563	204.5
560	204.2
560	204
562	204.35
562	204.5
559	204.15
560	203.95
562	204.4
560	204.25
556	204.3
558	204.4
561	204.2
559	204.05
556	204.2
558	204.35
560	204
557	204.15
555	204.35
557	203.85
558	204.5
555	204.3
554	203.8
557	203.7
557	203.95
554	203.9
553	203.85
557	203.75
556	204.1
552	203.95
552	203.7
556	203.95
554	203.95
551	203.9
552	203.65
554	203.65
553	204
549	203.65
551	203.55
554	203.7
552	203.8
548	203.7
550	203.65
552	203.55
551	203.65
547	203.45
549	203.3
551	203.55
549	203.6
546	203.85
548	203.35
550	203.7
547	203.45
544	203.3
548	203.35
549	203.35
546	203.8
544	203.3
547	203.1
548	203.55
544	203.35
543	203.25
546	203.5
546	203.7
543	203.25
542	203.15
545	203.1
545	203.4
542	203.3
541	203.3
544	202.95
544	203.25
541	203.45
539	203.4
543	202.85
544	203.1
539	203.5
539	203.35
542	202.9
542	203.1
539	203.45
538	203.05
540	202.85
542	203.05
538	203.1
536	203
540	202.8
540	203.05
536	203.2
535	203.25
539	203.05
538	202.95
536	203.1
534	202.75
537	202.5
538	202.9
534	202.9
533	202.85
536	202.75
536	203
533	202.95
532	202.75
535	202.95
536	202.9
532	202.85
530	202.85
533	202.6
534	202.6
533	202.85
529	202.7
532	202.45
534	202.6
531	202.85
528	202.75
529	202.45
532	202.45
530	202.75
526	202.85
529	202.2
531	202.3
530	202.7
526	202.8
528	202.3
531	202.45
527	202.95
524	202.3
528	202.25
529	202.4
527	203
523	202.4
526	202.45
528	202.3
526	202.8
523	202.4
524	202.15
527	202.75
525	202.5
522	202.35
523	202.1
526	202.55
524	202.3
520	202.6
522	202.1
524	202.05
523	202.35
518	202.4
522	202
523	202.05
521	202.45
518	202.4
520	202.25
522	202.05
520	202.5
517	202.25
517	201.9
521	202.05
519	202.5
516	202.45
515	202.05
519	202.15
519	202.45
516	202.4
514	201.9
518	201.95
519	202.4
516	202.45
513	202.35
516	202.1
518	202.05
515	202.2
512	201.85
513	201.95
517	201.8
515	202.1
512	201.9
510	201.75
516	201.95
514	201.9
512	201.85
509	201.9
514	201.55
514	201.8
510	201.8
508	202.15
512	201.35
514	201.65
509	201.95
508	202.2
508	201.85
512	201.4
510	201.7
507	201.75
507	201.5
510	201.4
511	202.4
506	201.85
506	201.65
508	201.75
509	201.7
507	201.7
503	201.75
508	201.75
508	201.95
506	201.8
502	202.2
503	201.45
509	201.45
506	201.7
503	201.85
502	202.1
505	202.05
507	201.55
501	201.7
500	201.7
504	201.4
504	201.55
503	201.75
498	201.9
502	201.8
505	202.05
500	201.85
498	201.95
498	201.65
501	201.1
503	201.55
497	201.9
497	201.7
501	201.15
500	201.7
498	202
495	202.05
496	201.5
502	201.85
498	202
494	201.7
496	201.6
498	201.65
497	202
495	202.1
492	201.45
497	201.6
499	201.65
494	201.8
491	201.65
495	201.9
496	201.85
494	201.95
492	201.85
490	202
494	201.4
496	201.95
491	201.75
489	202.15
494	201.4
495	202.15
490	202.35
488	202
490	201.8
491	201.35
492	201.7
489	202.1
486	201.8
489	201.75
493	201.8
489	202.15
484	201.963
488	201.45
493	201.7
488	202.1
484	202.113
487	202.2
490	201.75
486	202.05
484	201.863
485	201.55
486	201.5
486	201.75
486	201.85
483	201.8
482	201.35
485	201.5
486	201.8
482	201.7
479	200.95
484	201.312
487	202.1
483	201.85
477	201.3
481	200.75
487	201.85
483	201.85
475	202.55
479	200.65
486	201.2
484	201.613
477	201.5
474	201.05
481	200.55
485	201.35
479	201.2
472	201.1
475	201.9
484	200.912
484	201.512
475	202.6
471	202.15
477	200.55
482	201
479	200.95
472	200.95
471	201.75
477	200.5
480	201.5
476	201.45
472	200.75
472	200.45
474	200.7
475	201.9
475	201.95
475	201.95
473	200.8
470	200.7
470	200.35
473	200.25
478	201.35
475	202.35
467	201.35
463	201.8
471	200.9
478	200.8
475	202.2
466	201.15
463	201.85
468	200.05
471	201.1
472	200
470	200.15
470	200.15
471	201.8
467	201.15
461	201.85
462	200.15
469	200.4
474	200.15
470	200.55
463	202.3
462	200.85
465	201.25
465	201.25
462	200.25
462	200
467	199.85
470	200.1
464	201.8
459	202
459	201.45
464	200.85
463	201.4
459	201.3
458	200.6
463	200.6
467	199.95
465	201.45
460	202.4
458	201.3
463	201.55
463	201.8
458	201.4
453	201.7
456	200.25
460	201
460	201.35
456	200.4
455	200.5
460	201.1
463	201.05
460	202.15
455	201.5
454	201.2
459	201.2
460	202.05
456	201.4
452	201.6
452	201.1
457	200.7
457	201.1
451	201.1
449	200.3
453	200.8
456	200.1
453	201.25
448	200.45
449	199.6
454	199.75
454	200.1
449	199.9
446	199.95
449	199.3
453	200.35
452	200.3
447	200.35
445	200.25
448	199.55
452	199.85
450	200.45
446	200
445	200.1
449	199.2
451	200
447	200.6
443	200.5
446	199.7
451	200
449	200.15
444	200.5
442	200.05
447	200.2
451	200.3
448	200.85
442	200.5
443	200.8
448	200.25
449	200.4
445	201.35
440	200.8
442	200.05
447	200.6
446	200.7
440	200.85
438	201.5
440	199.9
442	199.6
440	200
436	199.15
437	199.75
444	199.2
445	200.3
440	200.5
436	199.9
438	201.1
444	200
442	200.25
438	201.7
433	200.4
433	199.6
438	200.35
439	199.05
436	199.1
435	200.65
438	200.6
441	199.45
438	201.55
433	200.55
430	200.4
432	200.7
435	200.25
436	199
433	199.6
433	199.55
437	200
436	199.6
431	201.25
425	199.95
427	199.3
437	199.2
439	198.85
433	200.1
427	200.35
429	200.1
431	200.25
430	199.75
429	199.9
429	199.7
432	200.4
434	199.55
429	200.5
422	199.95
422	199.25
432	199.8
436	198.45
430	200.35
421	201.1
418	199.95
425	198.6
435	199.7
432	200.85
424	200.35
418	200.25
421	199.8
431	199.55
431	200.15
425	199.7
418	199.9
419	199.55
426	199.1
428	199.35
424	199.8
418	199.85
418	199.3
424	199
427	199.25
422	199.45
416	199.75
417	199.6
424	198.9
425	199.15
417	200.2
413	199.6
421	199.35
426	199.15
421	200.35
412	199.65
414	199.1
423	198.65
422	199.05
413	200.05
411	199.4
417	199.05
421	199.2
418	199.35
414	199.55
413	199.6
412	198.8
416	198.75
419	199.35
416	199.55
409	199.65
409	199.15
418	198.65
418	199.15
411	199.65
407	199.35
411	198.75
415	198.85
415	199.35
412	199.25
407	199.4
407	198.8
415	198.95
415	199.35
408	199.35
404	199.1
408	198.45
412	198.2
413	199.15
409	199.5
403	199.2
405	198.5
413	198.65
410	199
405	199.2
403	199.1
403	198.5
409	198.45
411	198.8
404	199.15
400	200.25
402	198.65
406	198.5
410	198.5
406	199.55
398	199.35
401	199.05
405	197.95
407	198.65
404	199.05
396	199.05
400	199.55
405	197.9
405	198.45
402	199.25
396	199.05
398	198.55
404	197.95
403	198.5
401	199.6
395	198.9
394	198.55
401	198.6
402	198.5
400	200.1
395	198.9
392	198.65
397	198.5
401	198.65
400	199.85
395	198.85
391	198.8
394	198.1
398	198
400	199.45
394	198.95
389	198.55
391	198.25
395	197.55
399	198.05
393	198.7
389	198.6
388	197.85
393	197.7
398	198.1
394	198.7
390	198.75
386	198.1
391	197.95
394	197.8
395	198.35
389	198.65
385	198.05
387	197.55
394	197.55
394	198.15
389	198.65
384	199
384	198.5
390	197.55
393	197.65
391	198.55
384	199.05
382	198
384	198.05
391	197.6
390	197.9
386	198.2
381	198.2
381	197.75
385	197.1
390	197.5
387	198.1
382	198.35
379	198.1
382	197.35
387	197.35
387	197.95
381	198.2
377	198.45
378	197.75
385	196.9
386	197.15
384	198.7
377	198.55
376	198.9
378	197.45
384	197.6
384	198.3
381	198.25
374	198.35
375	197.85
380	197.45
384	197.75
381	197.75
376	199.3
372	197.9
374	197.4
381	196.75
382	197.15
378	198.25
371	198.2
370	198
375	197.3
380	197.35
379	197.45
374	198.25
369	198.2
369	197.65
375	197.05
379	196.9
376	198.6
370	198.35
367	197.75
370	197.45
374	196.85
378	197.3
373	197.95
367	198.05
366	197.9
370	197.1
375	197
374	197.6
369	198.3
364	198.05
365	197.95
370	196.95
375	197
371	197.7
365	198.75
362	197.95
364	197.3
371	196.65
373	197
369	198
363	199.2
360	197.55
364	197.1
370	196.9
371	197
366	198.2
360	197.9
359	197.5
364	196.8
369	196.75
368	197.25
362	198.15
358	197.8
358	197.15
365	197.15
368	196.6
365	198.1
359	198.15
355	197.65
358	197.05
363	197.65
366	197
361	197.55
357	198.7
354	197.55
358	196.7
363	197.65
364	197.2
358	197.85
353	197.75
353	197.05
359	196.65
363	197.75
361	197.25
355	197.95
351	197.2
351	196.55
358	196.4
361	196.35
358	197.35
353	197.8
349	197.1
352	196.6
356	196.45
361	196.55
356	197.6
349	197.45
347	198
350	197.1
356	196.3
357	197.7
353	197.6
347	198.35
347	197.85
349	196.15
355	196.25
355	196.85
351	197.2
345	198.2
346	197.35
348	195.7
354	196.55
352	196.75
349	197.25
342	197.6
343	197.9
349	195.85
353	196.35
351	196.75
344	197.6
341	197.5
341	196.8
347	196.75
353	196.2
348	196.55
342	197.85
337	196.95
341	196.45
350	196.4
350	196.95
345	198.05
337	197.35
335	197.6
341	196.15
349	195.5
347	197.4
343	198.55
337	197.3
333	197.35
339	196.7
348	195
347	197.1
340	197.45
336	199.2
334	197
334	196.25
338	196.85
345	196.45
343	197.8
335	198.1
330	197.65
335	196.65
345	196.15
344	196.05
335	198.1
330	198.15
332	196.35
337	195.85
340	196.15
335	197.45
331	197.65
330	197.5
332	196
336	197.5
339	197.05
334	196.8
328	197.55
327	197.85
328	196.1
332	195.05
335	196
339	196.9
333	197.8
325	197.8
323	198.2
330	196.4
335	196.2
333	196.65
326	196.8
322	197.25
323	197.35
328	195.55
332	194.85
332	195.35
327	197.6
323	197.95
322	196.45
326	195.4
331	195.85
331	196.25
327	197.75
322	197.4
321	196.65
323	197.4
328	196.05
331	196.45
330	197.5
324	198.4
320	197.55
319	197.1
320	196.1
322	196.2
323	197.2
321	196.4
319	196.75
319	196.45
321	196.1
324	196.65
324	196.95
320	196.65
315	197
314	197.75
319	196
323	196.9
323	197.2
319	196.7
314	198.2
314	197.7
316	195.65
315	195.5
317	196.55
322	196.2
321	196.65
314	198.45
308	197.55
310	195.85
319	195.5
320	195.45
315	196.3
311	198.45
311	198.15
309	196.55
312	195.95
318	196.75
319	196.15
312	197.05
309	197.45
309	196.95
308	196.65
313	195.35
314	196.9
312	196.35
311	198.2
308	197.5
304	196.95
307	195.8
310	195.15
316	195.25
313	196.3
304	197.75
301	197.2
304	196.3
310	195.05
311	196.9
312	196.3
307	196.9
302	196.75
300	196.45
302	195.55
308	195.95
310	195.35
307	196.55
301	197.55
297	197.1
301	196.3
305	195.3
309	195.7
307	196.15
302	196.75
297	197.4
298	196.9
300	195.6
304	195.7
305	195.5
305	196.2
299	196.85
295	196.75
296	196.25
297	196
302	195
304	196.1
301	196.9
297	197.35
293	196.5
294	196.65
298	196.15
301	195.75
302	195.6
298	197.3
294	197.55
290	196.45
292	195.95
296	195.35
299	195.2
300	195.75
295	196.5
292	196.95
290	196.25
290	195.7
294	195.95
297	195.7
298	196.6
293	196.5
288	197.35
286	196.35
290	195.5
293	195.05
295	195.25
295	195.85
291	196.95
286	196.8
286	196.15
286	195.6
289	195.35
293	194.95
293	195.5
290	196.25
286	196.75
284	195.85
283	195.55
286	195.35
291	195.4
292	195.65
289	196.45
284	196.3
281	196
282	195.55
285	195
289	195.25
289	195.65
286	196.4
281	196.5
277	196.3
281	195.25
283	194.9
285	194.8
287	195.75
284	195.9
280	196.55
278	196.2
277	195.85
279	195.3
285	194.8
285	195.2
282	196
279	196.8
274	196.35
274	195.7
279	195.4
281	194.75
281	195
282	195.95
277	196.7
273	196.25
273	195.6
276	195
280	194.85
279	195.35
278	195.55
278	196.2
273	196.25
269	195.85
271	195.25
276	194.65
279	195.1
277	195.6
275	196.5
272	196.4
269	196
268	195.4
271	194.9
276	194.65
277	195.45
274	196
267	196.9
268	195.95
269	195.3
271	195.2
272	195.15
271	195.25
272	195.65
270	195.8
269	196.25
265	196.1
264	195.7
266	195.55
269	194.8
272	195.1
271	195.75
267	196.95
261	196.4
261	195.7
264	195.05
267	195.2
269	194.7
269	195.3
268	195.95
264	196.5
261	196.35
260	196.2
263	195.25
264	194.95
265	195.1
265	195.5
263	195.95
260	196.65
259	196
259	195.6
260	195.65
263	194.85
266	195.55
264	195.95
258	197
255	196.9
256	196.55
259	195.5
261	195.15
261	195.2
260	195.95
258	196.35
256	196.9
254	197.45
254	196.9
257	196
258	195.35
259	195.25
258	195.95
255	196.5
252	197.05
252	196.6
254	196.9
256	195.85
257	196.2
257	196.45
257	197.05
253	197.2
252	197.5
250	197
250	196.6
250	196.1
253	195.75
255	195.65
253	196.35
250	196.95
247	197.95
246	196.5
249	195.95
251	195.85
252	196
252	196.3
251	196.7
248	198
245	197.45
244	196.95
245	196.4
249	195.85
250	195.9
251	196.25
249	196.6
245	197.3
243	197.95
241	197.15
244	196.4
246	196.1
246	196.05
246	196.05
246	196.3
244	196.8
243	197.75
242	197.35
240	197.15
239	196.75
241	196.25
246	195.85
247	197.15
243	197.45
239	197.65
237	197.65
238	197.55
239	196.55
239	196.4
240	196.2
244	196.15
243	197.2
238	198.1
234	197.8
235	197.35
236	196.75
236	196.55
239	196.35
240	196.4
239	196.85
235	197.3
235	197.5
234	197.4
232	197.25
234	196.7
234	196.4
236	196.3
237	196.5
238	197.55
233	197.85
230	197.9
230	197.3
230	196.95
233	196.75
233	196.65
233	196.8
235	196.85
232	197.65
228	198.55
228	198.3
227	197.55
228	197.5
230	196.6
231	196.65
232	196.85
231	197.35
228	198.4
226	198.05
225	197.7
225	197.3
226	196.95
229	196.55
229	196.65
229	197
228	198.15
224	198.05
224	198
222	197.7
222	197.3
223	197.75
226	196.65
226	196.9
225	197.35
222	197.85
221	197.95
220	197.9
219	197.3
220	197.1
221	196.7
222	196.75
224	196.7
223	198.1
222	197.8
219	198.15
217	198.15
216	197.4
218	198.2
218	197.9
220	196.95
221	197
221	197.4
218	198.9
216	198.1
214	198.05
213	197.5
214	197.2
215	196.85
217	196.85
218	197.95
218	198.3
216	197.6
213	198.05
212	197.9
211	197.55
211	197.25
213	196.95
214	196.85
215	196.75
216	197
214	197.7
212	197.95
209	198.3
208	197.95
209	197.5
209	197.2
210	196.85
212	196.7
212	196.85
211	197.35
209	197.95
207	197.8
206	198.5
206	198.1
206	197.85
207	196.65
208	196.8
209	196.75
209	196.85
208	197.2
206	198.15
204	197.5
203	197.2
203	196.8
203	196.5
204	196.3
205	196.35
207	196.15
206	197.4
204	197.15
202	197.5
200	198.45
199	197.1
200	197.7
202	196.45
202	196.35
203	196.25
204	196.4
203	196.8
201	197.25
198	197.5
197	198.1
197	197.65
197	197.4
198	196.35
199	196.3
200	197.3
201	196.5
199	197.15
197	198.4
195	197.7
193	197.45
194	197.1
195	196.65
195	196.55
196	196.4
197	197.45
197	197.9
196	197.6
194	198.3
192	198.05
191	197.75
191	197.35
192	197.05
192	196.85
192	196.6
193	196.7
194	197
193	197.2
191	197.4
189	198
188	197.6
187	197.25
187	196.95
188	196.65
190	197.4
191	196.35
191	196.8
190	198.45
188	198
186	198.2
186	198.1
186	197.75
185	197.4
184	197.15
184	196.9
186	196.75
187	196.7
188	196.85
187	197.3
184	197.5
183	197.8
182	197.5
181	197.2
181	196.95
181	196.75
182	196.55
184	196.4
184	196.75
184	197.2
182	197.8
180	198.25
179	198.25
178	197.85
178	197.45
178	197.2
179	197
180	196.8
181	196.7
181	196.8
181	197.1
178	197.4
176	197.9
175	197.85
175	197.5
175	197.1
176	197
177	196.75
177	196.7
177	196.7
177	196.75
177	197.05
175	197.55
173	198.2
172	197.9
172	197.6
171	197.2
172	197.05
172	196.95
172	196.9
173	197.15
174	197.8
175	197.45
173	198.4
170	198.5
168	198.9
167	198.6
167	198.15
168	197.8
169	197.5
168	197.4
169	197.25
170	196.95
171	197
169	197.75
167	198.05
166	199.05
166	199
165	198.25
164	197.75
164	197.5
165	197.6
165	197.55
166	197.95
168	197.25
167	197.45
166	198.65
165	198.4
163	198.3
162	198.4
162	198.05
162	197.75
162	197.7
162	197.6
162	197.5
164	197.25
164	197.3
163	197.6
162	198.1
160	198.2
159	198.4
159	198.2
158	197.95
158	197.65
158	197.55
158	197.45
158	197.35
159	197.3
159	197.4
159	197.6
158	197.85
157	198.2
155	198.5
154	198.55
154	198.3
154	198
153	197.9
153	197.7
154	197.55
154	197.45
155	197.4
155	197.5
155	197.7
155	198.05
153	198.45
152	199.3
151	199.45
151	199.15
151	199
151	197.9
151.5	197.7
0	196.29
