Speed 1 (RPM)	Torque 1 (oz.in)
1796	2.552
1786	21.99
1786	22.555
1786	22.605
1786	22.82
1786	22.88
1786	22.935
1786	23.135
1785	24.56
1786	23.265
1786	23.32
1786	23.385
1785	24.815
1785	24.9
1786	23.565
1785	25.055
1785	25.145
1785	25.225
1786	23.91
1785	25.375
1785	25.455
1785	25.515
1785	25.555
1785	25.625
1785	25.72
1784	26.265
1785	25.885
1784	26.605
1785	26.265
1784	26.795
1784	26.825
1784	26.91
1784	27.035
1784	27.085
1783	27.56
1783	27.645
1784	27.325
1784	27.45
1783	27.935
1783	28.04
1783	28.05
1784	27.735
1783	28.215
1783	28.3
1783	28.355
1783	28.44
1783	28.54
1783	28.61
1782	30.03
1782	30.115
1783	28.86
1782	30.325
1782	30.37
1782	30.465
1782	30.565
1782	30.63
1781	30.99
1782	30.84
1782	30.97
1782	31.075
1781	31.415
1781	31.48
1782	31.38
1781	31.715
1781	31.78
1781	31.895
1781	32.07
1780	33.74
1781	32.35
1781	32.4
1780	34.175
1780	34.255
1780	34.36
1781	32.835
1780	34.575
1780	34.675
1780	34.77
1780	34.895
1780	35
1779	35.585
1780	35.16
1780	35.295
1779	35.875
1779	35.925
1779	36.04
1779	36.15
1779	36.29
1778	37.78
1779	36.555
1779	36.67
1778	38.155
1778	38.29
1778	38.36
1779	37.05
1778	38.615
1777	38.935
1778	38.805
1778	38.965
1777	39.36
1777	39.445
1778	39.275
1778	39.38
1777	39.805
1777	39.895
1777	40.03
1777	40.135
1776	40.755
1776	40.89
1777	40.4
1777	40.5
1776	41.265
1776	41.345
1776	41.44
1776	41.59
1776	41.71
1775	43.41
1776	41.965
1776	42.06
1775	43.86
1775	43.94
1775	44.08
1775	44.185
1774	44.86
1775	44.37
1775	44.525
1774	45.23
1774	45.38
1774	45.485
1774	45.61
1773	47.14
1774	45.865
1774	45.99
1773	47.565
1773	47.665
1774	46.41
1773	47.92
1772	48.365
1772	48.435
1773	48.28
1773	48.39
1772	48.795
1772	48.895
1773	48.735
1772	49.135
1772	49.36
1772	49.44
1772	49.555
1772	49.695
1771	50.05
1772	50.015
1772	50.11
1771	50.5
1770	53.085
1770	53.195
1771	51.415
1770	53.565
1770	53.7
1770	53.805
1770	54.015
1769	54.38
1769	54.485
1770	54.345
1770	54.44
1769	54.82
1769	54.96
1769	55.04
1769	55.215
1768	56.055
1767	58.075
1768	56.73
1768	56.885
1768	56.975
1767	58.57
1767	58.705
1767	58.905
1767	58.995
1767	59.095
1767	59.18
1767	59.33
1766	59.975
1766	60.065
1766	60.185
1767	59.785
1766	60.41
1765	61.81
1766	60.635
1766	61.115
1766	61.25
1765	62.62
1765	62.765
1765	62.89
1766	61.68
1765	63.16
1764	63.52
1764	64.25
1765	64.055
1764	64.54
1763	65.295
1764	64.825
1764	64.96
1763	65.71
1763	65.8
1763	65.91
1763	66.035
1763	66.14
1763	66.29
1763	66.395
1763	66.525
1762	68.215
1762	68.33
1762	68.49
1762	68.625
1762	68.725
1761	69.115
1761	69.255
1762	69.055
1761	69.49
1761	69.625
1761	69.68
1761	69.77
1761	69.9
1760	70.635
1760	70.77
1760	70.89
1760	71.01
1760	71.11
1760	71.22
1760	71.31
1760	71.45
1759	73.19
1759	73.65
1759	73.75
1759	73.895
1759	74.055
1759	74.125
1758	74.455
1759	74.39
1759	74.495
1758	74.815
1758	74.945
1758	75.1
1758	75.2
1758	75.36
1757	76.09
1757	76.23
1758	75.735
1757	76.59
1757	76.685
1757	76.835
1757	76.99
1756	78.485
1756	78.615
1757	77.35
1757	77.465
1756	78.995
1755	79.56
1756	79.255
1756	79.38
1755	80.01
1755	80.145
1756	79.74
1755	80.36
1754	81.045
1755	80.56
1755	80.635
1755	80.77
1754	81.525
1754	81.61
1754	81.75
1754	81.84
1754	81.98
1754	82.105
1754	82.24
1753	83.005
1753	83.195
1754	82.645
1753	83.42
1753	83.58
1753	83.71
1753	83.785
1753	84.02
1752	85.235
1752	85.375
1753	84.345
1752	85.615
1751	86.06
1751	86.515
1751	86.63
1752	86.435
1751	86.855
1750	87.6
1750	87.69
1751	87.22
1751	87.325
1750	88.03
1750	88.125
1750	88.22
1750	88.28
1750	88.435
1749	89.63
1750	88.68
1750	88.78
1749	90.015
1749	90.095
1750	89.125
1749	90.29
1748	91.54
1748	91.66
1749	91.175
1749	91.295
1748	92.1
1748	92.19
1748	92.345
1748	92.485
1747	93.025
1747	93.12
1748	92.86
1747	93.41
1746	94.14
1747	93.63
1747	93.74
1747	93.79
1746	94.61
1746	94.66
1746	94.81
1746	94.91
1745	96.41
1746	95.11
1746	95.31
1745	96.76
1745	96.91
1746	95.56
1745	97.11
1745	97.21
1745	97.36
1745	97.41
1745	97.61
1744	97.93
1744	97.98
1745	97.91
1744	98.28
1744	98.38
1744	98.48
1744	98.63
1743	99.235
1743	99.335
1744	99.18
1743	99.635
1742	100.82
1743	99.885
1743	99.985
1743	100.085
1742	101.22
1742	101.32
1743	100.385
1742	101.52
1741	102.105
1742	101.67
1742	101.87
1741	102.405
1741	102.505
1742	102.17
1742	102.27
1741	102.755
1741	102.905
1741	103.005
1741	103.205
1740	103.5
1741	103.505
1741	103.555
1740	104
1740	104.05
1740	104.2
1741	104.055
1740	104.4
1739	105.175
1740	104.7
1740	104.8
1739	105.525
1738	106.545
1739	105.725
1739	105.825
1738	106.895
1738	106.945
1739	106.125
1738	107.195
1738	107.295
1738	107.345
1738	107.495
1737	107.795
1738	107.745
1738	107.895
1737	108.195
1737	108.295
1737	108.395
1738	108.295
1737	108.695
1736	108.95
1737	108.895
1737	108.995
1736	109.35
1736	109.4
1736	109.55
1736	109.7
1735	110.45
1735	110.55
1736	110.1
1735	110.8
1735	110.95
1735	111
1735	111.15
1735	111.2
1735	111.3
1735	111.35
1734	112.2
1734	112.25
1734	112.35
1735	111.75
1734	112.55
1734	112.65
1734	112.75
1734	112.85
1734	113
1733	113.55
1734	113.25
1734	113.35
1733	113.95
1732	114.3
1733	114.15
1733	114.25
1732	114.6
1732	114.65
1733	114.55
1732	114.9
1731	115.8
1731	115.95
1732	115.15
1732	115.2
1731	116.2
1732	115.4
1732	115.5
1731	116.5
1731	116.65
1731	116.7
1731	116.8
1731	116.9
1730	117.75
1731	117.1
1730	118
1730	118.1
1730	118.2
1730	118.3
1730	118.4
1729	118.65
1729	118.75
1730	118.7
1729	119
1729	119.1
1729	119.2
1729	119.25
1728	119.65
1729	119.35
1729	119.45
1729	119.5
1728	120
1728	120.05
1729	119.8
1728	120.25
1727	120.9
1728	120.45
1728	120.55
1728	120.65
1727	121.4
1727	121.5
1727	121.6
1727	121.65
1726	122.6
1727	121.8
1727	121.9
1726	122.8
1726	122.85
1726	122.95
1726	123.05
1726	123.05
1726	123.15
1726	123.2
1726	123.3
1726	123.35
1726	123.45
1726	123.5
1726	123.6
1725	123.725
1725	123.825
1725	123.925
1725	124.025
1725	124.075
1724	124.5
1725	124.325
1724	124.65
1724	124.7
1724	124.75
1724	124.9
1724	124.9
1723	125.4
1723	125.45
1724	125
1724	125.1
1723	125.55
1723	125.6
1723	125.7
1724	125.3
1723	125.8
1723	125.9
1723	126
1723	126.05
1722	126.95
1723	126.25
1723	126.3
1722	127.2
1722	127.3
1722	127.35
1722	127.4
1721	127.75
1721	127.85
1722	127.6
1721	127.95
1721	127.95
1721	128.05
1721	128.05
1721	128.1
1721	128.15
1721	128.2
1721	128.3
1721	128.35
1720	128.75
1720	128.8
1721	128.6
1720	128.95
1719	129.1
1720	129.1
1720	129.25
1719	129.35
1719	129.45
1720	129.45
1719	129.6
1718	130.35
1719	129.75
1719	129.75
1719	129.85
1718	130.55
1719	129.95
1719	130
1718	130.75
1718	130.8
1718	130.9
1719	130.3
1718	131
1717	131.75
1718	131.2
1718	131.3
1717	132
1717	132.05
1717	132.1
1717	132.15
1716	132.45
1717	132.25
1717	132.35
1717	132.35
1716	132.6
1716	132.65
1717	132.45
1717	132.5
1716	132.75
1716	132.8
1716	132.9
1716	133
1716	133
1715	133.45
1716	133.1
1716	133.15
1715	133.6
1715	133.6
1715	133.65
1715	133.7
1714	133.9
1714	133.95
1715	133.8
1714	134
1714	134
1714	134
1714	134.05
1715	133.9
1714	134.05
1714	134.1
1714	134.15
1714	134.2
1714	134.2
1713	135.05
1713	135.15
1714	134.4
1713	135.15
1713	135.2
1713	135.3
1713	135.35
1712	135.75
1712	135.8
1712	135.85
1713	135.55
1712	135.95
1712	135.95
1712	136
1713	135.65
1712	136.05
1712	136.1
1712	136.15
1712	136.25
1712	136.25
1711	136.75
1711	136.8
1712	136.45
1711	136.9
1710	137.05
1711	137
1711	137.1
1710	137.2
1710	137.2
1711	137.2
1710	137.3
1710	137.3
1710	137.35
1711	137.35
1711	137.35
1710	137.45
1709	137.95
1710	137.6
1709	138.15
1709	138.15
1709	138.2
1710	137.8
1709	138.35
1708	139.2
1708	139.3
1709	138.45
1708	139.3
1708	139.35
1708	139.4
1708	139.4
1708	139.4
1708	139.45
1708	139.5
1709	138.75
1708	139.55
1707	139.95
1708	139.65
1708	139.8
1707	140.15
1707	140.15
1707	140.25
1707	140.35
1706	140.45
1706	140.5
1706	140.5
1707	140.45
1706	140.6
1706	140.55
1706	140.6
1707	140.6
1706	140.7
1706	140.7
1706	140.75
1707	140.75
1706	140.85
1705	141.15
1706	140.95
1706	141.05
1705	141.35
1704	142.3
1705	141.5
1705	141.55
1704	142.45
1704	142.45
1705	141.6
1705	141.65
1704	142.55
1704	142.55
1705	141.75
1705	141.8
1704	142.65
1704	142.7
1704	142.8
1704	142.85
1704	142.9
1704	142.95
1704	143
1703	143.4
1702	143.85
1703	143.5
1703	143.55
1702	143.95
1702	143.95
1703	143.65
1703	143.65
1702	144.05
1702	144.1
1703	143.8
1702	144.25
1702	144.25
1702	144.3
1703	144
1702	144.4
1701	144.6
1701	144.65
1702	144.55
1701	144.7
1701	144.7
1701	144.75
1702	144.7
1701	144.8
1700	145.25
1701	144.85
1702	144.8
1701	144.95
1700	145.35
1700	145.4
1701	145.1
1700	145.5
1700	145.6
1700	145.55
1700	145.7
1699	146.15
1699	146.15
1699	146.25
1700	145.85
1699	146.3
1699	146.25
1699	146.35
1700	145.95
1699	146.4
1699	146.35
1699	146.45
1699	146.5
1698	147.05
1698	147.05
1698	147.1
1698	147.15
1697	147.75
1697	147.75
1698	147.15
1698	147.15
1697	147.8
1697	147.75
1698	147.15
1698	147.2
1697	147.8
1697	147.85
1698	147.3
1697	147.95
1696	148.05
1697	148
1697	148.1
1696	148.2
1696	148.25
1696	148.3
1696	148.35
1696	148.3
1696	148.3
1696	148.45
1696	148.4
1696	148.4
1696	148.5
1696	148.55
1696	148.55
1695	148.95
1695	149
1696	148.75
1695	149.15
1694	149.35
1694	149.45
1694	149.5
1694	149.5
1694	149.5
1694	149.6
1695	149.35
1694	149.6
1694	149.65
1695	149.5
1694	149.8
1693	150.2
1693	150.25
1694	149.95
1693	150.4
1692	151
1693	150.45
1693	150.55
1693	150.5
1692	151.05
1693	150.55
1693	150.65
1693	150.6
1692	151.2
1693	150.7
1693	150.75
1692	151.35
1692	151.35
1692	151.5
1692	151.55
1691	151.9
1691	151.95
1692	151.65
1691	152.05
1691	152.05
1691	152.1
1692	151.8
1691	152.2
1691	152.2
1691	152.3
1691	152.4
1690	152.8
1690	152.9
1691	152.6
1690	153.1
1689	153.45
1689	153.55
1690	153.3
1689	153.6
1689	153.6
1690	153.4
1690	153.4
1689	153.7
1689	153.7
1690	153.55
1690	153.6
1689	153.9
1689	153.95
1689	154.1
1688	154.3
1688	154.25
1688	154.35
1689	154.2
1688	154.35
1688	154.4
1689	154.2
1688	154.45
1688	154.45
1688	154.55
1688	154.6
1688	154.6
1687	154.8
1687	154.85
1687	154.95
1686	155.8
1686	155.85
1687	155
1687	155
1686	155.9
1687	155.05
1687	155.1
1687	155.1
1686	156
1687	155.25
1687	155.3
1686	156.2
1685	156.7
1685	156.75
1685	156.8
1685	156.75
1685	156.8
1686	156.35
1686	156.4
1685	156.85
1685	156.85
1686	156.5
1685	156.95
1684	157
1685	157.1
1685	157.15
1684	157.15
1684	157.25
1684	157.3
1684	157.3
1683	157.6
1684	157.3
1685	157.3
1684	157.4
1683	157.7
1684	157.45
1684	157.55
1683	157.85
1683	157.9
1683	158
1683	158
1682	158.2
1682	158.25
1683	158.05
1682	158.3
1682	158.3
1683	158.15
1683	158.15
1682	158.4
1682	158.45
1683	158.3
1682	158.55
1681	158.9
1681	158.95
1682	158.7
1681	159.05
1680	159.8
1681	159.05
1681	159.1
1681	159.05
1681	159.1
1682	158.85
1681	159.25
1680	160
1680	160.1
1681	159.4
1680	160.2
1679	160.55
1680	160.2
1680	160.2
1679	160.55
1680	160.1
1680	160.15
1680	160.15
1679	160.5
1679	160.45
1680	160.15
1679	160.55
1678	160.65
1679	160.55
1679	160.6
1678	160.7
1678	160.7
1678	160.7
1679	160.65
1678	160.75
1678	160.75
1679	160.75
1679	160.8
1678	160.9
1677	161.3
1678	161.05
1677	161.4
1677	161.45
1677	161.45
1678	161.2
1677	161.5
1677	161.5
1677	161.6
1678	161.3
1677	161.65
1677	161.7
1677	161.85
1676	162.1
1676	162.15
1676	162.2
1676	162.3
1676	162.35
1675	162.45
1676	162.4
1677	162.25
1676	162.5
1675	162.65
1676	162.6
1676	162.7
1675	162.8
1675	162.9
1675	162.95
1675	162.95
1674	163.6
1674	163.65
1675	163.05
1674	163.65
1675	163.05
1675	163.1
1674	163.8
1674	163.75
1674	163.85
1674	163.9
1673	164.35
1672	164.7
1673	164.4
1673	164.45
1673	164.4
1673	164.4
1674	164
1673	164.5
1673	164.45
1673	164.45
1673	164.6
1672	164.95
1672	164.9
1672	165
1673	164.65
1672	165
1671	165.075
1672	165
1673	164.7
1672	165.05
1671	165.125
1672	165.1
1672	165.15
1671	165.225
1671	165.325
1671	165.375
1671	165.375
1670	165.6
1671	165.375
1671	165.425
1671	165.425
1670	165.7
1671	165.475
1671	165.525
1670	165.8
1670	165.8
1670	165.95
1669	166.05
1669	166.05
1670	166
1670	166.05
1669	166.1
1669	166.1
1670	166.1
1670	166.15
1669	166.25
1669	166.3
1669	166.4
1668	166.95
1668	166.95
1668	167.05
1669	166.55
1668	167.1
1668	167.05
1669	166.55
1669	166.6
1668	167.2
1668	167.15
1668	167.3
1668	167.3
1667	167.65
1667	167.65
1668	167.35
1667	167.7
1667	167.65
1667	167.65
1668	167.3
1667	167.65
1667	167.65
1667	167.7
1667	167.8
1666	168.1
1665	168.4
1666	168.2
1666	168.15
1665	168.45
1666	168.2
1667	167.9
1666	168.25
1665	168.55
1666	168.35
1666	168.45
1665	168.75
1664	169.05
1665	168.95
1665	168.95
1664	169.2
1665	169.05
1665	169.05
1665	169.05
1665	169.1
1665	169.25
1664	169.5
1664	169.5
1664	169.55
1664	169.65
1663	169.95
1663	169.95
1664	169.75
1664	169.75
1663	170.05
1663	170.05
1664	169.8
1664	169.85
1662	170.2
1663	170.2
1663	170.3
1662	170.4
1662	170.35
1663	170.35
1663	170.4
1662	170.4
1662	170.45
1663	170.45
1663	170.5
1662	170.55
1661	170.9
1662	170.7
1661	171
1660	171.3
1661	171.05
1662	170.75
1661	171.05
1661	171.05
1661	171.1
1662	170.85
1661	171.15
1660	171.45
1660	171.5
1661	171.3
1660	171.55
1660	171.55
1660	171.6
1660	171.6
1660	171.5
1660	171.5
1661	171.25
1660	171.55
1659	171.7
1659	171.75
1659	171.8
1659	171.75
1659	171.75
1660	171.65
1659	171.8
1659	171.8
1659	171.85
1660	171.7
1659	171.9
1658	172.25
1658	172.35
1659	172.05
1658	172.4
1657	172.7
1658	172.45
1658	172.55
1658	172.55
1658	172.65
1658	172.75
1657	173.05
1656	173.6
1657	173.25
1657	173.25
1656	173.75
1656	173.75
1657	173.3
1657	173.35
1657	173.35
1657	173.35
1657	173.45
1656	174
1656	174
1656	174.05
1656	174.15
1655	174.45
1655	174.45
1656	174.15
1656	174.2
1656	174.2
1655	174.55
1656	174.3
1655	174.65
1655	174.65
1655	174.7
1655	174.75
1654	175.05
1654	175.05
1655	174.85
1655	174.85
1654	175.15
1654	175.2
1655	174.95
1654	175.3
1653	175.35
1653	175.4
1654	175.4
1653	175.4
1653	175.4
1654	175.4
1654	175.45
1653	175.5
1653	175.55
1654	175.55
1652	175.8
1652	175.8
1653	175.6
1653	175.55
1652	175.7
1653	175.5
1653	175.5
1653	175.5
1652	175.7
1652	175.7
1652	175.8
1651	176
1651	175.95
1652	175.8
1652	175.85
1651	176
1651	176
1652	175.85
1652	175.9
1651	176.1
1650	176.35
1651	176.2
1650	176.45
1650	176.45
1650	176.5
1651	176.3
1650	176.55
1650	176.55
1651	176.4
1651	176.45
1649	176.9
1649	176.95
1650	176.9
1649	177.15
1649	177.1
1650	177
1650	177.05
1649	177.3
1649	177.4
1649	177.5
1648	177.8
1647	178.35
1648	177.85
1649	177.6
1648	177.85
1648	177.85
1649	177.65
1648	177.95
1647	178.5
1648	178.05
1648	178.15
1647	178.65
1647	178.65
1648	178.15
1648	178.2
1647	178.7
1647	178.7
1648	178.3
1647	178.85
1646	179.1
1646	179.2
1646	179.2
1646	179.15
1646	179.2
1647	179
1646	179.2
1646	179.2
1646	179.3
1646	179.35
1645	179.5
1645	179.55
1646	179.4
1645	179.65
1645	179.6
1645	179.6
1646	179.45
1645	179.65
1644	179.9
1645	179.8
1644	180.05
1644	180
1644	180
1645	179.8
1644	180.05
1644	180.05
1645	179.85
1644	180.15
1643	180.35
1643	180.4
1644	180.3
1643	180.45
1643	180.45
1643	180.5
1644	180.35
1643	180.5
1643	180.55
1643	180.6
1643	180.7
1642	180.95
1642	180.95
1643	180.75
1642	181
1642	181
1643	180.85
1642	181.1
1642	181.05
1642	181.2
1642	181.25
1641	181.2
1641	181.2
1642	181.3
1641	181.25
1641	181.25
1642	181.35
1641	181.35
1640	181.6
1640	181.65
1641	181.45
1640	181.75
1640	181.7
1641	181.5
1641	181.5
1640	181.8
1640	181.8
1640	181.9
1639	182.15
1639	182.1
1640	182
1640	182
1639	182.15
1640	182
1640	182.05
1638	182.5
1638	182.55
1639	182.4
1638	182.65
1638	182.6
1639	182.4
1639	182.45
1638	182.65
1638	182.7
1638	182.75
1637	182.95
1637	182.9
1638	182.8
1638	182.85
1637	182.95
1638	182.85
1638	182.9
1637	183.05
1636	183.3
1636	183.35
1637	183.2
1636	183.45
1636	183.4
1637	183.25
1637	183.25
1636	183.5
1636	183.55
1636	183.6
1635	184
1635	184.05
1636	183.65
1636	183.65
1635	184.05
1636	183.65
1636	183.7
1635	184.05
1635	184.1
1635	184.2
1634	184.5
1635	184.2
1636	183.9
1635	184.25
1634	184.55
1634	184.65
1634	184.75
1633	185.05
1633	185.05
1634	184.8
1633	185.05
1634	184.75
1634	184.85
1634	184.8
1633	185.15
1633	185.25
1633	185.3
1632	185.6
1633	185.3
1634	185
1633	185.35
1632	185.65
1633	185.45
1632	185.8
1631	185.9
1632	185.8
1633	185.55
1632	185.85
1631	185.95
1632	185.9
1632	185.95
1631	186.05
1631	186.1
1631	186.15
1631	186.15
1631	186.15
1632	186.05
1631	186.2
1630	186.65
1631	186.3
1630	186.75
1629	186.85
1630	186.75
1631	186.4
1630	186.75
1630	186.8
1630	186.9
1629	187.05
1629	187.05
1630	186.95
1629	187.1
1629	187.05
1629	187.1
1630	187.05
1628	187.35
1628	187.35
1629	187.3
1628	187.4
1628	187.4
1629	187.3
1628	187.5
1628	187.45
1628	187.55
1628	187.6
1627	187.8
1627	187.8
1628	187.6
1627	187.85
1627	187.85
1628	187.65
1627	188
1626	188.05
1626	188.1
1627	188.05
1626	188.15
1626	188.15
1627	188.1
1627	188.15
1626	188.2
1626	188.25
1626	188.35
1625	188.55
1625	188.5
1626	188.4
1626	188.45
1625	188.6
1625	188.65
1625	188.7
1624	188.9
1625	188.7
1626	188.55
1625	188.75
1624	188.9
1625	188.85
1624	189.05
1623	189.2
1624	189.1
1624	189.15
1624	189.1
1625	189
1623	189.35
1623	189.35
1623	189.45
1623	189.45
1622	189.6
1623	189.45
1624	189.4
1623	189.55
1623	189.55
1623	189.65
1622	189.75
1622	189.8
1622	189.85
1622	189.85
1622	189.8
1622	189.9
1622	189.95
1621	190.2
1621	190.2
1622	190
1621	190.25
1621	190.2
1621	190.3
1622	190.1
1620	190.45
1620	190.5
1621	190.4
1620	190.55
1620	190.5
1621	190.45
1621	190.5
1620	190.6
1620	190.7
1620	190.75
1619	191.05
1620	190.8
1620	190.8
1619	191.1
1619	191.1
1619	191.2
1618	191.35
1618	191.35
1619	191.25
1619	191.25
1618	191.4
1619	191.3
1619	191.3
1617	191.6
1618	191.55
1618	191.6
1618	191.55
1618	191.55
1619	191.45
1618	191.65
1617	191.8
1617	191.9
1617	191.95
1616	192
1617	191.9
1618	191.8
1616	192.05
1616	192.05
1617	192.05
1616	192.15
1615	192.55
1617	192.1
1616	192.2
1616	192.2
1616	192.2
1616	192.3
1615	192.7
1615	192.7
1616	192.35
1615	192.75
1615	192.75
1615	192.8
1615	192.85
1614	193.05
1615	192.85
1615	192.9
1614	193.15
1615	192.95
1615	193
1614	193.25
1613	193.5
1614	193.3
1613	193.55
1613	193.55
1614	193.35
1613	193.7
1613	193.6
1613	193.65
1613	193.75
1612	194.05
1613	193.7
1614	193.5
1613	193.8
1612	194.15
1612	194.2
1612	194.25
1611	194.35
1612	194.2
1613	193.9
1612	194.3
1611	194.45
1611	194.45
1611	194.5
1610	194.7
1611	194.5
1612	194.4
1611	194.5
1610	194.7
1611	194.6
1610	194.8
1610	194.8
1610	194.85
1611	194.65
1610	194.85
1610	194.85
1610	194.95
1609	195
1609	195
1610	194.95
1610	195
1609	195.05
1609	195.1
1610	195.1
1608	195.4
1608	195.45
1609	195.2
1608	195.5
1608	195.45
1609	195.25
1608	195.55
1607	195.75
1608	195.6
1608	195.65
1608	195.55
1608	195.6
1608	195.7
1607	195.85
1607	195.9
1608	195.75
1607	195.95
1607	195.95
1607	196.05
1607	196.05
1606	196.1
1606	196.2
1607	196.15
1606	196.2
1606	196.2
1607	196.25
1605	196.4
1605	196.45
1606	196.35
1605	196.5
1605	196.45
1606	196.35
1606	196.4
1605	196.5
1605	196.55
1605	196.65
1604	196.85
1605	196.6
1605	196.7
1604	196.9
1604	196.95
1604	197.05
1603	197.25
1604	197
1605	196.85
1604	197.1
1603	197.3
1603	197.35
1603	197.4
1603	197.35
1603	197.4
1604	197.2
1603	197.4
1603	197.45
1603	197.55
1602	197.6
1602	197.55
1603	197.55
1602	197.6
1601	197.85
1602	197.65
1602	197.75
1601	197.95
1602	197.75
1602	197.8
1601	198
1601	198.05
1601	198.15
1600	198.25
1601	198.1
1602	197.95
1600	198.3
1600	198.3
1601	198.25
1600	198.4
1599	198.5
1600	198.35
1601	198.3
1600	198.4
1600	198.45
1600	198.5
1599	198.65
1599	198.65
1600	198.55
1599	198.75
1598	198.9
1599	198.8
1599	198.8
1598	198.95
1599	198.85
1598	199.05
1598	199.05
1598	199.1
1598	199.1
1597	199.15
1598	199.1
1599	198.9
1598	199.15
1597	199.2
1597	199.3
1597	199.35
1596	199.4
1597	199.3
1598	199.25
1596	199.5
1596	199.5
1597	199.45
1596	199.6
1596	199.6
1597	199.5
1596	199.65
1595	199.85
1596	199.7
1596	199.7
1595	199.9
1596	199.7
1596	199.75
1595	200
1595	200
1595	200.1
1594	200.15
1595	200.05
1596	199.9
1595	200.15
1594	200.25
1594	200.35
1594	200.35
1593	200.45
1594	200.35
1595	200.3
1593	200.5
1593	200.55
1593	200.6
1593	200.6
1593	200.55
1593	200.6
1594	200.5
1592	200.8
1592	200.85
1593	200.7
1592	200.85
1592	200.85
1593	200.75
1592	200.9
1591	201.1
1592	201
1592	201
1592	200.95
1592	201
1592	201.05
1591	201.2
1591	201.2
1592	201.15
1591	201.25
1591	201.25
1592	201.2
1590	201.45
1589	201.55
1590	201.5
1591	201.4
1590	201.45
1590	201.55
1590	201.55
1589	201.65
1590	201.55
1590	201.65
1589	201.7
1589	201.75
1590	201.7
1589	201.85
1589	201.85
1590	201.75
1589	201.85
1589	201.9
1588	202.15
1588	202.1
1588	202.15
1589	202
1588	202.15
1588	202.2
1588	202.25
1587	202.4
1587	202.35
1588	202.3
1587	202.45
1586	202.5
1587	202.55
1586	202.6
1586	202.6
1588	202.4
1587	202.6
1586	202.65
1586	202.75
1586	202.75
1585	202.7
1586	202.8
1586	202.8
1585	202.8
1585	202.8
1586	202.85
1585	202.75
1585	202.8
1586	202.9
1585	202.85
1584	202.95
1585	202.9
1585	202.95
1584	202.95
1584	203
1585	203
1583	203.4
1584	203.15
1584	203.15
1583	203.45
1584	203.2
1584	203.25
1583	203.55
1583	203.6
1584	203.3
1583	203.65
1582	203.8
1583	203.75
1582	203.8
1583	203.65
1583	203.75
1582	203.85
1582	203.9
1582	203.95
1581	204.15
1581	204.2
1582	204
1581	204.25
1580	204.25
1581	204.35
1581	204.3
1581	204.3
1581	204.35
1581	204.4
1580	204.4
1580	204.4
1581	204.4
1580	204.45
1580	204.45
1580	204.55
1579	204.7
1580	204.55
1581	204.55
1580	204.55
1579	204.8
1579	204.85
1578	204.8
1579	204.85
1579	204.9
1578	204.95
1579	204.95
1578	204.95
1578	204.95
1579	205
1577	205.15
1578	205.05
1578	205.05
1577	205.15
1578	205.1
1577	205.3
1576	205.35
1577	205.3
1578	205.2
1577	205.3
1577	205.35
1577	205.4
1576	205.5
1576	205.5
1577	205.45
1577	205.45
1575	205.65
1575	205.7
1576	205.65
1575	205.7
1575	205.7
1576	205.65
1575	205.75
1574	205.85
1575	205.85
1575	205.85
1574	205.85
1575	205.9
1574	205.9
1574	205.95
1575	205.9
1574	206
1574	205.95
1574	206.05
1574	206.05
1573	206.2
1574	206.1
1574	206.15
1573	206.3
1573	206.4
1573	206.45
1572	206.45
1573	206.35
1574	206.25
1572	206.5
1572	206.5
1573	206.5
1572	206.55
1572	206.55
1572	206.65
1572	206.65
1571	206.65
1572	206.7
1572	206.7
1571	206.7
1571	206.75
1571	206.85
1570	207
1571	206.75
1572	206.8
1570	207.05
1570	207.05
1570	207.15
1570	207.1
1570	207.1
1570	207.15
1569	207.25
1569	207.25
1570	207.25
1569	207.25
1569	207.35
1569	207.4
1568	207.45
1569	207.4
1569	207.4
1568	207.5
1569	207.5
1568	207.6
1568	207.65
1567	207.9
1568	207.7
1567	207.95
1567	208
1567	208.05
1566	208.05
1568	207.85
1567	208.05
1566	208.25
1566	208.2
1566	208.2
1567	208.25
1565	208.55
1565	208.65
1565	208.6
1565	208.6
1565	208.7
1564	208.65
1565	208.7
1565	208.7
1564	208.7
1564	208.75
1564	208.75
1564	208.8
1564	208.8
1563	208.95
1564	208.9
1564	208.85
1563	209.05
1563	209.15
1562	209.1
1563	209.15
1564	209
1562	209.1
1562	209.15
1563	209.25
1562	209.15
1562	209.15
1563	209.25
1562	209.2
1561	209.25
1562	209.3
1562	209.3
1561	209.35
1562	209.4
1561	209.45
1561	209.5
1562	209.45
1560	209.55
1560	209.55
1561	209.55
1560	209.55
1560	209.5
1560	209.55
1560	209.45
1559	209.5
1560	209.45
1559	209.4
1559	209.5
1559	209.5
1559	209.4
1560	209.4
1559	209.5
1558	209.45
1559	209.55
1558	209.55
1558	209.5
1559	209.5
1558	209.6
1557	209.7
1558	209.6
1558	209.65
1557	209.7
1557	209.75
1558	209.65
1557	209.7
1557	209.75
1558	209.7
1556	209.85
1556	209.85
1557	209.85
1556	209.85
1556	210
1556	210
1555	210.05
1556	210
1557	209.95
1555	210.1
1555	210.1
1556	210.1
1555	210.15
1555	210.1
1556	210.1
1554	210.4
1554	210.45
1555	210.3
1555	210.2
1554	210.45
1554	210.55
1554	210.55
1554	210.5
1554	210.55
1554	210.6
1553	210.7
1554	210.7
1554	210.65
1553	210.7
1553	210.8
1553	210.8
1552	210.95
1553	210.8
1553	210.85
1552	211
1552	211.05
1553	210.9
1552	211.05
1552	211.05
1552	211.15
1551	211.2
1551	211.2
1552	211.15
1552	211.15
1551	211.25
1551	211.3
1551	211.3
1551	211.3
1551	211.4
1551	211.4
1550	211.35
1550	211.45
1551	211.45
1550	211.4
1550	211.5
1550	211.5
1549	211.6
1550	211.45
1550	211.5
1549	211.55
1549	211.65
1550	211.55
1549	211.6
1548	211.65
1549	211.75
1548	211.7
1549	211.7
1549	211.8
1547	211.7
1549	211.85
1548	211.8
1547	211.75
1547	211.85
1547	211.8
1547	211.75
1548	211.85
1547	211.8
1546	211.8
1547	211.9
1547	211.85
1546	211.9
1547	212
1546	212
1546	212
1547	212.1
1546	212.05
1545	212.3
1546	212.15
1545	212.3
1545	212.4
1545	212.4
1544	212.5
1545	212.4
1545	212.45
1544	212.5
1544	212.6
1545	212.5
1544	212.6
1545	212.6
1544	212.65
1544	212.7
1544	212.8
1543	213.05
1543	213.15
1544	212.85
1543	213.1
1543	213.15
1543	213.2
1542	213.35
1542	213.4
1544	212.9
1542	213.4
1542	213.4
1543	213.3
1542	213.45
1541	213.35
1542	213.55
1541	213.4
1541	213.35
1542	213.6
1542	213.55
1540	213.4
1541	213.5
1541	213.55
1540	213.45
1540	213.55
1540	213.55
1540	213.5
1540	213.6
1541	213.55
1539	213.55
1540	213.6
1540	213.6
1539	213.55
1539	213.65
1539	213.7
1539	213.6
1539	213.65
1540	213.7
1538	213.7
1539	213.75
1539	213.8
1538	213.8
1538	213.9
1537	214.15
1538	213.85
1539	213.85
1537	214.2
1537	214.15
1538	213.95
1537	214.2
1537	214.2
1537	214.3
1536	214.45
1537	214.25
1537	214.3
1536	214.45
1536	214.5
1537	214.4
1536	214.55
1535	214.6
1536	214.7
1535	214.6
1535	214.6
1536	214.7
1535	214.65
1534	214.75
1536	214.75
1535	214.65
1535	214.75
1534	214.8
1534	214.8
1535	214.85
1533	214.85
1534	214.9
1535	214.9
1533	214.9
1533	214.9
1534	215.05
1533	214.95
1533	214.9
1534	215.05
1532	214.95
1533	214.95
1534	215.1
1532	215
1531	215.05
1533	215.15
1532	215.1
1531	215.1
1532	215.15
1531	215.15
1531	215.1
1532	215.2
1531	215.2
1530	215.25
1531	215.25
1530	215.25
1530	215.3
1531	215.35
1530	215.25
1530	215.35
1530	215.35
1529	215.7
1530	215.35
1530	215.35
1529	215.75
1529	215.85
1530	215.45
1529	215.8
1529	215.9
1529	216
1528	215.9
1529	215.95
1529	216.05
1527	216
1528	216.1
1528	216.05
1527	216.05
1528	216.05
1528	216.05
1527	216.05
1528	216.05
1528	216.1
1526	216.05
1528	216.15
1527	216.2
1526	216.1
1527	216.25
1527	216.2
1526	216.15
1526	216.3
1526	216.25
1525	216.15
1526	216.3
1526	216.3
1525	216.2
1525	216.25
1526	216.3
1525	216.2
1525	216.25
1525	216.35
1524	216.3
1525	216.35
1525	216.35
1524	216.4
1525	216.4
1525	216.4
1524	216.5
1524	216.6
1523	216.6
1523	216.55
1524	216.65
1523	216.65
1523	216.6
1523	216.65
1522	216.95
1523	216.7
1523	216.65
1522	217
1523	216.75
1522	217.05
1522	217.1
1522	217.25
1521	217.1
1521	217.1
1522	217.25
1521	217.15
1521	217.2
1522	217.25
1520	217.15
1520	217.2
1521	217.3
1520	217.1
1520	217.2
1521	217.25
1520	217.2
1520	217.35
1520	217.25
1519	217.3
1520	217.35
1519	217.35
1519	217.35
1519	217.45
1519	217.4
1518	217.4
1519	217.5
1518	217.4
1518	217.45
1519	217.55
1518	217.45
1517	217.5
1518	217.55
1517	217.45
1518	217.55
1517	217.55
1517	217.5
1518	217.6
1516	217.9
1516	217.95
1517	217.75
1516	218
1516	218
1517	217.8
1516	217.95
1516	218.05
1516	218.1
1515	218.1
1515	218.15
1516	218.1
1514	218.05
1515	218.25
1514	218.15
1514	218.15
1515	218.3
1514	218.15
1514	218.25
1515	218.35
1514	218.2
1514	218.3
1515	218.4
1513	218.25
1514	218.3
1514	218.4
1513	218.3
1513	218.35
1513	218.45
1513	218.35
1513	218.45
1512	218.5
1512	218.5
1513	218.45
1512	218.55
1511	218.55
1512	218.65
1512	218.6
1511	218.6
1512	218.75
1511	218.65
1510	218.65
1511	218.75
1511	218.65
1510	218.65
1511	218.75
1511	218.7
1510	218.7
1511	218.8
1509	218.9
1510	218.8
1510	218.8
1509	219
1510	218.95
1509	218.95
1509	219.1
1509	219.1
1509	219.05
1509	219.2
1509	219.2
1508	219.2
1508	219.3
1508	219.25
1507	219.35
1508	219.35
1507	219.35
1507	219.35
1508	219.3
1507	219.35
1508	219.35
1506	219.35
1508	219.35
1506	219.4
1506	219.4
1507	219.55
1505	219.4
1505	219.45
1506	219.55
1505	219.4
1506	219.5
1506	219.5
1505	219.4
1505	219.5
1506	219.6
1504	219.55
1504	219.6
1505	219.6
1504	219.55
1504	219.7
1504	219.65
1503	219.9
1504	219.75
1504	219.7
1503	219.85
1504	219.7
1503	219.95
1503	219.95
1504	219.8
1502	219.9
1502	219.95
1503	220.1
1502	219.95
1502	219.9
1502	220.05
1502	220
1502	220
1502	220.1
1501	220.05
1501	220.1
1501	220.15
1500	220.1
1502	220.1
1500	220.15
1500	220.2
1501	220.25
1500	220.2
1500	220.2
1500	220.2
1500	220.15
1500	220.25
1499	220.5
1499	220.5
1499	220.55
1498	220.5
1499	220.55
1499	220.6
1498	220.55
1499	220.7
1498	220.6
1497	220.55
1498	220.75
1497	220.55
1498	220.75
1497	220.55
1497	220.55
1498	220.75
1497	220.55
1497	220.65
1498	220.8
1496	220.7
1496	220.8
1497	220.75
1495	220.7
1496	220.75
1495	220.6
1496	220.8
1495	220.6
1495	220.75
1495	220.8
1494	220.7
1495	220.85
1495	220.75
1494	220.8
1495	220.8
1494	220.75
1494	220.8
1494	220.85
1493	220.85
1493	221
1493	220.9
1493	220.85
1494	220.9
1493	220.85
1493	220.85
1493	220.95
1492	220.95
1493	220.95
1493	221.05
1491	221.1
1492	221.15
1491	221.15
1491	221.2
1492	221.25
1491	221.2
1491	221.2
1492	221.25
1491	221.2
1491	221.35
1490	221.55
1490	221.55
1491	221.4
1490	221.55
1490	221.6
1491	221.45
1489	221.65
1490	221.75
1489	221.7
1490	221.75
1489	221.7
1489	221.85
1489	221.8
1488	221.75
1489	221.85
1488	221.75
1488	221.75
1489	221.9
1487	221.8
1488	221.8
1489	221.9
1487	221.85
1487	221.95
1487	221.9
1486	222.1
1487	222.05
1487	221.95
1486	222.05
1487	222
1487	221.95
1486	222.15
1486	222.3
1485	222.1
1485	222.2
1486	222.25
1484	222
1485	222.2
1485	222.25
1484	222.05
1485	222.3
1484	222
1484	222.1
1485	222.3
1483	222.1
1484	222.2
1484	222.2
1483	222.1
1483	222.25
1483	222.15
1483	222.15
1484	222.3
1483	222.15
1483	222.3
1483	222.25
1482	222.3
1483	222.3
1483	222.3
1481	222.55
1482	222.4
1481	222.6
1480	222.6
1482	222.5
1481	222.65
1481	222.55
1481	222.7
1480	222.6
1480	222.6
1481	222.75
1480	222.55
1480	222.6
1481	222.75
1480	222.65
1480	222.65
1481	222.75
1479	222.8
1479	222.85
1480	222.8
1478	222.8
1479	222.9
1480	222.8
1478	222.8
1479	223
1477	223
1478	222.95
1478	222.9
1478	222.8
1478	222.9
1478	222.95
1477	223
1478	222.95
1477	223.1
1477	223.1
1478	223
1476	223.05
1477	223.25
1476	223.05
1476	223.25
1476	223.2
1475	223.05
1477	223.25
1475	223.1
1475	223.2
1475	223.15
1474	223.15
1475	223.25
1475	223.15
1474	223.15
1474	223.3
1474	223.2
1474	223.3
1474	223.3
1473	223.25
1474	223.35
1473	223.25
1474	223.35
1472	223.4
1472	223.4
1473	223.4
1472	223.4
1472	223.45
1471	223.55
1472	223.5
1471	223.55
1471	223.7
1472	223.55
1471	223.55
1471	223.7
1471	223.6
1470	223.55
1471	223.75
1471	223.65
1470	223.6
1470	223.6
1470	223.55
1470	223.7
1469	223.9
1469	223.9
1470	223.65
1469	223.85
1470	223.7
1469	224
1468	223.85
1469	224.05
1469	224.05
1468	223.85
1468	223.95
1469	224.05
1467	223.85
1468	224
1468	223.9
1467	223.9
1468	224
1467	223.8
1467	224
1466	223.75
1466	223.9
1467	223.95
1466	223.8
1466	223.95
1466	223.85
1466	223.8
1466	223.95
1465	224.25
1466	224
1465	224.3
1465	224.35
1466	224.05
1464	224.3
1465	224.5
1464	224.35
1464	224.35
1465	224.5
1463	224.3
1464	224.5
1463	224.35
1463	224.35
1463	224.35
1462	224.25
1463	224.4
1463	224.3
1462	224.3
1463	224.45
1462	224.3
1462	224.35
1463	224.45
1462	224.35
1462	224.35
1463	224.45
1461	224.55
1461	224.7
1461	224.7
1460	224.55
1461	224.7
1461	224.6
1460	224.5
1461	224.7
1461	224.7
1460	224.55
1460	224.65
1459	224.5
1460	224.7
1459	224.55
1459	224.6
1460	224.75
1459	224.6
1459	224.7
1458	224.95
1458	224.9
1459	224.75
1458	224.95
1458	225.05
1457	224.95
1457	225
1457	224.9
1457	225.05
1458	225.05
1456	224.9
1457	225.1
1456	224.85
1456	224.9
1456	224.9
1455	224.95
1456	225
1455	224.85
1456	225
1455	224.9
1455	224.9
1455	225
1455	224.9
1455	225.1
1455	225
1454	225.05
1454	225.15
1455	225.05
1454	225.1
1454	225.25
1453	225.05
1454	225.25
1453	225.1
1453	225.2
1452	225.3
1453	225.2
1452	225.35
1452	225.45
1451	225.35
1452	225.4
1451	225.35
1451	225.3
1452	225.4
1450	225.25
1451	225.3
1451	225.35
1450	225.3
1451	225.45
1450	225.25
1450	225.4
1450	225.3
1449	225.35
1450	225.4
1449	225.4
1449	225.55
1450	225.4
1448	225.55
1449	225.55
1448	225.55
1448	225.7
1448	225.6
1447	225.6
1448	225.65
1447	225.5
1447	225.6
1448	225.6
1446	225.5
1447	225.7
1447	225.6
1446	225.5
1447	225.7
1446	225.5
1447	225.7
1446	225.55
1445	225.85
1446	225.6
1445	225.85
1446	225.7
1445	225.85
1445	225.9
1445	225.95
1444	225.9
1445	226.05
1444	225.9
1444	226
1445	225.95
1443	225.8
1444	226.05
1443	225.8
1443	225.9
1444	226.1
1443	225.8
1443	225.95
1442	226.1
1442	226.2
1443	225.95
1442	226.1
1443	226
1442	226.15
1442	226.3
1441	226.2
1440	226.05
1441	226.3
1441	226.15
1441	226.3
1440	226.05
1440	226.1
1441	226.25
1439	226.1
1440	226.15
1439	226.1
1439	226.2
1439	226.05
1439	226.2
1439	226.15
1439	226.05
1440	226.2
1438	226.25
1439	226.3
1438	226.35
1438	226.4
1438	226.4
1437	226.25
1438	226.4
1436	226.2
1437	226.35
1436	226.15
1436	226.3
1437	226.25
1436	226.3
1437	226.35
1435	226.45
1435	226.6
1436	226.3
1435	226.5
1436	226.35
1435	226.5
1435	226.65
1435	226.6
1434	226.6
1435	226.6
1434	226.55
1434	226.65
1434	226.6
1433	226.45
1434	226.65
1433	226.45
1433	226.5
1433	226.45
1432	226.75
1434	226.7
1432	226.7
1432	226.75
1433	226.55
1432	226.75
1433	226.65
1431	226.75
1432	226.85
1432	226.85
1431	226.8
1431	226.8
1431	226.85
1431	226.8
1430	226.7
1430	226.75
1429	226.85
1430	226.75
1429	226.85
1430	226.75
1429	226.85
1429	226.95
1428	226.85
1429	227.05
1428	226.85
1428	226.95
1428	226.9
1427	226.75
1429	227.05
1427	226.75
1428	227
1427	226.75
1427	226.95
1426	227.05
1426	227.15
1426	227.1
1426	227
1426	227.2
1425	227.05
1426	227.1
1426	227.05
1425	227.15
1425	227.1
1424	227
1425	227.2
1424	226.95
1425	227.2
1424	226.95
1425	227.2
1423	227.2
1423	227.25
1424	227.1
1423	227.2
1424	227.15
1422	227.15
1423	227.35
1422	227.15
1422	227.15
1423	227.3
1422	227.15
1422	227.3
1421	227.15
1421	227.15
1422	227.3
1421	227.1
1422	227.3
1420	227.4
1421	227.3
1420	227.4
1421	227.3
1419	227.3
1420	227.6
1419	227.35
1419	227.45
1419	227.3
1419	227.45
1419	227.4
1418	227.55
1419	227.45
1418	227.5
1418	227.65
1417	227.5
1418	227.65
1417	227.5
1417	227.65
1417	227.6
1416	227.45
1417	227.6
1416	227.45
1417	227.6
1415	227.65
1416	227.55
1415	227.6
1416	227.5
1415	227.6
1415	227.7
1415	227.7
1414	227.6
1415	227.75
1414	227.6
1414	227.7
1413	227.55
1413	227.65
1414	227.65
1413	227.55
1414	227.7
1413	227.55
1412	227.7
1412	227.65
1412	227.7
1413	227.6
1412	227.6
1413	227.65
1411	227.65
1412	227.8
1411	227.65
1412	227.8
1410	227.65
1411	227.85
1410	227.7
1410	227.8
1410	227.7
1410	227.75
1411	227.85
1409	227.9
1410	227.85
1409	227.95
1409	228
1409	227.95
1408	227.9
1408	227.85
1407	227.7
1409	228.05
1407	227.7
1407	227.7
1408	227.75
1407	227.7
1408	227.9
1406	227.85
1407	227.85
1406	227.85
1407	227.85
1406	227.85
1406	228
1405	227.8
1405	227.9
1406	227.95
1405	227.85
1406	228
1404	227.75
1405	227.95
1404	227.7
1405	227.95
1404	227.75
1403	227.75
1404	227.75
1403	227.7
1404	227.8
1403	227.75
1403	227.9
1402	227.9
1402	228
1403	227.8
1402	227.95
1402	227.9
1401	228
1402	228
1401	227.95
1401	227.95
1400	227.9
1401	228.05
1400	227.85
1401	228.05
1400	227.95
1400	227.85
1401	228
1399	227.95
1400	228
1399	227.95
1400	228
1398	228.2
1399	228.1
1398	228.2
1398	228.35
1397	228.2
1398	228.35
1397	228.2
1398	228.3
1397	228.2
1397	228.35
1396	228.2
1396	228.3
1396	228.2
1396	228.3
1396	228.2
1395	228.2
1396	228.3
1395	228.15
1396	228.35
1394	228.1
1396	228.35
1394	228.1
1395	228.3
1394	228.1
1395	228.35
1393	228.15
1394	228.3
1393	228.1
1394	228.25
1392	228.35
1393	228.25
1392	228.35
1393	228.2
1391	228.4
1393	228.25
1391	228.45
1391	228.6
1391	228.5
1391	228.5
1391	228.5
1390	228.5
1391	228.55
1389	228.55
1390	228.5
1389	228.5
1390	228.55
1389	228.5
1389	228.6
1388	228.55
1389	228.6
1388	228.6
1388	228.7
1388	228.65
1388	228.7
1387	228.5
1387	228.55
1388	228.65
1386	228.45
1388	228.75
1386	228.45
1387	228.65
1386	228.45
1386	228.6
1385	228.5
1386	228.55
1385	228.5
1386	228.55
1385	228.45
1385	228.55
1385	228.55
1384	228.7
1384	228.6
1384	228.65
1384	228.6
1383	228.8
1383	228.7
1383	228.85
1382	228.7
1383	228.85
1382	228.7
1382	228.8
1381	228.7
1382	228.8
1381	228.7
1381	228.7
1382	228.75
1380	228.7
1382	228.8
1380	228.75
1381	228.8
1380	228.8
1381	228.85
1379	228.55
1380	228.85
1379	228.6
1379	228.55
1378	228.95
1379	228.55
1378	228.9
1378	228.9
1377	228.6
1378	228.95
1377	228.65
1377	228.65
1377	228.7
1376	228.75
1377	228.7
1376	228.7
1376	228.9
1376	228.75
1376	228.9
1374	228.75
1375	228.8
1375	228.85
1374	228.75
1374	228.8
1374	228.7
1375	228.85
1373	228.8
1374	228.85
1372	228.8
1373	228.9
1372	228.8
1373	228.9
1372	228.9
1372	228.8
1372	228.9
1371	228.9
1371	229
1370	229
1371	229
1370	229.1
1370	229.15
1370	229
1370	229.15
1369	228.95
1370	229.15
1369	228.95
1370	229.15
1368	229.15
1369	229.15
1368	229.15
1369	229.1
1367	228.9
1369	229.1
1367	228.95
1368	229.25
1366	229.2
1368	229.25
1366	229.2
1367	229.05
1366	229.15
1367	229
1365	229.05
1366	229.3
1365	229.1
1366	229.3
1364	229.15
1366	229.35
1364	229.15
1365	229.2
1363	229.15
1364	229.25
1363	229.15
1364	229.25
1362	229.05
1363	229.2
1362	229
1363	229.2
1361	229.2
1362	229.15
1361	229.2
1362	229.1
1361	229.15
1362	229.15
1360	229.1
1361	229.3
1359	229.15
1360	229.15
1359	229.15
1359	229.15
1358	229.15
1359	229.1
1358	229.1
1358	229.05
1358	229.15
1358	229.1
1358	229.2
1358	229.2
1357	229.25
1357	229.2
1357	229.25
1357	229.2
1357	229.25
1357	229.25
1356	229.1
1357	229.35
1355	229.05
1356	229.2
1355	229.05
1356	229.2
1355	229
1356	229.2
1354	229.05
1355	229.2
1354	229.1
1355	229.2
1353	229.05
1354	229.25
1353	229.1
1354	229.2
1352	229.3
1353	229.15
1352	229.25
1353	229.2
1351	229.2
1353	229.15
1351	229.2
1352	229.35
1351	229.2
1352	229.35
1350	229.25
1351	229.35
1349	229.15
1351	229.35
1349	229.15
1350	229.35
1349	229.15
1350	229.3
1348	229.35
1349	229.2
1348	229.3
1349	229.2
1347	229.25
1348	229.35
1347	229.25
1348	229.35
1346	229.25
1347	229.35
1346	229.3
1347	229.35
1345	229.15
1347	229.35
1345	229.1
1346	229.4
1344	229.3
1345	229.2
1344	229.3
1345	229.15
1344	229.25
1345	229.2
1343	229.25
1344	229.35
1343	229.25
1344	229.35
1343	229.25
1344	229.35
1342	229.3
1343	229.4
1341	229.25
1342	229.35
1341	229.2
1342	229.35
1340	229.3
1342	229.35
1340	229.35
1341	229.25
1340	229.3
1341	229.3
1339	229.25
1340	229.4
1339	229.25
1340	229.4
1338	229.225
1339	229.3
1338	229.225
1339	229.35
1337	229.35
1338	229.325
1337	229.35
1337	229.35
1336	229.275
1338	229.275
1336	229.225
1337	229.35
1336	229.225
1336	229.375
1335	229.4
1336	229.375
1335	229.4
1336	229.425
1334	229.45
1335	229.5
1334	229.45
1334	229.6
1333	229.35
1334	229.6
1333	229.35
1333	229.45
1333	229.3
1333	229.5
1332	229.3
1332	229.45
1331	229.3
1332	229.4
1331	229.25
1332	229.4
1331	229.3
1331	229.4
1330	229.15
1331	229.4
1329	229.2
1330	229.3
1329	229.25
1330	229.25
1329	229.2
1329	229.35
1329	229.25
1329	229.35
1328	229.15
1329	229.35
1327	229.25
1328	229.35
1327	229.25
1328	229.3
1326	229.15
1328	229.3
1326	229.1
1327	229.35
1325	229.05
1327	229.35
1325	229.1
1326	229.25
1324	228.9
1326	229.3
1324	228.9
1325	229.2
1324	228.9
1324	229.05
1323	228.95
1324	229
1323	228.95
1323	229.05
1322	228.8
1322	228.9
1322	228.7
1322	228.85
1322	228.75
1322	228.85
1321	229.05
1321	229.15
1321	229.05
1321	229.15
1320	228.95
1321	229.2
1320	228.95
1320	229.05
1319	229.2
1320	229.1
1319	229.2
1320	229.1
1318	229.3
1320	229.05
1318	229.3
1319	229.3
1317	229.2
1319	229.35
1317	229.2
1318	229.4
1316	229.3
1318	229.45
1316	229.3
1317	229.35
1316	229.35
1317	229.3
1315	229.15
1316	229.4
1315	229.15
1316	229.4
1314	229.3
1315	229.3
1314	229.3
1315	229.25
1313	229.3
1314	229.4
1313	229.35
1314	229.4
1312	229.25
1314	229.4
1312	229.25
1313	229.4
1311	229.3
1313	229.35
1311	229.25
1312	229.35
1310	229.35
1312	229.3
1310	229.35
1311	229.45
1310	229.3
1310	229.45
1309	229.35
1310	229.45
1309	229.4
1310	229.45
1308	229.3
1309	229.55
1308	229.25
1309	229.5
1307	229.2
1309	229.45
1307	229.25
1308	229.35
1306	229.15
1308	229.4
1306	229.15
1307	229.4
1305	229.25
1306	229.25
1305	229.2
1306	229.2
1305	229.2
1305	229.35
1304	229.25
1305	229.3
1304	229.25
1305	229.35
1303	229.25
1304	229.4
1303	229.25
1304	229.4
1302	229.3
1303	229.4
1302	229.3
1303	229.4
1302	229.25
1302	229.45
1301	229.2
1301	229.3
1300	229.2
1301	229.3
1300	229.15
1300	229.25
1299	229.1
1300	229.25
1299	229.1
1300	229.3
1299	229.1
1299	229.25
1298	229.2
1299	229.25
1298	229.2
1298	229.35
1297	229.1
1298	229.35
1297	229.05
1297	229.15
1296	229.15
1297	229.2
1296	229.15
1297	229.15
1295	229.1
1296	229.25
1294	228.95
1296	229.25
1294	228.95
1295	229.25
1294	228.9
1295	229.2
1293	229.05
1294	229.1
1293	229.05
1293	229.15
1293	229
1293	229.2
1292	228.9
1292	229
1292	228.95
1292	229
1291	229
1291	229.05
1291	228.9
1291	229
1291	228.9
1291	229.05
1290	228.8
1290	228.9
1290	228.85
1290	228.9
1289	229.05
1289	229.15
1288	229.05
1289	229.15
1288	229
1288	229.15
1287	229
1288	229.1
1287	229
1287	229.15
1286	229.05
1287	229.15
1286	229
1287	229.15
1285	228.85
1286	229.1
1285	228.85
1286	229.05
1285	228.8
1285	228.9
1284	229
1285	228.85
1284	229
1284	229
1283	229.05
1283	229.05
1283	229.05
1283	229.05
1282	228.85
1283	229.05
1282	228.8
1283	229.05
1281	228.95
1282	228.9
1281	228.95
1282	228.85
1280	228.75
1281	229
1279	228.8
1280	228.75
1279	228.9
1279	228.8
1279	228.85
1279	228.8
1278	228.85
1277	228.7
1278	228.8
1277	228.65
1278	228.8
1278	228.7
1277	228.75
1277	228.7
1276	228.8
1276	228.7
1276	228.8
1276	228.7
1276	228.8
1275	228.75
1275	228.85
1275	228.7
1274	228.85
1274	228.75
1274	228.7
1274	228.7
1274	228.7
1274	228.65
1273	228.8
1273	228.75
1272	228.6
1273	228.7
1272	228.55
1273	228.8
1271	228.65
1272	228.65
1271	228.65
1272	228.6
1271	228.65
1271	228.7
1270	228.75
1271	228.65
1270	228.75
1271	228.65
1269	228.55
1271	228.7
1269	228.55
1270	228.85
1268	228.6
1269	228.7
1268	228.6
1269	228.7
1267	228.6
1269	228.65
1267	228.6
1268	228.7
1266	228.4
1267	228.75
1266	228.4
1267	228.75
1265	228.65
1266	228.55
1265	228.55
1266	228.55
1265	228.55
1266	228.55
1264	228.5
1265	228.7
1263	228.5
1264	228.6
1263	228.5
1264	228.6
1262	228.5
1263	228.6
1262	228.45
1263	228.55
1262	228.45
1262	228.6
1261	228.4
1262	228.6
1261	228.35
1262	228.55
1260	228.45
1261	228.55
1260	228.45
1261	228.55
1259	228.45
1260	228.6
1259	228.5
1260	228.6
1258	228.35
1259	228.55
1258	228.4
1259	228.6
1257	228.5
1258	228.5
1257	228.45
1258	228.5
1256	228.35
1257	228.6
1256	228.35
1257	228.6
1255	228.4
1256	228.45
1255	228.3
1256	228.4
1255	228.35
1256	228.45
1254	228.35
1255	228.55
1253	228.4
1255	228.5
1253	228.35
1254	228.45
1252	228.2
1254	228.45
1252	228.15
1253	228.5
1251	228.3
1252	228.3
1251	228.25
1252	228.25
1251	228.15
1251	228.25
1250	228
1251	228.3
1250	228.05
1251	228.35
1249	228.25
1250	228.25
1249	228.25
1249	228.35
1249	228.25
1248	228.3
1248	228.25
1248	228.3
1248	228.25
1248	228.2
1248	228.2
1247	228.1
1247	228.15
1246	228.1
1247	228.15
1246	228
1247	228.1
1246	228.1
1246	228.05
1245	228.15
1246	228.1
1245	228.1
1245	228.05
1244	228.15
1245	228.05
1244	228.1
1244	228.15
1243	228
1244	228.1
1243	228
1244	228.15
1242	228.1
1243	228.05
1242	228.15
1242	228.15
1241	228
1242	228.05
1241	228
1241	228
1240	227.95
1241	228.05
1240	228
1241	228.05
1239	227.85
1240	228
1239	227.8
1240	227.95
1238	227.95
1239	227.85
1238	228
1238	228
1237	228
1238	228
1237	227.95
1237	227.95
1236	227.8
1237	227.9
1236	227.8
1237	227.95
1235	227.8
1236	227.85
1235	227.75
1236	227.85
1234	227.65
1235	227.9
1233	227.75
1234	227.75
1233	227.7
1234	227.75
1233	227.7
1234	227.75
1232	227.65
1233	227.8
1232	227.65
1232	227.75
1231	227.65
1232	227.75
1231	227.65
1231	227.75
1231	227.65
1231	227.75
1230	227.65
1230	227.7
1230	227.6
1230	227.65
1229	227.55
1229	227.6
1229	227.55
1228	227.55
1229	227.55
1228	227.55
1229	227.55
1227	227.45
1229	227.55
1227	227.4
1228	227.65
1226	227.4
1227	227.6
1225	227.45
1227	227.5
1225	227.4
1226	227.5
1224	227.3
1225	227.55
1224	227.25
1225	227.45
1224	227.15
1225	227.4
1223	227.2
1224	227.3
1223	227.25
1224	227.35
1222	227.15
1223	227.4
1222	227.2
1222	227.2
1222	227.15
1222	227.2
1222	227.2
1221	227.35
1221	227.3
1220	227.2
1221	227.3
1220	227.15
1221	227.3
1219	227.05
1220	227.1
1219	227.05
1220	227.15
1218	227.1
1219	227
1218	227.05
1219	227.05
1217	227
1219	227.15
1217	226.95
1218	227.25
1216	227
1218	227.2
1216	227
1217	227.1
1215	226.8
1216	227.15
1215	226.75
1216	227.1
1215	226.75
1215	226.95
1214	226.9
1215	226.95
1214	226.9
1214	226.95
1214	226.9
1213	226.85
1214	226.9
1213	226.9
1213	226.9
1212	226.8
1213	226.85
1212	226.7
1212	226.75
1211	226.85
1212	226.8
1211	226.8
1212	226.75
1210	226.85
1211	226.9
1209	226.7
1211	226.9
1209	226.7
1210	226.9
1209	226.7
1209	226.85
1208	226.85
1209	226.85
1208	226.8
1209	226.8
1207	226.6
1208	226.95
1207	226.6
1207	226.75
1206	226.8
1206	226.9
1206	226.8
1206	226.9
1206	226.75
1206	226.85
1206	226.8
1205	226.75
1205	226.75
1204	226.75
1205	226.7
1204	226.65
1205	226.8
1203	226.7
1204	226.8
1203	226.65
1204	226.8
1202	226.75
1204	226.8
1202	226.7
1203	226.85
1201	226.65
1203	226.85
1201	226.6
1202	226.85
1200	226.6
1201	226.75
1200	226.6
1201	226.75
1199	226.6
1200	226.75
1198	226.55
1199	226.7
1198	226.55
1199	226.7
1197	226.55
1198	226.6
1197	226.5
1198	226.55
1197	226.5
1197	226.6
1196	226.45
1196	226.6
1196	226.45
1196	226.55
1196	226.5
1195	226.45
1196	226.5
1195	226.45
1195	226.5
1194	226.35
1195	226.5
1193	226.3
1195	226.5
1193	226.3
1194	226.45
1192	226.25
1194	226.4
1192	226.2
1193	226.4
1192	226.2
1193	226.35
1191	226
1192	226.4
1191	226.05
1192	226.4
1190	226.1
1191	226.2
1189	225.95
1190	226.2
1189	225.95
1189	225.95
1189	225.9
1189	225.95
1189	225.95
1188	225.9
1189	225.95
1188	225.85
1188	225.85
1187	225.9
1188	225.85
1186	225.65
1188	225.9
1186	225.7
1187	226
1185	226
1187	226
1185	225.95
1186	225.8
1184	225.75
1186	225.85
1184	225.75
1185	226.1
1183	225.9
1184	225.85
1184	225.8
1183	225.95
1184	225.85
1183	225.95
1183	226
1182	225.85
1183	226
1181	225.85
1183	225.95
1181	225.8
1182	225.95
1181	225.85
1182	225.95
1180	225.75
1181	226
1179	225.8
1181	226
1179	225.8
1180	225.85
1178	225.75
1180	225.85
1178	225.7
1179	225.9
1177	225.8
1178	225.85
1177	225.8
1177	225.9
1177	225.8
1177	225.85
1177	225.85
1176	225.65
1177	225.85
1175	225.75
1176	225.75
1175	225.7
1176	225.75
1174	225.5
1176	225.75
1174	225.45
1175	225.75
1173	225.5
1174	225.65
1173	225.55
1173	225.6
1173	225.6
1172	225.45
1173	225.55
1172	225.45
1173	225.6
1171	225.5
1171	225.5
1170	225.4
1172	225.4
1170	225.3
1172	225.4
1170	225.3
1171	225.5
1169	225.3
1171	225.6
1169	225.35
1170	225.55
1169	225.4
1169	225.45
1169	225.4
1168	225.4
1168	225.35
1167	225.3
1167	225.3
1167	225.25
1167	225.25
1166	225.15
1167	225.3
1165	225.1
1167	225.3
1165	225.1
1166	225.25
1164	225.15
1166	225.3
1164	225.1
1165	225.25
1163	225
1164	225.25
1163	225
1164	225.2
1163	224.95
1163	225.05
1163	225
1162	225.1
1162	225.1
1161	224.9
1162	225.1
1161	224.85
1162	225.15
1160	224.95
1162	225.15
1160	224.95
1161	225
1159	224.9
1160	225.15
1159	224.85
1159	225
1158	224.8
1159	224.95
1158	224.8
1158	224.9
1158	224.8
1157	224.8
1158	224.85
1157	224.8
1157	224.85
1156	224.7
1157	224.85
1156	224.65
1157	224.8
1155	224.65
1156	224.85
1155	224.65
1156	224.85
1154	224.6
1155	224.8
1154	224.6
1155	224.8
1153	224.45
1154	224.75
1153	224.4
1153	224.55
1152	224.45
1152	224.55
1152	224.4
1152	224.5
1152	224.45
1151	224.45
1152	224.45
1150	224.3
1152	224.5
1150	224.35
1151	224.5
1149	224.3
1151	224.55
1149	224.3
1150	224.45
1148	224.3
1149	224.45
1148	224.3
1148	224.45
1148	224.3
1148	224.4
1148	224.3
1147	224.25
1148	224.35
1146	224.05
1148	224.4
1146	224
1147	224.3
1145	224
1146	224.15
1144	223.9
1145	224.15
1144	223.9
1145	224.1
1144	223.8
1144	223.95
1144	223.85
1144	223.95
1143	223.95
1143	224
1143	224.05
1142	223.95
1143	224
1141	223.95
1143	224
1141	223.85
1142	224
1140	223.85
1142	224
1140	223.85
1141	224.05
1139	223.7
1141	224
1139	223.65
1140	224
1138	223.65
1138	223.75
1138	223.7
1138	223.7
1138	223.7
1138	223.65
1138	223.65
1137	223.65
1138	223.75
1136	223.55
1138	223.75
1136	223.55
1137	223.8
1135	223.55
1136	223.7
1135	223.55
1135	223.65
1135	223.65
1134	223.5
1135	223.6
1134	223.45
1135	223.65
1133	223.25
1135	223.7
1133	223.2
1134	223.6
1132	223.4
1133	223.4
1131	223.2
1133	223.35
1131	223.2
1131	223.35
1131	223.25
1131	223.35
1130	223.45
1130	223.4
1131	223.3
1129	223.3
1131	223.3
1129	223.25
1130	223.5
1128	223.15
1130	223.45
1127	223.15
1129	223.35
1127	223.1
1128	223.25
1127	223.1
1127	223.15
1127	223.1
1126	223.05
1126	223
1126	223
1126	223.15
1125	222.95
1126	223.15
1125	222.95
1126	223.15
1124	222.85
1125	223.1
1123	222.9
1125	223.15
1123	222.85
1123	223
1122	222.8
1123	222.95
1123	222.9
1122	222.8
1123	222.95
1122	222.8
1122	222.95
1121	222.75
1122	223
1120	222.7
1122	222.95
1120	222.7
1121	222.95
1119	222.6
1120	222.85
1119	222.7
1119	222.75
1119	222.7
1118	222.6
1119	222.75
1117	222.55
1118	222.65
1117	222.45
1119	222.7
1117	222.45
1118	222.7
1116	222.55
1117	222.75
1115	222.4
1116	222.6
1116	222.5
1115	222.45
1116	222.55
1115	222.35
1116	222.6
1114	222.3
1115	222.6
1113	222.4
1115	222.55
1113	222.35
1114	222.5
1112	222.3
1113	222.6
1112	222.4
1112	222.4
1112	222.45
1111	222.25
1113	222.6
1110	222.1
1112	222.45
1110	222.05
1111	222.4
1110	222.1
1110	222.25
1109	222.25
1109	222.35
1109	222.3
1108	222.2
1109	222.25
1108	222.1
1109	222.25
1108	222.1
1109	222.25
1107	222
1108	222.3
1106	221.95
1107	222.15
1106	221.95
1106	222.15
1106	221.95
1105	222.15
1105	222.1
1105	222.15
1106	222.05
1104	221.95
1105	222.15
1103	221.85
1105	222.15
1103	221.8
1104	222.05
1102	221.85
1103	222
1102	221.9
1102	221.95
1102	221.95
1101	221.85
1103	222.05
1100	221.7
1102	222.05
1100	221.7
1101	221.95
1100	221.7
1100	221.75
1100	221.85
1099	221.65
1100	221.8
1099	221.65
1100	221.85
1098	221.6
1099	221.85
1097	221.65
1098	221.8
1097	221.65
1098	221.7
1098	221.7
1097	221.65
1098	221.8
1096	221.5
1097	221.85
1095	221.5
1097	221.85
1095	221.5
1096	221.75
1094	221.5
1095	221.7
1094	221.5
1094	221.65
1094	221.5
1093	221.55
1094	221.65
1093	221.5
1094	221.6
1092	221.45
1094	221.7
1091	221.4
1093	221.65
1091	221.4
1091	221.6
1090	221.3
1091	221.5
1090	221.3
1090	221.35
1090	221.35
1089	221.1
1090	221.4
1089	221
1090	221.4
1088	221.1
1090	221.45
1088	221.1
1089	221.2
1087	221.1
1088	221.3
1087	221.1
1087	221.2
1087	221.1
1086	221.05
1087	221.1
1086	221
1087	221.15
1085	220.95
1086	221.15
1084	220.95
1086	221.15
1084	220.95
1085	221.15
1083	220.85
1084	221.1
1083	220.9
1083	220.9
1083	220.95
1082	220.8
1083	220.95
1082	220.75
1083	220.95
1081	220.75
1082	221
1080	220.55
1081	220.95
1080	220.5
1080	220.65
1080	220.55
1079	220.7
1080	220.7
1078	220.55
1080	220.7
1078	220.45
1080	220.65
1078	220.5
1079	220.8
1077	220.6
1078	220.7
1077	220.65
1077	220.65
1077	220.65
1076	220.35
1077	220.7
1075	220.4
1077	220.7
1075	220.35
1076	220.5
1074	220.25
1076	220.45
1073	220.3
1075	220.6
1073	220.3
1074	220.45
1073	220.3
1073	220.45
1073	220.35
1073	220.4
1072	220.4
1071	220.25
1072	220.45
1071	220.2
1072	220.45
1070	220.05
1072	220.45
1070	220.05
1071	220.35
1069	220.2
1070	220.25
1069	220.2
1069	220.25
1069	220.2
1068	220.05
1069	220.25
1068	220
1069	220.3
1067	220
1068	220.2
1066	220
1067	220.15
1066	219.95
1066	220.05
1066	220
1065	219.75
1066	220.1
1065	219.7
1066	220.15
1063	219.8
1065	219.9
1063	219.65
1065	219.75
1063	219.6
1064	219.85
1063	219.7
1063	219.9
1063	219.85
1062	219.8
1063	219.9
1061	219.55
1063	219.95
1061	219.5
1062	219.95
1060	219.6
1061	219.75
1059	219.6
1061	219.7
1059	219.65
1059	219.65
1060	219.65
1059	219.6
1059	219.75
1058	219.45
1059	219.8
1057	219.4
1059	219.75
1056	219.35
1058	219.6
1056	219.4
1057	219.6
1056	219.4
1056	219.45
1056	219.45
1055	219.3
1056	219.5
1054	219.35
1056	219.55
1054	219.35
1056	219.55
1053	219.15
1054	219.55
1053	219.2
1053	219.25
1053	219.25
1052	219.25
1053	219.25
1052	219.1
1053	219.35
1051	219
1053	219.35
1050	219.05
1052	219.35
1050	219.05
1050	219.25
1050	219.1
1049	219
1050	219.1
1049	218.95
1050	219.15
1048	218.9
1050	219.2
1047	218.75
1049	219.05
1047	218.7
1048	219
1047	218.75
1047	218.8
1047	218.85
1046	218.85
1047	218.85
1045	218.65
1047	218.9
1044	218.7
1046	219.05
1044	218.7
1045	218.9
1044	218.75
1044	218.9
1044	218.75
1044	218.8
1044	218.85
1043	218.6
1044	218.9
1041	218.55
1043	218.8
1041	218.45
1043	218.75
1041	218.45
1042	218.65
1041	218.5
1041	218.6
1041	218.7
1040	218.35
1041	218.7
1039	218.35
1040	218.55
1038	218.25
1040	218.5
1038	218.2
1039	218.5
1037	218.35
1037	218.35
1038	218.35
1037	218.15
1038	218.4
1036	218.1
1038	218.4
1036	218.15
1037	218.35
1035	218.2
1035	218.3
1036	218.25
1035	218.2
1035	218.4
1034	218.05
1036	218.35
1033	217.95
1035	218.4
1032	218
1033	218.15
1033	218
1033	218.05
1033	218.15
1032	218
1033	218.2
1031	217.9
1033	218.15
1030	217.85
1032	218.2
1030	217.9
1030	218
1030	217.95
1029	217.85
1030	218
1029	217.75
1030	218.15
1028	217.75
1029	218.05
1027	217.65
1028	217.9
1028	217.85
1027	217.65
1028	217.9
1026	217.4
1028	217.9
1026	217.4
1027	217.75
1025	217.6
1026	217.65
1025	217.65
1025	217.65
1025	217.7
1024	217.5
1025	217.65
1023	217.45
1025	217.75
1022	217.35
1024	217.8
1022	217.35
1022	217.45
1023	217.6
1021	217.3
1023	217.65
1021	217.25
1023	217.65
1020	217.25
1021	217.5
1019	217.15
1020	217.4
1020	217.3
1020	217.25
1020	217.3
1019	217.1
1020	217.4
1018	217.05
1020	217.45
1017	217.05
1018	217.3
1017	217.1
1017	217.15
1017	217.25
1016	216.9
1018	217.3
1015	216.85
1017	217.3
1015	216.9
1016	217.05
1014	216.95
1015	217.1
1015	216.95
1014	216.95
1015	217.05
1013	216.65
1015	217.1
1013	216.65
1014	217.15
1012	216.8
1012	216.8
1013	216.8
1012	216.75
1013	216.85
1011	216.55
1012	217
1010	216.65
1012	216.95
1009	216.65
1011	216.75
1010	216.7
1010	216.75
1010	216.85
1009	216.6
1010	216.9
1008	216.55
1009	216.9
1008	216.6
1008	216.75
1008	216.65
1007	216.65
1009	216.85
1007	216.55
1008	216.9
1005	216.5
1007	216.8
1005	216.55
1005	216.65
1005	216.6
1005	216.4
1006	216.6
1004	216.3
1005	216.7
1003	216.3
1004	216.6
1003	216.45
1003	216.45
1004	216.6
1002	216.25
1004	216.6
1001	216.15
1002	216.5
1000	216.1
1001	216.3
1001	216.25
1000	216.15
1001	216.3
1000	216.05
1001	216.35
999	215.95
1001	216.4
998	216.1
999	216.3
998	216.1
999	216.15
998	216.2
998	216.05
999	216.2
997	215.95
998	216.35
996	215.8
998	216.25
996	215.95
996	216.1
996	216.05
995	215.95
996	216.05
994	215.85
996	216.1
994	215.9
995	216.2
993	215.9
993	215.95
994	216.05
992	215.75
994	216.1
992	215.7
993	216
992	215.85
992	215.9
992	216.05
990	215.7
992	216
990	215.6
991	215.95
989	215.5
990	215.75
990	215.75
989	215.6
991	216
988	215.6
989	215.85
987	215.55
988	215.75
988	215.65
987	215.55
989	215.75
986	215.4
988	215.85
985	215.45
987	215.65
986	215.4
986	215.4
986	215.6
985	215.35
986	215.65
984	215.25
985	215.65
984	215.25
983	215.2
984	215.35
983	215.1
985	215.55
982	215.1
983	215.4
981	215.1
982	215.3
982	215.25
981	215.05
982	215.3
980	214.95
982	215.3
979	214.9
980	215.15
980	215.05
979	214.95
980	215.1
978	214.9
980	215.25
977	214.8
979	215.15
977	214.85
978	215.1
977	215
977	215
977	215.05
976	214.75
977	215.1
975	214.65
977	215.05
974	214.45
976	214.85
975	214.7
974	214.5
976	214.9
973	214.45
975	214.9
973	214.5
974	214.65
973	214.6
973	214.65
973	214.65
972	214.6
973	214.75
971	214.45
972	214.8
970	214.4
971	214.6
972	214.7
970	214.35
972	214.8
969	214.35
969	214.6
965	214.35
967	214
971	214.1
971	213.9
972	214.45
968	214.15
969	214.6
967	214.35
967	214.15
969	214.45
966	214.05
968	214.4
966	214.15
966	214.25
967	214.4
965	214.05
967	214.35
964	213.95
966	214.35
964	214
965	214.15
964	214.15
963	214
965	214.25
962	213.85
964	214.25
962	214
962	214.05
962	214.15
961	213.85
963	214.15
960	213.6
962	214.15
960	213.7
960	213.75
961	214
960	213.6
961	214.1
958	213.65
960	213.85
958	213.65
959	213.75
959	213.85
957	213.6
959	213.85
956	213.5
958	213.7
957	213.6
957	213.5
958	213.8
955	213.4
957	213.85
955	213.4
956	213.75
955	213.55
954	213.45
955	213.5
953	213.3
955	213.6
952	213.3
954	213.5
953	213.3
953	213.35
954	213.45
952	213.25
953	213.55
950	213.2
952	213.5
951	213.3
951	213.25
952	213.55
950	213.15
951	213.5
949	213.1
950	213.45
949	213.15
949	213.25
949	213.25
948	212.95
950	213.4
947	212.85
949	213.35
946	213
947	213.05
947	213.05
946	212.9
947	213.1
945	212.7
947	213.1
944	212.8
945	213
945	213
944	212.85
946	213.1
943	212.75
945	213.05
943	212.8
943	212.9
943	212.9
942	212.65
944	213
941	212.55
943	213
940	212.55
942	212.85
941	212.65
940	212.6
942	212.9
939	212.4
941	212.8
939	212.45
939	212.6
939	212.65
938	212.45
940	212.75
937	212.35
939	212.7
937	212.5
938	212.55
938	212.75
936	212.4
938	212.8
935	212.35
937	212.6
936	212.45
935	212.45
937	212.7
934	212.3
936	212.65
933	212.2
935	212.55
934	212.45
933	212.2
935	212.6
932	212.15
934	212.65
932	212.25
932	212.3
933	212.4
931	212.05
932	212.4
930	212.15
931	212.2
931	212.2
930	212
931	212.2
929	211.9
931	212.25
929	212.05
929	212.15
929	212.3
928	211.9
929	212.25
926	211.7
928	212
927	211.75
927	211.85
927	211.95
926	211.7
927	212.05
924	211.6
927	211.9
925	211.6
925	211.7
925	211.8
924	211.65
925	211.95
923	211.45
925	211.85
923	211.5
923	211.65
924	211.8
922	211.5
924	211.9
921	211.35
923	211.8
921	211.3
922	211.75
920	211.35
921	211.45
920	211.4
920	211.35
921	211.65
918	211.3
920	211.6
918	211.3
919	211.4
919	211.5
917	211.25
919	211.55
916	211.15
918	211.5
915	211.15
918	211.45
915	211.1
917	211.45
914	211.1
916	211.4
916	211.45
913	210.95
915	211.5
913	210.95
914	211.35
913	211
912	211.15
912	211.05
913	211.2
911	210.9
913	211.2
911	210.95
911	211.25
910	211
911	211.15
909	210.8
911	211.15
908	210.75
910	211.15
909	211.05
907	210.75
909	211.1
906	210.85
907	210.85
907	210.95
906	210.85
907	211
905	210.6
906	211
904	210.7
905	210.85
904	210.85
904	210.75
905	210.9
903	210.5
905	210.8
902	210.45
903	210.7
903	210.7
902	210.5
903	210.85
901	210.35
903	210.8
901	210.4
901	210.45
902	210.65
900	210.3
901	210.65
899	210.3
901	210.65
898	210.4
899	210.55
899	210.5
898	210.35
899	210.6
897	210.15
899	210.55
896	210.3
897	210.3
898	210.5
895	210.15
898	210.55
895	210.2
896	210.35
896	210.35
895	210.25
895	210.3
895	210.3
893	209.963
894	210.3
892	209.9
894	210.25
892	209.95
892	209.9
892	210
892	210.15
890	209.85
892	210.05
889	209.75
891	210.1
888	209.85
890	210.15
888	209.75
890	210.15
887	209.65
889	210.05
886	209.7
888	209.95
888	209.95
887	209.6
888	210.05
885	209.55
888	210.05
885	209.55
886	209.85
884	209.5
884	209.65
884	209.7
884	209.55
883	209.6
883	209.6
881	209.35
883	209.7
881	209.3
882	209.65
880	209.4
881	209.5
880	209.35
879	209.25
880	209.55
878	209.2
879	209.5
877	209.3
878	209.4
877	209.15
877	209.3
877	209.2
877	209.3
876	209.3
875	209.2
875	209.25
874	209.05
875	209.2
873	208.95
874	209.25
872	208.9
874	209.15
872	208.9
872	209.05
873	209.15
872	208.9
872	209
871	208.75
873	209.05
870	208.7
872	209.15
868	208.6
871	209.05
868	208.55
870	208.9
867	208.5
870	208.95
867	208.5
868	208.8
867	208.55
867	208.55
868	208.85
865	208.4
867	208.75
864	208.3
866	208.55
866	208.6
864	208.25
866	208.65
863	208.35
864	208.5
865	208.55
863	208.3
865	208.6
862	208.2
863	208.45
863	208.5
862	208.15
864	208.5
860	208.05
863	208.5
860	208.1
860	208.2
862	208.35
859	208
861	208.4
858	207.85
859	208.2
859	208.1
858	207.85
860	208.2
857	207.8
859	208.2
856	207.7
857	207.9
858	207.9
856	207.7
858	208
855	207.7
856	207.85
856	207.9
854	207.7
857	208
854	207.7
855	207.85
855	207.85
853	207.65
855	207.9
852	207.4
854	207.85
853	207.8
852	207.45
853	207.8
850	207.3
852	207.6
850	207.35
850	207.4
852	207.5
849	207.15
852	207.45
849	207.2
850	207.3
849	207.35
849	207.35
848	207.45
848	207.4
847	207.2
849	207.45
846	207.15
847	207.4
846	207.2
846	207.2
847	207.35
844	207
847	207.35
844	207.05
844	207.15
845	207.25
843	206.9
846	207.35
842	207
843	207.15
842	207
843	207.1
841	206.95
842	207.05
842	207.05
840	206.75
842	207.1
839	206.7
842	207.05
839	206.85
840	206.95
837	206.5
840	206.9
837	206.5
840	206.9
838	206.7
837	206.6
839	207
836	206.55
837	206.75
837	206.6
836	206.45
837	206.7
835	206.45
835	206.6
836	206.7
834	206.4
837	206.7
834	206.4
834	206.55
834	206.6
833	206.463
833	206.412
832	206.2
834	206.55
830	206.2
832	206.35
831	206.3
830	206.15
833	206.412
830	206.05
831	206.3
830	206.3
829	206.2
830	206.2
829	206.25
829	206.3
827	205.85
829	206.3
827	205.9
827	205.9
829	206.25
826	205.85
828	206.15
826	206
825	205.9
827	206
824	205.7
827	205.95
824	205.9
824	205.85
825	205.9
822	205.5
825	205.8
823	205.55
823	205.65
824	205.95
821	205.55
823	205.85
821	205.6
821	205.55
823	205.75
820	205.35
822	205.65
820	205.5
820	205.4
822	205.6
818	205.2
820	205.6
819	205.55
818	205.3
820	205.6
816	205.25
818	205.4
818	205.4
817	205.25
819	205.5
815	205.2
816	205.3
817	205.45
815	205.1
817	205.45
815	205.2
814	205.25
816	205.35
813	205.05
814	205.25
815	205.15
813	204.95
815	205.2
813	205.1
813	205.15
814	205.3
811	204.95
812	205.15
812	205.1
811	205.05
813	205.2
810	204.85
812	205.15
809	204.9
810	205
809	205
809	205
810	205.05
808	204.85
809	205.1
807	204.8
809	205.1
806	204.8
807	205.05
806	204.85
806	204.75
807	204.9
805	204.65
807	204.95
804	204.7
804	204.65
805	204.75
803	204.55
804	204.75
802	204.65
804	204.65
801	204.45
803	204.65
800	204.4
802	204.6
799	204.3
801	204.6
799	204.4
800	204.4
800	204.35
796	204.05
799	204.4
796	203.95
798	204.25
795	203.9
798	204.2
794	203.9
797	204.2
793	203.8
795	204.05
794	204
795	204.05
792	203.65
794	204.1
791	203.7
793	203.95
792	203.7
791	203.65
792	203.75
790	203.75
790	203.65
790	203.8
789	203.7
790	203.8
787	203.45
790	203.7
787	203.3
790	203.7
786	203.3
788	203.7
785	203.15
788	203.6
785	203.15
786	203.35
784	203.15
786	203.3
783	202.988
786	203.35
782	203.05
785	203.35
781	202.95
783	203.238
782	203.15
781	203.1
784	203.25
780	203
781	203.15
782	203.2
779	202.9
781	203.15
780	203.05
779	202.95
781	203.2
778	202.9
779	203
780	203.05
777	202.85
779	203.1
777	203
777	203
778	203.05
775	202.75
777	203
776	202.95
775	202.75
777	203
773	202.6
775	202.85
776	203
773	202.55
775	202.85
774	202.75
772	202.5
775	202.85
772	202.6
772	202.55
774	202.7
771	202.6
774	202.75
770	202.55
771	202.65
771	202.75
769	202.3
771	202.65
769	202.3
771	202.7
767	202.3
769	202.5
769	202.5
768	202.3
768	202.4
767	202.25
768	202.45
765	202.15
768	202.4
765	202.2
766	202.35
765	202.3
764	202.1
766	202.25
763	201.9
766	202.25
763	202.05
763	202.15
764	202.25
762	201.8
764	202.2
761	201.85
763	202.1
761	201.9
760	201.9
762	202.05
759	201.7
762	202
758	201.85
760	201.95
758	201.95
758	201.8
760	201.85
757	201.75
760	201.9
755	201.65
759	201.9
755	201.8
757	201.95
756	201.85
755	201.7
757	201.9
753	201.55
756	201.9
754	201.65
754	201.7
754	201.7
752	201.6
754	201.7
751	201.4
754	201.65
750	201.25
753	201.65
749	201.5
752	201.6
749	201.35
750	201.2
751	201.55
749	201.55
747	201.25
749	201.45
749	201.45
745	201.1
747	201.3
746	201.25
745	201.1
747	201.3
744	201.2
746	201.3
744	201.3
744	201.15
745	201.05
742	200.9
745	201.1
742	201
742	201.05
744	201.35
740	200.85
742	201.05
743	201.1
740	200.85
741	201.15
740	201
739	200.9
742	201
738	200.75
739	201.05
740	200.95
737	200.65
740	200.85
738	200.8
736	200.65
738	200.75
736	200.6
737	200.65
738	200.75
734	200.65
737	200.7
733	200.4
738	200.65
733	200.45
735	200.7
734	200.75
732	200.5
735	200.55
733	200.45
735	200.7
730	200.45
733	200.65
729	200.3
733	200.45
730	200.4
731	200.45
730	200.45
729	200.4
730	200.4
727	200.1
731	200.25
727	200.2
728	200.25
729	200.35
725	200.05
727	200.35
727	200.25
725	200
728	200.4
724	200
725	199.95
726	200.15
723	199.8
726	200
723	199.7
724	199.95
725	200
721	199.65
724	200
722	199.9
723	200
720	199.75
723	200.05
719	199.9
720	199.9
722	199.9
719	199.6
721	199.95
717	199.8
720	199.9
716	199.55
719	199.65
715	199.5
718	199.7
714	199.3
716	199.5
715	199.35
716	199.4
713	199.3
716	199.45
712	199.15
715	199.4
713	199.3
715	199.5
711	199.25
713	199.5
710	199.25
712	199.3
711	199.1
710	199.05
712	199.3
708	199.1
710	199.25
709	199.25
708	199.15
710	199.25
706	199.1
707	198.95
709	199.1
706	198.85
707	198.9
707	198.95
706	199
707	199.05
703	199
704	198.8
707	198.85
704	198.7
705	198.9
706	199.05
702	198.85
703	199.05
705	198.9
701	198.8
703	199
704	198.85
700	198.8
702	198.85
702	198.8
700	198.7
702	198.75
701	198.9
699	198.75
702	198.7
698	198.55
700	198.75
700	198.85
696	198.45
699	198.65
700	198.6
697	198.425
699	198.75
696	198.6
696	198.35
698	198.5
695	198.4
694	198.4
697	198.425
695	198.3
694	198.35
696	198.45
693	198.3
694	198.35
696	198.4
692	198.25
693	198.2
695	198.35
691	198.25
692	198.3
694	198.4
690	198.15
692	198.3
692	198.3
689	198
692	198.25
691	198.25
688	198
691	198.2
689	198.15
687	197.9
690	198.1
689	198.1
687	197.9
689	198.1
688	198.15
685	197.95
688	198.1
686	197.9
685	197.9
688	198.05
685	197.95
685	198.05
687	198.05
684	197.8
684	197.75
686	197.9
683	197.75
683	197.75
685	198
683	197.85
682	197.75
684	197.85
681	197.75
681	197.65
683	197.75
679	197.6
682	197.8
683	197.85
678	197.65
680	197.55
683	197.7
679	197.6
678	197.6
682	197.8
677	197.6
677	197.7
680	197.6
676	197.3
678	197.6
678	197.65
675	197.6
679	197.65
676	197.5
674	197.35
678	197.5
674	197.25
674	197.4
676	197.4
672	197.1
676	197.35
674	197.4
671	197.25
674	197.25
674	197.3
671	197.25
673	197.45
672	197.35
670	197.15
673	197.15
672	197.2
668	197.2
671	197.25
669	197.05
669	196.95
672	197.2
667	197.2
667	197.15
670	197.1
667	196.8
670	197.05
669	197.2
664	197.15
667	197.1
665	196.8
664	196.75
668	196.85
667	196.9
664	196.95
666	197.15
663	197.1
662	196.6
665	196.55
663	196.65
666	196.85
661	196.6
664	197
660	196.7
661	196.5
662	196.55
659	196.6
661	196.45
658	196.5
662	196.35
657	196.4
660	196.55
657	196.7
658	196.8
659	196.8
656	196.6
659	196.65
655	196.4
658	196.75
653	196.1
656	196.5
654	196.35
654	196.3
656	196.45
651	196.35
654	196.3
654	196.3
650	196.25
653	196
654	196.25
650	196.25
652	196.2
653	196.15
648	196.2
651	196.4
652	196.25
647	196.1
649	196.25
651	196.4
646	196.05
648	196.1
649	196.15
645	196
647	195.85
649	196
645	195.9
647	195.9
647	196.05
644	196.1
647	196.05
645	196.2
642	195.7
646	195.85
644	195.9
643	195.7
646	195.8
644	196.05
642	195.75
645	196.1
642	195.85
640	195.7
643	195.85
642	195.6
640	195.55
643	195.8
643	195.9
637	195.6
640	195.75
641	195.6
638	195.35
640	195.55
642	195.6
637	195.6
636	195.55
639	195.7
636	195.35
636	195.25
639	195.6
637	195.5
633	195.45
637	195.35
638	195.35
634	195.4
636	195.4
636	195.45
632	195.4
635	195.35
638	195.3
632	195.45
632	195.45
635	195.45
633	195.4
631	195.25
633	195.45
633	195.4
630	195.1
633	195.3
633	195.4
628	195.3
630	195.2
633	195.3
629	195.2
628	195.2
632	195.25
630	195.15
626	195
629	195.1
630	195.15
626	195
627	195.05
629	195.05
625	194.9
626	195
629	195.1
625	194.95
625	194.95
628	195.15
626	195.05
623	194.85
626	194.95
627	195
622	195
624	194.95
626	195
622	195.1
622	195.05
625	194.85
621	194.8
620	194.9
624	194.85
623	194.95
618	194.8
621	194.75
623	194.8
618	194.75
620	194.8
622	194.9
619	194.85
618	194.7
621	194.75
620	194.95
616	194.65
619	194.8
620	194.85
615	194.45
617	194.5
619	194.7
614	194.45
615	194.4
618	194.65
614	194.4
614	194.4
618	194.6
612	194.35
614	194.35
616	194.55
611	194.4
612	194.3
616	194.45
611	194.35
610	194.15
614	194.2
612	194.25
610	194.15
612	194.25
612	194.3
607	194.2
610	194
613	194.05
608	194.15
609	194.1
612	194.15
607	194.15
609	194.15
611	194.3
605	194.1
608	194.1
610	194.05
605	194.05
606	194.1
609	194.15
604	194.1
604	194
608	194.15
605	194.1
603	193.95
606	194
606	194.1
601	194.05
604	194
605	194.1
601	194.1
602	193.95
605	194.05
602	194
599	193.9
604	193.95
602	194
598	194.05
600	193.85
603	193.9
599	193.95
598	193.9
601	193.85
600	193.9
596	193.75
599	193.8
601	193.95
596	193.8
596	193.75
600	193.8
597	194
595	193.65
598	193.85
598	194
594	193.7
596	193.7
598	193.95
594	193.75
593	193.9
596	193.65
596	193.75
591	193.55
593	193.8
596	193.65
591	193.6
591	193.55
594	193.5
592	193.6
589	193.6
592	193.4
594	193.45
589	193.6
590	193.4
593	193.8
590	193.55
587	193.4
590	193.35
592	193.45
587	193.4
588	193.5
591	193.4
589	193.6
585	193.3
588	193.5
589	193.6
584	193.3
585	193.2
589	193.4
586	193.25
583	193.25
586	193.15
588	193.5
582	193.3
583	193.25
586	193.15
581	193.05
582	193.05
586	193.05
584	193.15
580	193
583	193.15
584	193.15
579	193.1
580	192.95
584	193
581	193.05
578	192.95
582	193.05
582	193.15
577	193
578	192.9
582	193
578	192.95
576	192.95
579	192.85
579	192.95
574	192.7
577	192.85
580	192.85
575	193
574	192.65
578	192.75
577	192.85
572	192.9
575	192.75
578	192.8
573	192.75
572	192.85
575	192.75
575	192.85
570	192.65
573	192.5
576	192.8
571	192.55
570	192.5
574	192.45
571	192.45
568	192.4
571	192.3
572	192.75
566	192.65
567	192.2
573	191.95
570	192.15
567	192.2
570	192.25
571	192.3
566	192.6
567	192.25
570	192.2
569	192.45
564	192.1
567	192.2
570	192.2
566	192.55
563	192.15
567	192.2
568	192.15
563	192.15
563	191.95
567	192
565	192.15
561	192.1
564	191.8
565	192.15
560	191.95
561	192
565	192
560	191.85
559	191.8
564	191.75
559	191.95
558	191.7
563	191.75
560	191.85
556	191.65
560	191.6
561	191.9
556	191.65
558	191.6
561	191.85
557	191.9
554	191.55
559	191.5
558	191.55
553	191.45
556	191.45
559	191.65
555	191.6
552	191.45
557	191.55
556	191.6
550	191.5
553	191.25
556	191.4
552	191.4
550	191.35
555	191.25
552	191.4
548	191.3
552	191.15
552	191.2
547	191.2
552	191
551	191.65
546	191.2
551	191.5
550	191.25
545	191.25
549	191.2
551	191.5
546	191.2
544	191
549	191.1
549	191.25
543	190.95
548	190.9
545	191.25
543	190.85
547	190.95
541	190.95
544	190.8
547	190.95
540	191
544	190.8
542	190.95
540	190.7
544	190.75
539	190.85
544	190.7
537	190.75
539	190.75
542	190.6
536	190.65
540	190.55
540	190.7
534	191
538	190.45
539	190.75
534	191
535	190.4
539	190.55
537	190.55
532	190.7
534	190.8
538	190.5
534	191
530	190.35
535	190.25
537	190.45
530	190.4
531	190.2
536	190.3
533	190.5
528	190.85
533	190.2
535	190.35
529	190.55
528	190.75
532	190.3
532	190.4
527	190.2
527	190.1
532	190.3
531	190.3
525	190.6
528	190.6
532	190.4
527	190.3
524	190.35
528	190.5
530	190.05
524	190.4
523	190.05
528	190.45
528	190.65
523	190.2
523	190
526	189.95
527	190.1
521	189.95
522	189.8
527	189.85
522	190
519	189.9
523	189.8
525	190.25
519	189.9
521	189.6
524	190
517	190
520	189.8
523	189.8
516	189.9
519	189.6
522	189.7
515	189.6
521	189.5
514	189.8
519	189.55
516	189.85
513	189.9
518	189.4
514	189.65
512	189.5
518	189.4
515	189.6
510	189.6
512	189.4
517	189.55
512	189.6
509	189.45
513	189.55
515	189.4
508	189.65
510	189.35
513	189.55
512	189.45
506	189.55
508	189.4
512	189.15
509	189.45
506	189.3
511	189.3
504	189.25
507	189.2
510	189.15
503	189.3
507	189.15
509	189.2
502	189.15
503	188.95
509	189
501	189.45
503	189
506	189
503	189.15
500	189.4
506	188.9
503	189.2
497	189.15
505	188.7
500	189.55
497	189.05
501	188.95
502	188.8
494	188.75
504	188.6
498	189.45
495	188.85
501	188.85
492	188.8
498	188.85
499	188.7
493	188.75
494	188.45
499	188.55
491	188.8
497	188.5
498	189
491	188.85
490	189.1
494	188.3
496	188.35
493	188.5
487	188.95
492	188.4
497	188.55
490	189.35
486	189.25
492	188.3
494	188.3
489	189.25
486	189.2
489	188.9
491	188.3
492	188.55
485	188.8
485	188.6
492	188.15
491	188.5
482	187.8
484	187.4
492	188.1
490	189.05
482	187.95
483	188.35
489	188.7
488	188.6
483	188.65
482	187.45
485	188.3
485	188.4
482	187.4
481	187.55
483	187.85
485	188.15
484	187.3
479	188.25
479	188.1
483	187.85
485	188.15
480	187.55
477	187.85
479	187.95
484	186.9
482	187.15
476	188.8
476	188.6
481	187.25
482	187
477	187.8
474	187.65
477	187.4
481	187.2
478	187.3
475	188.05
475	188
477	187.45
477	187.45
475	187.9
476	188.4
476	188.5
474	187.6
472	187.1
476	188.15
478	187.05
474	187.8
467	186.95
472	186.75
480	186.5
479	187.9
468	188.7
463	187.3
473	187.45
482	185.8
476	188.5
465	188.5
465	187.75
473	187.45
475	187.25
470	187.55
470	187.75
472	187.25
468	188.05
462	187.7
467	185.8
476	187.55
471	188
462	188.5
461	187.6
468	187
471	186.95
467	186.25
465	187.5
468	187.6
470	187.65
465	188.1
458	188.2
459	186.95
466	186.8
470	186.75
464	186.65
462	187.75
467	186.5
466	188.15
459	187.95
455	187.1
461	186.65
465	186.65
463	186.4
459	187.05
461	187
465	187.25
465	187.75
459	188.05
454	187.5
459	187.2
463	186.55
459	187.45
451	186.45
453	186.2
460	185.45
461	186.45
456	186.85
453	186.55
459	186.8
462	187.35
458	188.05
452	187.7
454	187.1
460	186.5
460	186.85
452	187.8
449	187.3
456	186.8
459	187.05
453	187.25
446	186.7
451	185.85
457	186.85
456	186.8
448	186.8
444	186.6
451	185.3
456	186.1
451	185.95
444	186.75
445	185.65
453	185.7
455	186.25
447	186.35
442	186.35
447	185.5
454	185.95
451	185.9
443	187.25
442	186.15
450	185.3
454	186.4
446	186.55
440	186.45
444	186.5
451	185.6
451	186.05
443	187.6
439	186.5
446	185.95
451	185.85
447	186.6
439	186.8
440	186.2
446	185.9
448	186.4
441	186.6
435	185.9
438	185.35
443	185.95
444	185.95
438	185.5
437	185.9
442	185.45
446	185.55
443	187.1
435	186.25
435	185.8
442	185.95
443	186.85
435	186.15
429	187.15
434	185.6
444	185.35
442	185.8
433	186.25
433	185.95
440	185.4
441	185.85
433	186.5
427	186.25
430	185.65
439	184.8
441	185.2
434	186.5
429	187
434	185.95
438	185.4
432	186.45
424	185.5
429	186
439	184.6
440	185.3
430	186.85
424	185.9
427	185.4
433	184.95
436	186.1
430	186.1
425	185.5
429	186.5
432	185.9
428	185.85
423	186.15
426	184.45
434	185.25
432	186.2
420	186.35
418	186.1
429	185.55
436	185.7
431	186.05
418	186.9
416	185.45
429	185.5
435	184.4
427	186
415	186.3
416	185.4
428	184.55
434	185.15
424	185.7
414	186.45
416	185.15
429	185.45
430	185.6
419	186.4
411	185.55
419	185.1
430	184.85
424	185.35
412	186.3
412	185.3
427	184.3
428	185.1
417	186.8
408	185.4
418	184.85
427	184.3
420	185.45
411	185.55
412	185.15
420	184.3
421	185.05
418	185.85
412	185.7
410	185.5
417	185.25
422	185.35
411	185.35
409	184.5
421	184.7
416	185.15
408	185.2
407	184.65
412	184.55
417	185.1
416	185.1
409	185.25
403	186.15
411	184
417	185.35
407	184.95
403	186.15
407	183.8
413	184.75
415	184.65
407	185
400	184.85
408	183.7
414	184.5
409	184.7
404	184.9
400	184.6
406	183.7
413	184.85
408	184.6
400	185.1
400	184.5
405	184.25
411	183.7
410	185.25
399	185.35
398	184.3
406	183.4
409	183.85
404	184.65
394	184.55
399	184.25
406	183.35
407	184.05
400	184.95
393	184.35
400	183.9
405	184.2
405	184.85
399	185.15
392	185.95
397	183.9
403	184.85
404	183.9
399	185
391	184.45
394	183.6
401	183.3
402	184.1
397	184.7
389	185
392	185.1
399	183.7
402	184.1
394	184.45
388	184.55
390	183.8
397	183.35
402	183.9
393	184.3
387	185.05
387	184.25
397	183.4
399	184
394	184.25
387	185.05
385	183.7
394	183
397	183.65
394	184.15
385	184.4
384	183.95
390	183.15
396	183.7
385	184.4
384	183.6
393	182.95
393	183.75
382	184.55
381	183.65
388	182.95
393	183.1
387	184.7
378	184.45
381	183.3
388	182.9
392	184.7
384	184.25
378	184.45
378	183.7
387	183.3
389	183.65
386	185.75
378	184.5
376	183.75
383	182.8
388	183
386	185.55
378	184.5
374	183.9
377	183.05
385	182.55
385	183.25
379	184.15
372	184.45
375	183.7
383	182.55
384	183.25
380	183.9
372	184.6
371	183.4
378	182.85
383	182.7
381	183.45
373	184.4
369	183.75
374	182.75
381	182.45
381	183.2
373	184.2
369	183.9
369	183.1
377	182.4
380	182.75
376	183.8
368	184.85
366	184.35
372	182.95
379	182.6
376	183.5
368	184.95
364	183.55
368	183.6
376	182.5
376	183.2
370	183.7
364	183.8
364	183.05
372	182.8
376	182.8
371	183.55
364	183.95
361	183.3
368	183.35
374	182.45
372	183.7
363	184.05
360	183.4
363	182.75
370	182.15
371	182.9
365	183.7
358	183.95
359	182.75
369	182.15
371	182.6
366	184.55
359	183.8
356	183.65
362	182.7
368	183.05
368	183.75
361	183.6
356	184.25
356	183.45
362	182.55
367	182.35
365	183.1
358	184
352	183.2
357	182.3
365	182.05
365	182.7
358	183.8
352	183.25
353	183.45
360	181.85
364	182.25
361	183.2
354	183.45
350	183.5
352	182.15
361	182
362	183
356	184
350	183.75
348	182.25
355	181.5
361	182.1
358	183.2
351	185.4
347	183.8
349	181.95
353	182.7
358	182.4
357	182.8
349	183.05
346	183.15
346	182.25
356	182.4
356	182.9
352	182.9
345	182.65
344	183.2
346	182
355	181.35
353	183.45
348	182.75
341	183.6
346	182.05
351	183.5
352	182.3
343	183.6
339	182.25
347	182
353	182.65
339	183
342	181.75
350	182
344	183.7
335	183.2
348	180.8
346	182.45
339	182.9
333	182.75
346	181.15
341	183.35
335	183.35
334	182.15
345	180.6
341	183.2
329	182.9
337	182.25
345	181.05
334	183.65
331	182.95
335	182.2
338	181.55
334	182.95
333	182.75
334	182.45
336	182.3
334	182.8
331	182.5
329	182.15
329	181.45
335	181.55
340	182.15
329	183.2
322	182.75
333	181.3
330	181.85
325	184.65
323	182.3
328	180.35
331	181.25
324	181.85
322	181.55
331	180.8
329	181.65
321	182.5
321	181.85
328	180.8
330	182
322	183.35
319	182.4
322	181.95
325	183.8
321	182.15
317	182.8
319	181.05
324	180.8
327	183
323	183.35
316	183.15
311	182.8
318	183.1
327	182.15
326	183.7
317	184.3
309	184.25
311	182.4
321	180.85
321	181.35
315	182.05
315	182
314	181.95
311	181.8
319	180.8
323	182.3
315	182.7
306	182.9
307	181.8
312	180.8
317	181.6
321	181.55
317	183.45
308	184.25
303	182.5
309	182.2
313	180.55
319	180.75
316	182.35
305	183.95
304	182.7
306	181.25
313	180.65
315	181.1
309	183
309	183.35
304	182.35
304	181.75
305	181.95
313	180.85
312	181.55
305	183.35
303	182.55
300	181.9
304	181.1
310	180.7
311	181.85
305	183.25
301	182.6
300	182
300	181.2
307	180.7
307	181.1
307	181.85
300	182.5
298	182.65
298	181.8
301	181
308	182.1
304	181.95
299	183.05
296	182.6
295	181.75
299	181.4
306	180.85
302	182.25
299	182.95
294	183.55
293	182.05
296	181.3
300	180.75
302	181.85
300	182.1
293	182.8
291	182.75
292	181.55
297	182.15
300	181
297	183.25
293	182.75
288	182.2
290	181.9
296	180.95
299	181.9
294	183.45
289	183.1
288	181.8
291	181.55
296	181.2
295	181.9
289	183
286	182.45
285	181.75
292	180.85
295	181.25
292	182
287	183.35
282	183.15
283	181.65
290	181.4
292	181.1
291	182.25
286	182.7
283	182.75
281	182.95
282	182.05
287	181.55
289	181.8
287	182.8
282	183.35
280	182.35
280	181.8
282	181.95
286	181.15
287	182.15
284	183.9
279	183.2
275	183.6
280	181.3
284	182.5
284	182.9
284	183.7
279	183.15
277	182.55
276	183.55
279	181.95
279	181.7
282	182.1
282	182.75
278	182.65
275	184.05
274	183.05
274	182.35
278	181.2
281	182.15
280	182
275	184.1
273	183.4
272	182.75
272	182.25
273	181.95
279	182
279	182.6
272	183.3
269	184.25
270	183.1
273	182
275	182.7
274	182.5
273	182.85
274	183.35
268	183.25
265	182.8
268	182
272	181.55
276	183
274	182.95
267	183.65
264	182.85
265	182.6
268	181.95
269	182.7
272	182.05
270	183.3
267	183.45
264	182.75
264	182.35
264	181.9
266	182.5
270	182.8
268	182.85
264	182.85
261	183.6
260	183.05
262	182.15
263	182.45
266	182.35
269	183.15
266	183.55
262	183.45
258	183.9
257	184.15
259	182.15
263	182.35
264	181.55
264	182
262	183
259	183.2
256	183.15
256	182.55
260	182.2
264	181.75
262	182.8
258	183.95
255	184.2
254	183.75
256	182.55
259	182.15
261	183
258	183.75
255	184.35
252	184.2
252	183.75
252	183.15
255	182.75
258	182.65
256	183.25
253	183.7
250	183.75
249	184.75
250	182.6
253	182.25
255	182.8
255	183.45
253	183.6
251	184.95
248	183.85
247	184
247	183.45
250	182.5
253	182.75
251	184.35
247	184.3
246	185
246	184.6
246	184.25
248	182.65
250	182.85
249	184.85
246	185.15
244	184.25
243	184.55
242	184.2
245	183.9
248	182.7
249	184.6
246	185.25
243	185.25
239	184.3
238	183.75
241	183.25
245	183.8
245	184.1
243	184.5
241	184.3
241	184.35
239	184
237	183.8
237	183.3
242	183.8
244	183.3
243	184.45
239	184.2
238	184.35
237	184.15
235	184.35
235	183.9
238	183.05
240	184.25
239	183.65
238	184.15
237	184.35
232	185.4
231	185.1
233	183.5
235	183.4
238	183.15
239	183.6
235	184.7
231	185.7
231	185.35
230	184.35
231	184.55
232	184.15
234	183.55
236	183.55
233	184.4
229	184.7
229	184.55
227	184.4
227	183.95
229	183.35
230	183.7
234	183.75
232	185
229	184.55
228	185.25
225	184.5
224	184.35
225	183.55
228	183.9
229	183.4
229	183.8
229	184.2
227	184.75
225	184.55
223	185.7
222	184.65
222	184.2
224	183.45
227	183.65
227	184
226	184.2
223	185.95
221	184.8
219	185.05
220	184.5
220	184.05
223	184.6
224	183.65
224	184.1
222	185
221	184.8
217	184.75
217	184.4
216	184.4
217	183.55
220	183.9
221	183.7
221	184.15
219	185.15
218	186.05
215	185.25
214	185.1
213	184.5
214	184.15
217	183.35
218	184.8
219	184.55
217	184.4
216	185.25
213	185.25
212	184.75
211	185.05
212	183.9
213	183.9
216	184
216	184.5
215	184.95
213	185.35
209	185.2
209	184.9
208	184.8
209	184
210	183.8
212	183.7
213	184.4
212	184.55
210	185.1
208	185.5
207	186.05
205	185.45
205	185
207	184.85
209	183.8
210	184.2
210	184.75
206	185.15
204	185.3
202	185.1
203	185.45
205	184.6
207	185
206	184.55
204	185.05
202	185.55
200	185.05
200	184.6
200	184.2
202	184.2
203	185.15
204	184.3
203	185.9
202	185.45
199	186
198	185.15
196	185.2
197	185.55
199	184.6
201	184.4
201	184.85
199	185.8
197	186.65
194	185.15
194	184.7
194	184.3
195	184.1
197	185.35
198	184.35
197	185.95
196	185.6
195	185.35
193	185.95
191	185
191	184.65
191	184.35
191	184.05
193	184.6
195	184.2
194	184.6
192	185.15
190	185.2
188	185.35
186	185
188	184.3
190	183.65
192	184.15
190	184.65
188	185.4
188	185.45
185	185.6
183	184.7
184	185.45
186	184.2
188	184.2
188	184.8
187	185.1
183	185.3
181	185.35
180	184.45
182	184.25
183	183.8
184	185.2
184	185.5
185	185.25
182	185.35
181	185.6
179	186.05
178	185.25
177	184.6
178	184.5
180	183.9
182	184.3
182	184.6
181	185.25
179	186.1
178	185.7
176	185.9
175	185.2
174	184.65
175	184.3
177	184.05
178	184.65
178	185.2
176	185.95
174	185.65
172	186.7
172	186.4
171	185.2
172	185.7
173	184.25
174	184.3
175	184.65
174	185.05
173	185.35
172	186.75
170	185.5
170	185.4
169	185.2
168	185.9
167	185.1
169	184.35
171	184.65
170	184.5
169	184.95
168	186
169	185.3
167	185.85
165	186.6
165	186.35
166	184.85
165	185.85
166	184.5
167	184.8
167	185
167	185.25
167	185.6
166	185.6
164	186
163	185.85
163	185.75
161	186.25
161	185.95
161	185.65
162	184.7
163	184.8
163	185.05
163	185.45
162	185.85
161	186.8
160	186.25
158	185.9
157	185.8
157	185.6
158	185.1
159	186.1
159	186.3
159	186.65
158	185.9
157	186.35
157	186.4
156	186.45
155	186.2
154	185.95
154	185.6
155	185.4
155	185.3
155	185.3
156	185.55
157	185.75
156	186.2
155	186.4
153	187.65
152	187.45
152	187.35
150	187.05
150	186.65
150	186.4
0	187.32
