Speed 1 (RPM)	Torque 1 (oz.in)
1796	3.326
1770	49.645
1770	49.76
1769	50.77
1769	51.115
1769	51.33
1767	54.44
1766	55.81
1766	56.125
1763	61.212
1763	61.447
1762	62.615
1760	66.22
1759	67.81
1759	68.025
1756	72.55
1756	72.745
1756	72.925
1753	76.355
1752	77.73
1752	78.055
1747	83.945
1747	84.245
1747	84.56
1744	88.588
1743	89.005
1743	89.295
1740	92.385
1740	92.56
1740	92.72
1736	96.43
1736	96.62
1736	96.72
1733	98.955
1732	99.635
1731	100.11
1732	100.2
1731	100.6
1730	101.55
1729	101.7
1729	101.9
1729	102.05
1728	102.85
1727	103.7
1727	103.9
1727	104.05
1727	104.2
1726	104.9
1726	105
1725	105.05
1724	105.85
1725	105.5
1722	107.8
1721	108.075
1720	109.3
1720	109.5
1720	109.65
1720	109.8
1720	109.9
1719	110.125
1718	110.45
1717	111.45
1717	111.6
1716	112.25
1716	112.5
1715	112.65
1716	112.7
1715	112.85
1713	113.75
1713	114.05
1713	114.2
1713	114.35
1712	115
1711	114.9
1711	115.1
1711	115.45
1710	116.1
1709	116.85
1709	117.1
1709	117.25
1709	117.45
1708	117.617
1707	117.883
1706	118.2
1706	118.4
1707	118.433
1706	118.65
1705	119.45
1704	120.15
1704	120.5
1704	120.7
1702	121.4
1701	121.775
1701	121.975
1702	122
1701	122.175
1700	122.4
1699	123.25
1699	123.4
1699	123.6
1699	123.75
1698	123.925
1697	124.25
1697	124.4
1697	124.65
1697	124.75
1696	125.35
1695	125.9
1695	126.05
1694	126.55
1693	126.825
1693	126.975
1692	127.5
1692	127.65
1692	127.75
1690	129
1689	129.25
1690	129.35
1690	129.5
1689	129.7
1689	129.75
1688	130
1688	130.15
1688	130.3
1686	131.25
1685	131.525
1685	131.725
1685	131.875
1685	131.975
1684	132.6
1683	133.1
1682	133.367
1683	133.4
1682	133.567
1682	133.617
1680	134
1680	134.15
1680	134.3
1681	134.283
1680	134.45
1680	134.5
1679	135.45
1679	135.6
1675	137.375
1675	137.425
1674	137.95
1673	138.6
1673	138.8
1673	138.9
1673	138.95
1672	139.15
1671	139.4
1671	139.65
1672	139.55
1671	139.8
1669	140.75
1669	140.95
1669	141.1
1668	141.3
1667	141.625
1666	141.95
1666	142.15
1666	142.25
1666	142.3
1665	142.75
1664	143.3
1665	143.15
1664	143.65
1663	144.1
1663	144.25
1662	144.05
1662	144.25
1662	144.3
1661	144.9
1660	145.2
1659	145.6
1659	145.75
1657	147
1657	147.05
1657	147.05
1655	147.7
1655	147.8
1655	147.95
1655	148.05
1653	148.6
1652	148.867
1652	149.117
1652	149.217
1652	149.217
1651	149.383
1650	149.75
1650	149.9
1650	150
1650	150.1
1649	150.8
1648	150.6
1648	150.95
1647	151.25
1646	151.75
1645	152.25
1645	152.35
1645	152.55
1645	152.6
1644	152.8
1644	152.85
1643	153.25
1644	153.2
1643	153.45
1642	153.75
1641	153.95
1640	154.35
1641	154.25
1640	154.5
1639	154.95
1638	155.1
1638	155.3
1638	155.4
1638	155.45
1637	155.8
1636	155.7
1636	155.85
1637	156.15
1636	156.05
1634	156.75
1633	156.95
1633	157.1
1634	157.15
1633	157.2
1632	157.425
1632	157.525
1631	158.15
1632	157.825
1632	157.875
1631	158.4
1630	158.6
1629	159
1629	159.1
1628	159.55
1626	159.8
1626	159.95
1627	159.75
1625	160.4
1625	160.6
1625	160.75
1625	160.8
1624	160.85
1623	161.35
1622	161.575
1622	161.725
1622	161.775
1621	162.05
1621	162.1
1620	162.3
1620	162.4
1620	162.5
1620	162.5
1619	162.6
1618	163.1
1617	163.45
1617	163.55
1617	163.5
1616	163.8
1615	164.05
1615	164.2
1616	164.05
1615	164.25
1613	164.575
1613	164.725
1612	165.05
1611	165.4
1610	165.5
1611	165.65
1610	165.65
1610	165.7
1608	166.15
1608	166.25
1609	166.267
1607	166.85
1606	166.975
1606	167.125
1606	167.225
1606	167.275
1605	167.45
1604	167.55
1604	167.7
1604	167.8
1603	167.9
1602	168.25
1601	168.35
1601	168.45
1602	168.55
1601	168.55
1601	168.6
1599	169.15
1599	169.2
1600	169.15
1598	169.45
1597	169.85
1597	169.95
1596	170.1
1596	170.15
1595	170.35
1594	170.6
1595	170.6
1594	170.65
1592	171.05
1592	171.15
1593	171.2
1593	171.2
1591	171.45
1590	171.75
1590	171.85
1590	171.9
1589	172.05
1588	172.3
1588	172.45
1588	172.55
1588	172.6
1587	172.65
1586	173
1585	173.3
1585	173.35
1585	173.4
1584	173.65
1583	173.6
1584	173.85
1584	173.85
1583	173.75
1581	174.175
1581	174.325
1581	174.425
1580	174.65
1579	174.8
1579	174.85
1579	175
1578	175.1
1576	175.4
1576	175.5
1577	175.525
1576	175.6
1575	175.9
1574	176.15
1574	176.3
1575	176.1
1574	176.3
1573	176.4
1572	176.75
1572	176.85
1572	176.85
1571	176.9
1570	177
1570	177.1
1570	177.15
1569	177.35
1567	177.65
1567	177.75
1568	177.7
1568	177.75
1566	178.1
1565	178.25
1565	178.4
1565	178.4
1564	178.5
1564	178.55
1563	178.717
1563	178.817
1562	178.933
1561	179.15
1561	179.25
1561	179.35
1560	179.4
1559	179.6
1559	179.75
1559	179.85
1558	180.1
1557	180.175
1556	180.25
1557	180.325
1557	180.375
1556	180.35
1554	180.65
1554	180.75
1554	180.9
1554	180.85
1553	181
1552	181.35
1552	181.5
1552	181.55
1551	181.5
1550	181.55
1549	181.8
1550	181.75
1550	181.75
1549	181.85
1547	182.25
1547	182.35
1547	182.4
1547	182.3
1546	182.3
1545	182.75
1546	182.55
1545	182.85
1544	182.85
1543	183.1
1543	183.25
1544	183.1
1543	183.25
1542	183.3
1541	183.45
1540	183.575
1541	183.65
1540	183.625
1539	183.85
1538	184.15
1538	184.2
1537	184.167
1536	184.45
1536	184.55
1537	184.417
1535	184.4
1534	184.7
1534	184.75
1535	184.7
1534	184.8
1533	184.8
1532	185.1
1532	185.2
1532	185.25
1531	185.275
1530	185.4
1530	185.55
1530	185.6
1529	185.575
1528	185.65
1527	186
1528	185.85
1527	186.05
1526	186
1525	186.25
1525	186.3
1525	186.4
1525	186.35
1523	186.55
1523	186.6
1524	186.55
1523	186.7
1522	186.85
1521	186.95
1521	187.05
1521	187.1
1521	187.05
1520	187.2
1518	187.45
1518	187.55
1518	187.55
1517	187.65
1517	187.75
1516	187.85
1516	187.85
1515	187.85
1514	187.9
1514	188
1515	188.05
1514	188
1512	188.25
1512	188.35
1513	188.3
1512	188.4
1510	188.6
1509	188.75
1510	188.8
1509	188.8
1508	188.85
1508	188.85
1507	189.05
1508	189
1506	189.2
1506	189.25
1505	189.35
1506	189.4
1505	189.3
1504	189.4
1503	189.7
1503	189.85
1504	189.6
1503	189.75
1502	189.775
1501	189.95
1501	190.1
1501	190.1
1500	190.025
1499	190.1
1499	190.2
1499	190.25
1498	190.4
1498	190.4
1497	190.55
1497	190.7
1497	190.7
1495	190.65
1494	190.775
1494	190.925
1495	190.9
1494	190.825
1493	190.95
1492	191.2
1492	191.35
1493	191.1
1492	191.25
1490	191.25
1490	191.35
1490	191.45
1490	191.4
1489	191.5
1488	191.65
1487	191.95
1488	191.8
1487	191.9
1487	191.9
1486	191.9
1485	191.95
1486	192
1485	191.9
1484	192.1
1483	192.15
1484	192.25
1483	192.15
1482	192.45
1481	192.4
1481	192.55
1482	192.65
1481	192.5
1480	192.45
1479	192.6
1479	192.7
1478	192.65
1477	192.9
1477	192.95
1477	193.05
1477	193
1476	192.95
1475	192.925
1474	193.1
1475	193.075
1475	192.975
1474	193.05
1472	193.2
1472	193.3
1473	193.217
1472	193.2
1471	193.25
1470	193.45
1471	193.4
1470	193.45
1469	193.55
1468	193.55
1468	193.65
1468	193.7
1467	193.75
1466	193.7
1466	193.7
1466	193.85
1466	193.8
1465	193.9
1464	193.8
1464	193.95
1464	194
1463	193.975
1462	194.1
1461	194.15
1461	194.25
1461	194.25
1460	194.2
1459	194.4
1459	194.55
1460	194.4
1459	194.5
1457	194.525
1457	194.625
1457	194.775
1457	194.725
1455	194.75
1455	194.85
1455	194.95
1455	195
1454	194.85
1453	194.975
1452	195.25
1453	195.175
1453	195.075
1452	195.25
1451	195.3
1450	195.4
1451	195.45
1450	195.35
1449	195.475
1448	195.6
1448	195.7
1449	195.625
1447	195.625
1447	195.575
1446	195.8
1446	195.9
1446	195.9
1445	195.8
1444	195.75
1443	196.05
1444	195.9
1444	195.85
1443	196
1442	196.05
1441	196.1
1442	196.25
1442	196.2
1441	196.1
1440	196.2
1439	196.275
1440	196.3
1439	196.275
1437	196.4
1437	196.5
1438	196.45
1437	196.55
1436	196.6
1435	196.55
1434	196.7
1435	196.75
1434	196.6
1433	196.75
1433	196.9
1433	196.9
1432	196.95
1432	196.95
1430	196.9
1430	197.05
1431	197.075
1429	197.05
1428	197.1
1428	197.2
1429	197.25
1428	197.2
1427	197.1
1426	197.2
1426	197.3
1426	197.3
1426	197.2
1425	197.2
1424	197.35
1424	197.5
1424	197.5
1424	197.4
1422	197.5
1421	197.625
1422	197.7
1422	197.6
1420	197.6
1419	197.8
1420	197.8
1419	197.9
1418	197.725
1417	197.8
1417	197.9
1417	197.95
1417	197.85
1415	197.9
1415	197.95
1415	198.05
1415	198
1414	198
1413	198
1413	198.1
1413	198.15
1413	198.1
1411	198.3
1410	198.35
1411	198.45
1410	198.3
1409	198.35
1408	198.4
1408	198.55
1408	198.5
1407	198.45
1407	198.5
1406	198.625
1406	198.625
1406	198.525
1405	198.5
1404	198.575
1404	198.725
1405	198.7
1404	198.675
1403	198.55
1401	198.8
1401	198.9
1402	199
1400	198.95
1400	198.95
1399	198.95
1400	199.15
1398	199.05
1397	199.05
1397	199.15
1397	199.25
1397	199.15
1396	199.075
1395	199.35
1395	199.4
1395	199.35
1394	199.05
1393	199.15
1393	199.3
1393	199.4
1393	199.3
1392	199.3
1391	199.25
1390	199.55
1390	199.7
1390	199.55
1389	199.4
1388	199.5
1388	199.65
1388	199.65
1387	199.45
1386	199.6
1386	199.65
1386	199.8
1386	199.75
1384	199.6
1384	199.65
1383	199.7
1384	199.8
1383	199.65
1383	199.6
1382	199.8
1381	199.825
1382	199.95
1381	199.775
1380	199.75
1379	199.85
1379	199.95
1378	200
1377	199.85
1377	200
1377	200.05
1377	200
1375	200.05
1374	200.15
1374	200.25
1375	200.3
1373	200.125
1373	200.125
1372	200.1
1372	200.25
1372	200.15
1371	200.25
1370	200.225
1370	200.375
1370	200.425
1370	200.275
1369	200.4
1367	200.5
1368	200.525
1368	200.425
1367	200.35
1366	200.45
1365	200.6
1366	200.65
1365	200.6
1364	200.475
1363	200.5
1363	200.7
1363	200.65
1362	200.5
1362	200.5
1360	200.65
1361	200.75
1361	200.65
1360	200.5
1359	200.5
1358	200.85
1359	200.65
1358	200.75
1356	200.775
1356	200.925
1356	200.875
1356	200.725
1355	200.7
1354	200.6
1354	200.75
1354	200.75
1353	200.75
1352	200.65
1351	200.95
1352	200.9
1351	200.75
1350	200.75
1349	200.825
1349	200.925
1350	201
1349	200.875
1348	200.75
1347	200.925
1346	201.15
1347	201.025
1347	200.875
1346	200.95
1345	201.05
1345	201.2
1345	201.1
1344	200.9
1343	201
1342	201.175
1343	201.2
1342	201.125
1341	200.85
1340	201.1
1340	201.2
1340	201.15
1340	201
1338	201.1
1338	201.2
1338	201.3
1338	201.25
1336	201.025
1336	201.125
1335	201.25
1335	201.2
1335	201
1334	201.2
1333	201.15
1333	201.25
1333	201.15
1332	201.1
1331	201.05
1331	201.2
1331	201.25
1331	201.1
1329	201.3
1329	201.35
1328	201.5
1329	201.45
1328	201.3
1327	201.25
1326	201.2
1326	201.4
1326	201.35
1325	201.175
1324	201.1
1324	201.3
1324	201.2
1323	201.175
1322	201.4
1321	201.55
1322	201.55
1321	201.35
1320	201.25
1319	201.45
1319	201.65
1319	201.55
1319	201.4
1318	201.35
1317	201.4
1317	201.55
1317	201.45
1316	201.45
1316	201.5
1314	201.5
1314	201.6
1314	201.4
1313	201.35
1312	201.45
1311	201.6
1312	201.6
1312	201.4
1311	201.35
1310	201.3
1310	201.45
1310	201.4
1309	201.45
1308	201.5
1307	201.725
1308	201.65
1307	201.525
1306	201.3
1305	201.6
1305	201.75
1305	201.6
1304	201.4
1304	201.5
1303	201.7
1303	201.65
1302	201.3
1301	201.45
1300	201.575
1300	201.675
1300	201.525
1299	201.25
1298	201.65
1298	201.8
1298	201.65
1297	201.35
1296	201.45
1296	201.65
1296	201.7
1296	201.6
1295	201.3
1294	201.55
1293	201.7
1293	201.75
1293	201.6
1292	201.45
1291	201.575
1290	201.6
1291	201.675
1291	201.475
1290	201.35
1289	201.65
1288	201.55
1289	201.7
1288	201.3
1287	201.5
1286	201.5
1287	201.7
1286	201.3
1285	201.3
1284	201.5
1283	201.5
1284	201.6
1283	201.3
1283	201.3
1281	201.4
1281	201.45
1282	201.6
1281	201.2
1280	201.425
1279	201.65
1279	201.75
1279	201.6
1278	201.2
1277	201.55
1276	201.45
1277	201.7
1276	201.35
1275	201.325
1274	201.55
1274	201.6
1274	201.45
1273	201.35
1272	201.475
1271	201.6
1272	201.575
1272	201.375
1270	201.425
1269	201.55
1269	201.65
1269	201.5
1268	201.45
1267	201.45
1266	201.65
1267	201.6
1267	201.45
1266	201.4
1265	201.35
1264	201.517
1265	201.5
1265	201.4
1263	201.383
1262	201.45
1262	201.55
1262	201.45
1261	201.375
1260	201.4
1259	201.517
1260	201.45
1259	201.317
1258	201.2
1257	201.5
1257	201.55
1258	201.3
1257	201.4
1256	201.45
1255	201.4
1254	201.65
1255	201.35
1254	201.4
1253	201.25
1252	201.425
1253	201.35
1252	201.275
1251	201.15
1250	201.4
1249	201.5
1250	201.45
1249	201.3
1248	201.2
1247	201.45
1248	201.3
1247	201.3
1246	201.05
1245	201.35
1245	201.45
1245	201.45
1245	201.3
1243	201.1
1242	201.3
1242	201.35
1242	201.25
1242	201.1
1241	201
1240	201.117
1240	201.217
1240	201.117
1239	200.95
1238	201.05
1237	201.3
1237	201.3
1237	201.2
1236	200.9
1235	201.1
1234	201.1
1235	201.2
1235	201.1
1234	200.85
1233	201.2
1232	201.25
1232	201.2
1232	201.05
1231	201.1
1230	201.175
1230	201.175
1230	201.125
1229	200.9
1228	200.95
1227	201
1228	201.05
1227	200.95
1226	200.85
1225	200.95
1224	200.9
1225	201
1224	200.75
1224	200.7
1222	200.7
1223	200.95
1223	200.85
1222	200.55
1221	200.7
1219	200.95
1220	200.85
1220	200.75
1219	200.75
1218	200.85
1217	200.65
1218	200.9
1217	200.5
1216	200.7
1215	200.725
1215	200.825
1215	200.775
1214	200.55
1213	200.7
1212	200.6
1212	200.6
1212	200.4
1211	200.525
1210	200.65
1210	200.7
1210	200.65
1210	200.5
1209	200.45
1207	200.45
1207	200.55
1208	200.65
1206	200.35
1206	200.4
1205	200.45
1205	200.5
1205	200.35
1204	200.2
1203	200.417
1202	200.4
1202	200.45
1202	200.35
1201	200.25
1200	200.35
1199	200.35
1200	200.4
1199	200.1
1198	200.225
1197	200.3
1197	200.35
1197	200.3
1197	200.15
1195	200.2
1194	200.3
1195	200.25
1195	200.15
1194	200.05
1193	200.3
1192	200.15
1192	200.15
1192	200
1191	200.05
1190	200.25
1189	200.3
1190	200.3
1189	200.15
1188	200.075
1187	200.1
1186	200.2
1187	200.15
1187	200.05
1186	200
1185	200.1
1184	200.05
1185	200.1
1184	199.85
1183	199.925
1182	199.95
1181	200.15
1182	199.95
1181	199.95
1180	199.9
1179	199.85
1179	199.95
1179	199.8
1179	199.7
1178	199.8
1176	200
1176	200.05
1177	199.85
1176	199.8
1175	199.65
1174	199.85
1174	199.9
1174	199.8
1173	199.75
1172	199.7
1171	199.85
1172	199.85
1172	199.75
1170	199.575
1170	199.675
1169	199.8
1169	199.75
1169	199.6
1168	199.55
1167	199.6
1166	199.65
1167	199.65
1166	199.5
1165	199.55
1163	199.6
1163	199.65
1164	199.45
1163	199.45
1162	199.55
1161	199.6
1161	199.65
1161	199.5
1160	199.4
1159	199.3
1158	199.475
1159	199.4
1158	199.325
1157	199.1
1156	199.3
1155	199.45
1156	199.35
1156	199.2
1155	199.25
1154	199.2
1153	199.35
1154	199.3
1153	199.2
1152	199.25
1150	199.275
1150	199.325
1151	199.3
1151	199.2
1150	199.125
1148	199.117
1148	199.167
1148	199.167
1148	199.017
1146	198.95
1145	199.15
1145	199.25
1145	199.2
1144	198.8
1144	198.8
1142	199.05
1142	199.1
1143	199
1142	198.9
1140	198.9
1139	199.025
1140	199.05
1139	198.925
1138	198.7
1137	198.9
1137	199
1137	198.9
1137	198.8
1136	198.75
1134	198.875
1135	198.9
1135	198.75
1134	198.725
1133	198.65
1131	198.65
1132	198.75
1131	198.5
1130	198.5
1129	198.7
1129	198.7
1129	198.55
1128	198.55
1127	198.55
1126	198.625
1127	198.65
1126	198.475
1125	198.3
1124	198.6
1123	198.675
1124	198.65
1123	198.425
1122	198.3
1121	198.375
1121	198.425
1122	198.3
1120	198.1
1119	198.25
1118	198.4
1119	198.35
1119	198.3
1118	198.25
1116	198.2
1115	198.25
1116	198.25
1115	198.1
1114	198.1
1113	198.25
1113	198.3
1113	198.2
1112	197.85
1111	198.05
1110	198.125
1110	198.125
1110	198.025
1109	197.75
1107	197.7
1107	197.8
1108	197.85
1107	197.6
1105	197.775
1104	197.9
1105	197.925
1105	197.825
1104	197.7
1103	197.65
1101	197.75
1102	197.767
1102	197.567
1101	197.45
1099	197.65
1099	197.75
1099	197.6
1098	197.4
1097	197.45
1096	197.45
1097	197.5
1096	197.2
1095	197.3
1094	197.45
1094	197.5
1094	197.35
1093	197.15
1091	197.35
1090	197.45
1091	197.4
1091	197.25
1089	197.05
1087	197.3
1088	197.35
1088	197.25
1087	197
1086	197.2
1085	197.1
1085	197.1
1086	197.2
1084	196.925
1084	196.975
1082	196.95
1082	196.95
1083	197.1
1082	196.75
1081	196.85
1079	196.85
1079	196.85
1080	196.9
1078	196.8
1077	196.75
1076	196.8
1077	196.85
1077	196.7
1076	196.6
1075	196.75
1074	196.775
1074	196.875
1074	196.675
1073	196.45
1071	196.45
1071	196.55
1071	196.5
1071	196.4
1070	196.4
1069	196.55
1068	196.4
1069	196.6
1068	196.2
1067	196.3
1066	196.3
1065	196.35
1066	196.3
1065	196.1
1064	196.1
1062	196.1
1063	196.25
1063	196.1
1062	195.85
1061	196.05
1060	196
1060	196
1060	195.85
1059	195.8
1057	195.95
1057	196.05
1058	195.95
1057	195.85
1056	195.7
1054	195.917
1055	195.933
1055	195.833
1054	195.767
1052	195.8
1051	195.7
1051	195.7
1051	195.6
1050	195.5
1049	195.525
1048	195.5
1049	195.625
1049	195.425
1048	195.25
1046	195.425
1045	195.3
1046	195.475
1046	195.375
1044	195.25
1043	195.35
1042	195.35
1043	195.4
1043	195.25
1042	195.15
1040	195.15
1040	195.25
1040	195.15
1040	195.05
1038	195.05
1037	194.95
1036	195.15
1037	194.95
1036	194.9
1036	194.85
1034	194.875
1034	194.975
1035	195
1034	194.775
1033	194.75
1032	194.775
1031	194.75
1031	194.6
1030	194.575
1028	194.575
1026	194.7
1026	194.75
1026	194.55
1025	194.15
1025	194.1
1024	194.45
1026	194.3
1025	193.95
1025	193.95
1023	194.2
1023	194.3
1024	194.4
1023	194.15
1022	194
1021	194.125
1020	194.3
1020	194.3
1020	194.2
1019	194
1017	194.2
1015	194.3
1016	194.2
1016	194
1015	194
1014	194.025
1013	194
1014	194.125
1014	193.975
1013	193.75
1012	193.85
1010	193.8
1010	193.85
1011	193.7
1009	193.675
1008	193.7
1007	193.65
1007	193.75
1008	193.75
1007	193.5
1006	193.512
1005	193.575
1004	193.6
1005	193.625
1004	193.35
1003	193.55
1001	193.35
1001	193.45
1001	193.45
1001	193.25
1000	193.217
999	193.3
998	193.4
999	193.35
998	193.15
997	193.175
995	193
995	193.1
995	193.1
995	192.95
994	193
992	192.9
991	193.15
992	193
992	192.8
992	192.75
990	192.95
989	192.9
990	193.1
989	192.75
988	192.85
986	192.7
986	192.8
987	192.7
986	192.55
985	192.65
983	192.5
983	192.65
984	192.8
983	192.4
981	192.6
980	192.6
980	192.65
980	192.55
979	192.45
978	192.5
977	192.3
977	192.4
977	192.2
976	192.2
975	192.125
974	192.15
974	192.2
974	192.05
974	191.95
972	192.15
971	192.15
971	192.2
971	192.05
970	192.05
969	192.05
967	192.05
968	192.05
968	191.9
967	191.8
966	191.9
964	191.8
964	191.85
965	191.75
965	191.55
964	191.55
962	191.75
962	191.85
962	191.85
961	191.55
960	191.575
958	191.6
958	191.7
959	191.5
958	191.5
957	191.417
955	191.5
955	191.6
956	191.533
955	191.4
954	191.35
952	191.45
952	191.55
952	191.5
951	191.3
950	191.35
949	191.2
949	191.3
949	191.25
949	191.05
947	191.117
946	191.1
946	191.15
947	191.217
946	190.95
945	190.95
943	191
942	191.1
943	191.1
942	190.9
941	191.05
939	191.05
939	191.15
940	191.1
939	190.9
938	190.8
936	190.85
936	190.95
937	190.75
936	190.75
935	190.65
933	190.55
932	190.8
933	190.65
933	190.45
932	190.55
931	190.65
930	190.5
930	190.6
930	190.5
930	190.35
929	190.3
927	190.3
926	190.45
926	190.45
927	190.25
926	190.2
924	190.2
923	190.25
923	190.3
924	190.3
923	190.05
922	190.1
921	190.2
920	190.15
921	190.35
919	190
918	190
916	189.9
917	190
917	189.85
916	189.75
915	189.85
914	189.75
914	189.85
914	189.8
913	189.65
912	189.683
910	189.5
909	189.75
910	189.5
910	189.35
910	189.2
908	189.475
907	189.6
907	189.65
908	189.575
907	189.35
905	189.4
903	189.35
904	189.35
903	189.3
902	189.175
900	189.25
900	189.35
901	189.1
900	189.15
900	189
897	188.95
897	189.05
897	189
897	188.95
896	188.95
894	188.8
893	189.05
893	189.05
894	188.75
893	188.7
891	188.75
890	188.7
890	188.8
891	188.8
890	188.5
889	188.65
886	188.65
886	188.75
887	188.45
886	188.45
885	188.35
884	188.35
884	188.5
885	188.45
883	188.1
882	188.25
880	188.25
880	188.4
880	188.3
879	188.175
878	188.15
876	188.2
877	188.05
877	187.95
877	187.75
875	187.85
873	187.9
874	188.1
874	188
873	187.8
871	187.833
869	187.9
870	187.75
870	187.5
868	187.55
867	187.65
866	187.6
866	187.7
867	187.55
865	187.35
864	187.4
862	187.35
863	187.4
863	187.2
862	187.15
859	187.05
859	187.15
860	187.25
860	187.15
859	186.85
857	187.05
855	187.1
855	187.15
856	186.95
856	186.8
854	186.85
853	186.65
851	187
852	186.8
853	186.7
852	186.55
851	186.65
850	186.7
848	186.8
849	186.65
849	186.45
848	186.5
846	186.55
845	186.55
845	186.55
845	186.45
845	186.3
843	186.35
842	186.35
841	186.45
842	186.35
842	186.15
841	186.1
839	185.95
838	186.2
839	186.1
838	186
836	186
834	186
834	186.1
835	186
835	185.8
834	185.75
832	185.925
830	186.1
831	185.95
832	185.925
831	185.7
830	185.85
828	185.55
827	185.85
827	185.8
828	185.5
827	185.55
826	185.567
824	185.7
823	185.75
824	185.85
824	185.7
823	185.45
822	185.575
820	185.5
820	185.6
820	185.5
820	185.3
819	185.45
817	185.5
816	185.4
817	185.6
817	185.45
816	185.05
815	185.3
813	185.15
813	185.3
814	185.525
814	185.425
813	185.1
811	185.15
809	185.05
808	185.2
808	185.25
809	185.1
809	184.85
807	184.9
806	185
805	185
806	185.1
806	185
805	184.65
803	184.8
801	184.75
801	184.8
801	184.8
801	184.55
800	184.425
799	184.55
797	184.5
798	184.45
799	184.6
798	184.2
795	184.525
793	184.6
793	184.65
794	184.5
794	184.3
792	184.3
791	184.15
789	184.35
790	184.35
791	184.25
791	184.1
790	183.95
789	184.1
786	184.15
787	184.35
787	184.3
787	184.15
785	184
784	184.05
782	184.1
782	184.2
783	184
783	183.8
781	183.75
780	183.775
778	183.85
779	183.7
779	183.6
778	183.6
777	183.613
775	183.6
774	183.8
775	183.7
775	183.5
773	183.45
772	183.05
770	183.417
770	183.467
772	183.2
771	183.25
770	183.167
769	183.233
767	183.2
767	183.3
768	183.4
767	183.05
766	183.05
764	182.8
762	183.1
763	183.05
764	182.85
764	182.7
762	182.7
760	182.8
759	182.8
760	182.95
760	182.85
759	182.55
758	182.7
755	182.7
754	182.8
755	182.85
755	182.7
755	182.5
753	182.45
751	182.3
750	182.45
751	182.35
752	182.3
752	182.1
751	182.05
749	182.3
747	182.35
747	182.35
747	182.2
746	182.15
745	182.2
743	182.1
743	182.2
744	182.05
744	181.9
742	181.9
741	181.9
739	181.9
739	181.95
740	182.05
740	181.9
739	181.7
738	181.75
735	181.8
735	181.9
735	181.85
736	181.65
735	181.65
733	181.65
730	181.65
730	181.7
731	181.55
732	181.575
731	181.25
730	181.35
728	181.2
727	181.4
728	181.4
728	181.35
728	181.2
725	181.233
723	181.1
722	181.3
723	181.1
724	181.3
723	180.85
721	181.025
718	180.95
718	181
719	181
719	180.85
717	180.9
715	181
714	180.9
714	180.95
715	181
715	180.8
713	180.75
712	180.85
710	180.8
711	180.7
712	180.9
711	180.5
710	180.55
708	180.6
706	180.55
705	180.75
707	180.65
706	180.35
704	180.35
702	180.25
701	180.4
702	180.35
703	180.425
702	180.1
701	180.15
698	180
697	180.2
698	180.1
698	179.95
697	179.95
693	179.85
692	180
694	179.8
695	179.95
693	179.6
690	179.8
689	179.7
690	179.95
690	179.8
689	179.45
687	179.55
685	179.8
684	179.65
685	179.8
684	179.3
683	179.3
681	179.15
680	179.25
680	179.3
681	179.2
681	179
679	179.15
676	179
675	179.15
676	179.15
677	179.05
675	178.85
673	178.95
670	178.85
670	178.9
672	178.85
672	178.7
671	178.35
668	178.867
667	179.033
668	179.017
667	178.883
664	178.9
662	178.65
660	178.8
661	178.85
663	178.3
663	178.1
661	178.35
659	178.325
659	178.475
660	178.5
660	178.4
659	178.325
657	178.1
655	178.425
653	178.45
653	178.5
654	178.45
654	178.35
652	178.15
649	177.95
649	178
650	177.9
649	177.75
647	177.7
644	177.85
642	177.85
643	177.75
644	177.75
643	177.4
641	177.2
639	177.75
639	177.8
641	177.3
642	177.4
641	177.1
637	177.4
634	177.55
634	177.65
635	177.6
635	177.45
632	177.25
631	177.3
629	177.2
630	177.15
631	177.3
630	176.9
628	176.95
625	176.85
624	177
626	177.15
627	177
625	176.65
622	176.85
620	176.65
619	176.8
621	176.7
621	176.55
619	176.5
617	176.625
615	176.4
615	176.45
616	176.4
617	176.525
616	176.1
613	176.4
609	176.45
610	176.4
611	176.5
611	176.25
608	176.15
605	176.05
604	176.25
605	176.15
606	175.9
607	176.05
605	175.7
602	176
600	175.85
601	175.8
602	176.1
602	175.95
600	175.6
597	175.9
595	175.85
594	175.95
595	175.9
596	175.6
596	175.45
594	175.5
592	175.7
590	175.6
591	175.55
592	175.7
592	175.6
590	175.35
587	175.525
585	175.5
585	175.55
586	175.3
587	175.475
584	175.2
582	175.4
579	175.25
579	175.3
582	175.35
582	175.2
581	174.75
578	174.95
576	175.067
574	175.15
576	175.117
577	175
575	174.7
573	174.8
570	174.75
569	174.95
570	174.8
571	174.9
570	174.5
568	174.5
566	174.65
564	174.6
564	174.65
566	174.7
566	174.6
565	174.3
561	174.55
559	174.5
559	174.55
560	174.4
561	174.55
560	174.15
557	174.4
554	174
552	174.2
554	174.05
555	174
556	174.15
554	173.7
551	174
548	174
548	174.1
549	174.25
550	174.125
550	173.975
546	173.9
545	174
541	174
542	173.95
544	174.025
544	173.875
543	173.35
540	173.6
537	173.4
536	173.7
537	173.5
539	173.617
539	173.467
536	173.3
534	173.45
530	173.45
531	173.35
533	173.525
533	173.375
533	173.275
530	173.1
527	172.95
525	173.05
525	173.1
526	173
528	173.075
526	172.7
524	172.95
521	172.7
519	172.9
520	172.8
522	172.95
522	172.75
521	172.45
518	172.65
516	172.45
513	172.75
514	172.65
517	172.75
517	172.55
515	172.25
512	172.45
509	172.3
506	172.5
508	172.4
511	172.5
511	172.4
509	172
507	172.4
503	172.2
501	172.4
501	172.45
504	172.375
505	172.187
504	172.125
500	172.1
498	171.75
496	171.95
497	171.95
497	171.85
498	171.6
498	171.45
496	171.55
492	171.875
489	171.8
489	171.8
491	172
494	171.8
495	171.55
489	171.55
485	171.55
483	171.75
485	171.55
487	171.65
488	171.55
483	171.4
481	171.25
478	171.275
477	171.25
479	171.3
480	171.25
480	171.1
477	171
473	170.3
471	171.25
471	171.25
473	170.3
475	170.25
476	170.85
475	170.2
469	170.4
464	170.95
462	171.25
462	171.05
468	169.933
471	170.55
473	169.6
471	170.7
466	170.3
463	170.65
457	171.5
457	171.5
458	171.15
460	170.8
460	170.6
458	170.5
455	170.55
451	170.25
449	170.35
450	170.55
452	170.15
454	169.7
454	169.6
452	169.8
447	169.525
444	169.55
443	170.15
444	169.45
446	169.4
448	169.25
448	169.2
446	169.25
442	169.35
439	169.4
438	169.4
438	169.4
442	169.4
445	169.75
445	169.85
442	169.55
439	169.7
434	169.4
432	170
432	169.9
434	169.35
436	169.65
436	169.6
433	169.1
429	169.95
424	169.15
422	169.08
424	168.8
427	168.55
431	169
433	168.45
431	169.2
427	168.8
422	169.18
416	169.1
413	168.85
416	168.75
421	169.1
424	168.35
426	168.25
422	168.68
416	168.7
411	168.85
407	169.25
408	168.9
412	168.25
415	168.75
416	168.2
414	168.35
411	168.4
408	168.7
405	168.3
403	168.3
401	168.65
404	168.35
406	167.95
409	168
409	168
403	167.95
400	168.1
397	168.2
394	168.1
395	168.2
399	168.3
402	167.65
399	168.35
395	168.15
390	167.9
389	168.2
386	168.45
385	167.85
390	167.5
393	167.95
393	167.9
391	167.95
388	167.85
382	167.55
378	168.1
379	167.8
382	167.2
386	167.65
386	167.6
382	167.2
379	167.75
374	167.3
370	167.25
370	167.2
371	167.45
374	166.95
376	167.6
378	167.45
376	167.6
373	166.9
370	167
365	167.9
362	166.9
362	166.7
365	167.4
368	166.467
370	166.45
368	166.517
363	166.65
359	166.7
356	166.6
354	166.52
353	166.43
355	166.16
359	166.2
361	166.75
362	166.15
360	167.05
357	166.45
352	167.35
347	165.95
345	167.15
345	166.9
348	166.35
351	165.6
352	166.7
355	166.01
353	166.23
347	165.75
342	167.55
340	165.8
337	166.85
335	166.533
339	166.9
342	166.65
347	164.9
348	166
342	167.1
336	166.767
332	166.8
328	166.9
328	166.65
330	165.9
334	165.95
339	166.7
339	167.2
335	166.783
330	166.75
323	167.4
319	166.6
318	166.1
319	165.85
324	165.25
327	165.2
331	165.8
333	165.3
332	166.55
326	166.45
322	167.9
317	167.8
312	166.8
310	167.7
308	166.25
308	166
314	165.25
319	165.2
321	165.5
321	165.9
317	166.85
309	166.75
303	167.15
301	165.9
300	166.3
302	165.2
305	165.85
306	165.6
308	165.35
311	165.45
308	166
303	166.85
298	166.15
292	167
292	166.65
292	166.35
293	166.2
295	165.25
298	165.1
299	165.3
298	165.5
296	166.025
293	166.95
288	166
285	166.05
282	166.8
282	166.55
281	165.35
284	165.25
288	165.15
288	165.35
286	165.95
286	166.25
282	167.05
277	166
275	166.7
273	166.65
273	166.45
274	165.9
276	165.15
277	165.25
277	165.45
277	165.65
276	165.8
273	167
269	166.3
264	166.15
260	167.15
259	166
261	165.8
264	165.15
265	165.15
267	165.35
267	165.65
266	165.9
264	166.25
260	167.65
257	166.65
254	166.45
253	166.25
252	166.15
252	166
251	167.05
252	165.95
254	166
255	166.175
254	166.3
252	166.55
250	167.5
246	167.25
242	167
240	166.7
240	166.4
242	166.2
242	166.25
242	166.4
242	166.65
242	166.85
241	167
241	167.1
240	167.25
238	167.8
235	167.6
231	167.35
228	167.075
228	166.825
228	166.625
228	166.675
229	166.7
230	166.95
229	167.15
228	167.375
228	167.525
226	167.55
223	168.1
220	167.8
218	167.5
215	167.25
215	167.1
214	166.9
214	166.8
215	166.8
215	166.9
216	167.15
216	167.3
215	167.5
214	167.75
212	167.85
210	168.7
208	168.45
206	168.15
204	167.9
202	167.5
201	167.2
201	167.1
200	167
200	167.05
200	167.15
200	167.25
200	167.4
200	167.6
200	167.8
199	167.95
198	168
195	168.85
193	168.6
192	168.45
190	168.1
188	167.85
187	167.65
186	167.4
185	167.25
184	167.25
185	167.35
184	167.4
184	167.45
185	167.65
185	167.8
184	168
183	168.2
182	168.2
180	168.45
177	169
175	168.65
173	168.3
171	167.95
170	167.8
168	167.5
168	167.35
168	167.3
168	167.3
169	167.45
168	167.55
167	167.75
168	167.95
167	168.15
166	168.3
166	168.4
164	168.55
162	169.6
160	169.5
159	169.425
156	169.275
155	169.1
155	168.95
153	168.883
152	168.967
152	169.017
0	167.36
