Speed 1 (RPM)	Torque 1 (oz.in)
1796	2.524
1786	24.15
1786	24.47
1786	24.565
1785	25.315
1786	24.935
1785	25.97
1785	26.065
1785	26.115
1784	26.595
1785	26.43
1784	26.87
1784	27.145
1784	27.265
1784	27.365
1783	28.98
1784	27.665
1783	29.285
1783	29.51
1783	29.585
1783	29.83
1782	30.44
1782	30.565
1782	30.845
1781	31.43
1782	31.055
1781	32.25
1782	31.85
1782	31.935
1781	32.445
1781	32.57
1781	32.73
1781	32.8
1781	32.865
1780	34.975
1780	35.145
1781	33.26
1780	35.405
1780	35.485
1780	35.795
1779	36.325
1779	36.685
1779	36.765
1779	37.08
1779	37.205
1779	37.36
1779	37.505
1778	38.06
1778	38.22
1777	40.5
1777	40.6
1778	39.25
1777	40.83
1777	41.045
1778	39.725
1777	41.31
1776	41.99
1777	41.635
1776	42.295
1776	42.555
1777	42.095
1776	42.815
1775	43.485
1776	43.23
1775	43.91
1775	44.355
1774	46.42
1775	44.61
1775	44.76
1774	47.52
1774	47.61
1773	48.04
1773	48.16
1772	49.535
1772	49.695
1772	49.815
1771	51.64
1772	50.765
1771	52.56
1770	53.23
1771	52.78
1771	52.975
1770	53.625
1770	53.82
1771	53.44
1770	54.085
1769	54.69
1770	54.59
1769	55.16
1769	55.57
1768	56.775
1769	56.015
1768	57.185
1768	57.35
1769	56.47
1768	58.53
1767	59.715
1766	60.32
1767	60.15
1767	60.215
1766	60.92
1766	61.03
1766	61.18
1765	61.755
1765	62.54
1765	62.65
1764	64.535
1764	64.575
1765	63.02
1765	63.085
1764	64.98
1764	65.08
1765	63.505
1764	65.35
1763	66.01
1763	66.15
1764	65.895
1763	66.545
1763	66.65
1764	66.405
1763	67.065
1762	67.95
1763	67.43
1762	68.3
1762	68.445
1762	68.615
1762	68.735
1761	69.14
1762	69.045
1761	69.695
1761	69.885
1761	70.005
1760	72.09
1761	70.425
1760	72.345
1760	72.465
1760	72.69
1759	73.055
1760	73.085
1759	73.445
1759	73.615
1759	73.76
1759	73.915
1758	74.485
1759	74.21
1759	74.33
1758	75
1758	75.17
1757	77.295
1758	75.64
1756	78.06
1757	77.935
1756	78.485
1756	78.64
1757	78.565
1756	78.945
1755	79.525
1756	79.265
1755	80.025
1755	80.14
1754	82.295
1755	80.645
1755	80.845
1754	82.74
1754	82.875
1754	82.99
1753	83.365
1754	83.3
1753	83.875
1754	83.85
1753	84.195
1753	84.365
1753	84.57
1753	84.675
1753	85.045
1752	85.615
1752	86.035
1751	86.48
1751	86.605
1752	86.485
1751	86.9
1750	88.66
1751	87.2
1751	87.305
1750	89.205
1750	89.32
1750	90.05
1749	90.475
1749	90.815
1748	92.415
1748	92.62
1749	91.34
1748	92.96
1747	93.615
1748	93.435
1746	94.32
1747	94.23
1746	94.87
1747	94.78
1746	95.12
1745	96.89
1746	95.37
1746	95.52
1745	97.29
1746	95.82
1745	97.69
1746	96.17
1745	97.94
1744	98.425
1745	98.29
1744	98.875
1745	98.79
1744	99.575
1744	99.675
1743	100.245
1744	100.025
1743	100.495
1742	101.97
1743	100.795
1742	102.47
1742	102.62
1741	103.12
1742	102.87
1741	103.52
1742	103.32
1741	103.77
1741	104.12
1741	104.17
1740	104.91
1741	104.52
1740	105.26
1740	105.41
1740	105.61
1739	106.26
1739	106.71
1738	108.75
1739	107.01
1738	109.2
1739	107.41
1738	109.4
1738	109.7
1737	110.05
1737	110.15
1738	110.1
1737	110.5
1737	110.6
1738	110.55
1736	111.3
1737	111.25
1736	111.7
1736	111.9
1736	112
1736	112.35
1735	113
1734	113.6
1734	113.95
1735	113.6
1734	114.15
1734	114.3
1735	114
1734	114.55
1733	116.2
1733	116.55
1733	116.7
1734	115.35
1733	117
1732	118
1733	117.25
1732	118.25
1732	118.35
1732	118.6
1731	118.85
1732	118.85
1732	118.9
1731	119.2
1732	119.15
1731	119.4
1732	119.6
1730	120.4
1730	120.5
1731	120.2
1729	121.4
1730	121
1729	122.2
1730	121.75
1729	122.4
1728	123.6
1729	122.55
1729	122.65
1728	123.9
1729	122.95
1727	124.85
1728	124.55
1728	124.65
1727	125.3
1727	125.45
1727	125.55
1726	126
1726	126.05
1726	126.3
1726	126.35
1726	126.5
1725	126.75
1726	126.7
1726	126.8
1725	127.05
1726	127.05
1725	127.45
1725	127.65
1725	127.75
1724	128.8
1724	128.9
1725	128.1
1724	129.15
1723	129.5
1724	129.35
1724	129.65
1723	129.95
1723	130.05
1724	129.9
1723	130.25
1723	130.4
1723	130.55
1722	131.6
1723	130.9
1722	131.8
1721	131.45
1722	132.05
1722	132.1
1721	131.75
1721	131.8
1720	132.65
1721	132.1
1721	132.2
1720	132.9
1721	132.4
1720	133.15
1720	133.3
1721	132.75
1720	133.65
1720	133.7
1719	134.25
1719	134.35
1718	135.35
1719	134.6
1719	134.7
1719	134.85
1719	134.9
1718	135.8
1718	135.95
1718	136
1717	136.45
1718	136.25
1717	136.7
1717	136.8
1717	136.8
1716	137.5
1717	136.95
1716	137.6
1716	137.7
1717	137.15
1716	137.85
1717	137.4
1715	138.225
1715	138.425
1714	139.05
1715	138.575
1715	138.775
1714	139.4
1714	139.4
1715	138.925
1714	139.55
1714	139.6
1714	139.75
1714	139.8
1714	139.95
1713	140.55
1712	140.85
1713	140.7
1712	140.95
1712	141
1713	140.85
1712	141.1
1713	140.95
1712	141.25
1712	141.3
1712	141.4
1712	141.45
1711	142.05
1711	142.15
1710	142.45
1710	142.55
1710	142.65
1710	142.7
1711	142.5
1710	142.75
1710	142.85
1711	142.65
1710	142.9
1710	143.1
1709	143.65
1710	143.3
1708	144.4
1709	144
1708	144.55
1709	144.1
1708	144.65
1709	144.25
1708	144.8
1707	144.45
1708	145
1707	144.65
1708	145.2
1706	145.55
1707	144.95
1706	145.65
1707	145.05
1707	145.05
1706	145.85
1705	146.15
1705	146.25
1706	146.15
1705	146.35
1705	146.5
1704	147
1704	147
1704	147.15
1705	146.75
1704	147.25
1703	148.4
1704	147.4
1704	147.4
1703	148.6
1703	148.7
1703	148.8
1702	148.7
1703	148.95
1703	148.95
1702	148.85
1702	149
1702	149.1
1702	149.25
1701	149.5
1701	149.6
1702	149.35
1701	149.6
1702	149.45
1700	150.5
1701	149.85
1701	149.9
1700	150.8
1700	150.85
1699	150.95
1699	151.05
1700	151
1700	151
1699	151.1
1700	151.15
1698	151.4
1698	151.6
1697	152.15
1699	151.65
1698	151.7
1697	152.3
1699	151.75
1698	151.8
1699	151.85
1697	152.5
1697	152.6
1698	152.15
1696	153.55
1696	153.65
1697	152.85
1695	153.85
1696	153.75
1696	153.8
1697	153.1
1696	153.9
1696	154.05
1696	154.15
1695	154.3
1695	154.4
1694	155
1695	154.45
1694	155.1
1695	154.55
1694	155.2
1695	154.8
1693	155.6
1694	155.55
1693	155.8
1692	156.05
1694	155.7
1693	155.9
1694	155.85
1693	156
1692	156.35
1693	156.2
1691	156.9
1692	156.55
1692	156.6
1692	156.7
1692	156.7
1691	157.15
1692	156.8
1691	157.25
1691	157.35
1692	157
1690	157.6
1691	157.6
1690	157.65
1690	157.75
1690	157.75
1689	158.3
1691	157.75
1689	158.55
1689	158.6
1689	158.7
1688	159
1688	159.05
1688	159.1
1689	158.9
1688	159.3
1688	159.4
1687	159.525
1687	159.575
1686	160.45
1687	159.725
1686	160.55
1687	159.825
1687	159.825
1686	160.7
1686	160.8
1685	160.9
1686	160.9
1685	161
1687	160.225
1685	161.15
1686	161.2
1684	162.15
1685	161.4
1684	162.25
1685	161.45
1684	162.25
1684	162.4
1683	162.55
1683	162.65
1682	163.1
1683	162.75
1682	163.15
1684	162.8
1683	162.95
1683	163.05
1682	163.4
1682	163.55
1682	163.55
1681	163.7
1682	163.65
1681	163.8
1683	163.35
1681	163.9
1681	163.95
1681	164.05
1680	164.25
1680	164.3
1680	164.35
1680	164.4
1681	164.25
1680	164.4
1680	164.5
1680	164.55
1679	164.95
1679	165.05
1679	165.2
1679	165.15
1678	165.3
1680	164.9
1678	165.45
1679	165.45
1678	165.65
1678	165.65
1677	166.25
1678	165.75
1678	165.7
1677	166.35
1677	166.45
1676	167
1676	167
1676	167.05
1677	166.65
1676	167.05
1676	167.2
1675	167.65
1676	167.35
1675	167.8
1676	167.5
1674	168.15
1676	167.55
1674	168.25
1675	168.15
1673	168.7
1674	168.55
1673	168.75
1674	168.55
1673	168.85
1674	168.7
1673	168.9
1672	169.125
1672	169.175
1672	169.175
1673	169.25
1673	169.25
1671	169.95
1672	169.475
1671	170.1
1671	170.1
1672	169.625
1671	170.25
1672	169.625
1670	170.6
1671	170.4
1669	170.95
1670	170.8
1671	170.6
1670	170.9
1669	171.15
1670	171.05
1669	171.25
1669	171.4
1668	171.7
1669	171.45
1668	171.8
1669	171.55
1669	171.55
1669	171.7
1667	172.35
1669	171.75
1668	172.05
1668	172.2
1666	172.9
1666	173.05
1666	173.05
1667	172.75
1666	173.05
1667	172.85
1666	173.2
1665	173.6
1665	173.65
1665	173.75
1666	173.4
1665	173.75
1666	173.5
1664	174.1
1665	173.9
1664	174.2
1664	174.25
1664	174.35
1665	174.1
1663	174.45
1663	174.55
1662	174.85
1663	174.65
1662	174.9
1664	174.75
1663	174.7
1662	175.1
1662	175.2
1662	175.2
1662	175.35
1661	175.55
1661	175.65
1661	175.65
1661	175.65
1660	175.75
1662	175.6
1660	175.85
1660	176
1659	177
1659	177
1660	176.2
1659	177.25
1658	177.45
1659	177.4
1658	177.5
1659	177.45
1658	177.55
1658	177.7
1657	177.75
1658	177.8
1657	177.8
1658	177.9
1657	178.05
1655	178.9
1657	178.15
1656	178.25
1657	178.2
1655	179.05
1656	178.45
1656	178.55
1655	179.25
1656	178.7
1654	179.25
1654	179.35
1655	179.55
1653	179.95
1655	179.65
1652	180.15
1654	179.65
1653	180.1
1654	179.7
1652	180.25
1653	180.3
1652	180.5
1653	180.4
1651	181.05
1652	180.55
1651	181.25
1652	180.7
1651	181.35
1652	180.75
1650	180.95
1651	181.4
1650	181.1
1650	181.2
1651	181.65
1650	181.25
1650	181.4
1648	182.5
1649	181.95
1649	182
1649	182
1649	182.15
1647	183
1649	182.2
1648	182.85
1649	182.3
1647	183.2
1646	183.2
1648	183.15
1646	183.25
1646	183.35
1647	183.55
1645	183.8
1646	183.45
1645	183.9
1645	184
1645	184.1
1644	184.45
1646	183.75
1645	184.1
1644	184.65
1643	184.8
1644	184.7
1644	184.8
1643	184.95
1643	185.05
1644	185
1642	185.25
1642	185.35
1641	185.55
1643	185.35
1642	185.5
1641	185.65
1641	185.8
1640	185.95
1641	185.8
1641	186
1640	186.25
1640	186.2
1640	186.2
1640	186.3
1640	186.45
1639	186.75
1639	186.8
1638	187.4
1639	186.9
1637	187.5
1638	187.5
1638	187.65
1636	187.8
1637	187.7
1637	187.8
1637	187.8
1636	188.05
1635	188.2
1636	188.05
1636	188.25
1635	188.45
1636	188.3
1636	188.4
1634	189.25
1634	189.25
1634	189.35
1634	189.3
1633	189.6
1634	189.55
1633	189.7
1633	189.75
1633	189.9
1633	189.95
1632	190.25
1631	190.4
1632	190.25
1632	190.35
1630	190.75
1631	190.6
1631	190.65
1629	191.3
1630	190.95
1629	191.35
1629	191.45
1629	191.6
1628	191.6
1629	191.65
1628	191.75
1628	191.75
1628	191.8
1627	192.4
1626	192.55
1627	192.35
1626	192.7
1626	192.65
1627	192.55
1626	192.75
1625	193
1625	193.1
1625	193.1
1626	193
1624	193.4
1624	193.45
1625	193.35
1624	193.55
1623	193.75
1624	193.7
1624	193.75
1622	194.05
1623	193.95
1623	194
1622	194.15
1622	194.3
1621	194.75
1621	194.75
1622	194.45
1622	194.5
1621	194.9
1621	195.05
1619	195.4
1620	195.15
1620	195.3
1620	195.4
1619	195.6
1619	195.6
1619	195.75
1619	195.8
1617	196.1
1618	196.1
1619	196
1617	196.35
1616	196.5
1618	196.35
1617	196.55
1615	196.8
1616	196.75
1615	196.8
1615	196.8
1616	196.85
1615	196.95
1614	197.15
1615	197.15
1615	197.2
1613	197.75
1613	197.8
1615	197.35
1613	197.95
1612	198.2
1613	198
1612	198.35
1611	198.5
1612	198.35
1612	198.5
1610	198.85
1610	198.8
1611	198.7
1610	199
1610	198.95
1609	199.05
1609	199.15
1610	199.25
1608	199.45
1608	199.4
1609	199.4
1608	199.6
1607	199.65
1607	199.7
1608	199.75
1607	199.9
1607	199.85
1606	200.2
1607	200.1
1605	200.35
1605	200.4
1606	200.4
1605	200.6
1605	200.6
1604	200.85
1604	200.95
1605	200.8
1603	201.4
1603	201.35
1604	201.15
1603	201.6
1601	201.7
1603	201.6
1603	201.7
1601	201.9
1601	201.85
1602	202.1
1601	202.15
1600	202.15
1600	202.2
1601	202.15
1600	202.3
1599	202.3
1599	202.4
1599	202.55
1599	202.65
1598	202.7
1598	202.65
1599	202.8
1597	203.1
1596	203.1
1598	202.9
1597	203.25
1596	203.3
1596	203.25
1596	203.45
1595	203.7
1595	203.6
1595	203.65
1595	203.8
1594	203.8
1593	204
1595	203.95
1593	204.15
1592	204.4
1593	204.1
1593	204.25
1592	204.45
1593	204.2
1592	204.7
1591	205
1591	204.9
1592	204.85
1592	204.95
1590	205.35
1590	205.4
1591	205.3
1589	205.625
1589	205.625
1588	205.7
1590	205.7
1589	205.825
1587	206.1
1588	205.95
1588	206.1
1587	206.25
1587	206.2
1588	206.2
1586	206.5
1585	206.55
1586	206.55
1586	206.65
1584	206.75
1585	206.65
1586	206.65
1584	206.9
1584	206.75
1584	206.85
1585	207
1583	207.15
1583	207.05
1583	207.2
1583	207.35
1582	207.3
1582	207.3
1582	207.45
1582	207.5
1581	207.4
1581	207.6
1581	207.7
1580	207.85
1580	207.7
1581	207.7
1580	208
1579	208.05
1578	208.2
1580	208.1
1579	208.35
1577	208.55
1578	208.4
1578	208.55
1577	208.75
1576	208.7
1578	208.55
1577	208.8
1576	208.95
1576	208.9
1576	209.1
1575	209.05
1574	209.6
1575	209.2
1575	209.3
1573	209.7
1574	209.7
1574	209.9
1573	209.9
1573	209.8
1573	209.9
1573	210.1
1571	210.05
1572	210.05
1572	210.3
1571	210.3
1571	210.15
1571	210.4
1572	210.45
1570	210.45
1570	210.4
1571	210.55
1570	210.55
1569	211
1569	211.2
1570	210.65
1568	211.1
1569	211.15
1569	211.05
1568	211.25
1568	211.4
1569	211.25
1568	211.25
1568	211.4
1569	211.35
1567	211.25
1568	211.5
1568	211.4
1567	211.3
1567	211.5
1568	211.5
1566	211.4
1566	211.5
1568	211.6
1566	211.45
1566	211.65
1567	211.6
1566	211.5
1566	211.65
1567	211.65
1565	211.55
1565	211.6
1566	211.65
1565	211.6
1565	211.8
1564	211.8
1565	211.8
1566	211.85
1565	211.65
1565	211.9
1564	211.95
1564	211.95
1564	212.05
1564	212.2
1563	212.35
1562	212.35
1564	212.2
1562	212.55
1562	212.5
1562	212.45
1563	212.55
1561	212.95
1560	212.95
1561	212.9
1561	213.15
1560	213.1
1559	213
1559	213.05
1560	213.3
1559	213.3
1558	213.25
1558	213.15
1559	213.4
1557	213.7
1557	213.65
1557	213.6
1558	213.55
1556	213.95
1556	214
1556	214.05
1556	214.25
1554	214.15
1555	214.05
1555	214.25
1555	214.35
1554	214.25
1553	214.15
1554	214.45
1552	214.35
1552	214.1
1552	214.1
1553	214.2
1552	214.3
1552	214.2
1552	214.35
1553	214.6
1551	215
1551	214.85
1550	215.05
1551	215.15
1549	215.2
1549	215.1
1549	215.2
1549	215.4
1548	215.15
1548	215.15
1549	215.4
1547	215.5
1546	215.65
1547	215.3
1547	215.4
1546	215.7
1546	215.5
1546	215.7
1547	215.45
1545	215.85
1546	215.75
1546	216.05
1546	216.15
1544	216
1544	215.95
1545	216.25
1544	216.2
1543	216.1
1544	216.2
1543	216.4
1542	216.45
1542	216.45
1543	216.5
1542	216.6
1541	216.85
1541	216.9
1541	217.1
1540	216.9
1540	216.85
1541	217
1540	217.15
1539	217
1539	217.1
1538	216.95
1539	217.2
1538	217.2
1538	217.15
1537	217.55
1538	217.3
1537	217.8
1536	217.65
1536	217.55
1537	217.85
1535	217.85
1535	217.8
1535	217.75
1536	217.9
1534	218
1534	217.95
1534	217.95
1535	218.15
1533	218.2
1533	218.1
1533	218.15
1533	218.35
1532	218.5
1532	218.5
1532	218.7
1531	218.9
1531	218.7
1531	218.75
1531	219
1530	218.9
1529	218.7
1530	218.8
1530	219.05
1529	218.9
1529	218.8
1529	218.95
1529	219.15
1527	219.25
1528	219.25
1528	219.4
1527	219.4
1527	219.35
1528	219.45
1526	219.9
1525	219.7
1525	219.6
1526	219.95
1525	219.9
1525	219.65
1525	219.75
1525	219.95
1524	219.9
1523	220.1
1524	219.85
1524	220
1523	220.4
1522	220.15
1523	220.25
1522	220.45
1521	220.25
1521	220.15
1522	220.4
1521	220.45
1520	220.4
1520	220.25
1520	220.45
1520	220.55
1519	220.95
1518	220.75
1518	220.75
1519	221.1
1518	220.95
1517	220.8
1518	220.95
1517	220.95
1516	220.9
1517	220.85
1517	221.15
1516	221.2
1515	221.45
1515	221.3
1516	221.15
1516	221.25
1514	221.35
1514	221.3
1515	221.6
1514	221.55
1512	221.8
1513	221.4
1513	221.6
1512	222.05
1512	221.85
1512	221.95
1512	222.15
1510	221.9
1511	221.85
1511	222
1510	221.95
1509	222.2
1510	221.8
1510	222.1
1509	222.35
1508	222.3
1509	222.35
1508	222.5
1507	222.2
1507	222.2
1508	222.55
1507	222.45
1506	222.2
1506	222.3
1507	222.5
1505	222.35
1506	222.3
1506	222.4
1505	222.6
1504	222.6
1505	222.5
1505	222.65
1503	223.05
1503	222.9
1503	223.05
1504	223
1502	223.1
1502	223
1503	223.2
1501	223.45
1501	223.3
1501	223.4
1501	223.55
1500	223.3
1500	223.2
1501	223.55
1499	223.4
1499	223.45
1499	223.25
1499	223.4
1499	223.55
1498	223.75
1499	223.6
1498	223.6
1497	223.65
1498	223.9
1497	223.55
1497	223.6
1498	223.8
1497	223.55
1497	223.75
1497	223.75
1496	223.6
1496	223.8
1497	223.8
1495	224.1
1497	223.9
1496	223.65
1495	224.05
1496	223.9
1496	223.65
1495	224.05
1496	223.85
1496	223.75
1495	224.05
1495	224.3
1495	224.2
1494	224.05
1495	224.3
1495	224.25
1494	224.25
1495	224.45
1493	224.15
1494	224.4
1494	224.2
1493	224.15
1493	224.35
1494	224.35
1493	224.15
1493	224.35
1493	224.3
1492	224.15
1493	224.4
1492	224.15
1491	224.4
1493	224.45
1492	224.2
1492	224.4
1493	224.35
1491	224.45
1491	224.65
1492	224.45
1491	224.45
1490	224.75
1491	224.75
1490	224.65
1491	224.7
1491	224.6
1490	224.65
1490	224.85
1491	224.7
1490	224.65
1490	224.85
1490	224.8
1489	224.7
1490	225.05
1490	224.85
1488	224.7
1489	224.95
1489	224.85
1488	224.65
1489	224.95
1488	224.6
1488	224.7
1489	224.9
1488	224.6
1487	225.05
1488	224.8
1487	225
1487	225.05
1488	224.95
1486	225.15
1486	225.05
1485	225.2
1486	225.25
1485	225.25
1484	225.2
1484	225.2
1485	225.35
1483	225.3
1483	225.2
1484	225.15
1484	225.45
1482	225.4
1483	225.3
1482	225.4
1483	225.65
1481	225.5
1481	225.4
1481	225.45
1481	225.65
1480	225.8
1480	225.7
1480	225.8
1480	226
1479	225.95
1478	226
1478	225.9
1479	226
1478	226.15
1477	226.15
1477	226
1477	226.15
1477	226.25
1476	226.3
1476	226.1
1476	226.3
1476	226.45
1475	226.4
1474	226.15
1475	226.4
1474	226.45
1473	226.45
1473	226.25
1474	226.2
1473	226.5
1472	226.45
1472	226.35
1473	226.45
1473	226.65
1472	226.65
1470	226.75
1471	226.55
1471	226.8
1470	226.95
1469	226.95
1470	226.8
1470	227.05
1469	227.2
1468	226.95
1469	227.1
1469	227.3
1468	227.2
1467	227.15
1467	227.2
1468	227.4
1466	227.4
1465	227.15
1466	227.15
1466	227.35
1466	227.45
1464	227.25
1464	227.15
1465	227.35
1465	227.45
1463	227.2
1463	227.15
1464	227.45
1464	227.5
1462	227.45
1461	227.35
1462	227.5
1462	227.55
1460	227.45
1461	227.35
1461	227.6
1461	227.7
1459	227.65
1459	227.65
1459	227.55
1459	227.65
1459	227.75
1458	227.65
1458	227.65
1458	227.75
1457	227.9
1456	227.75
1457	227.7
1457	227.85
1456	227.9
1455	227.95
1456	227.8
1456	227.9
1454	228.2
1454	227.95
1455	228.05
1454	228.25
1453	228.35
1453	228.15
1454	228.2
1453	228.45
1452	228.6
1451	228.45
1452	228.5
1452	228.6
1451	228.6
1450	228.4
1451	228.55
1451	228.7
1449	228.4
1449	228.25
1450	228.7
1450	228.75
1448	228.4
1448	228.35
1449	228.55
1448	228.65
1447	228.65
1446	228.6
1448	228.6
1447	228.85
1446	228.7
1446	228.6
1447	228.8
1446	228.95
1444	229.15
1444	229
1445	229.1
1444	229.2
1443	229
1443	228.9
1444	229.2
1442	229.25
1442	229
1443	229.05
1443	229.25
1441	229.15
1441	229
1442	229.25
1440	229.2
1440	229.1
1440	229
1440	229.15
1439	229.25
1440	229.25
1438	229.45
1438	229.4
1438	229.45
1438	229.7
1436	229.65
1436	229.5
1436	229.55
1436	229.65
1435	229.3
1436	229.45
1436	229.6
1435	229.6
1434	229.3
1434	229.35
1435	229.5
1434	229.5
1433	229.7
1433	229.8
1434	229.6
1432	229.7
1432	229.5
1433	229.9
1433	230
1431	229.85
1431	229.7
1432	229.75
1431	229.95
1430	229.7
1430	229.7
1430	229.9
1429	229.85
1429	229.6
1429	229.7
1428	230.05
1428	229.95
1427	229.8
1428	230.05
1427	230
1426	229.8
1427	229.85
1427	230.1
1425	230.05
1425	230
1425	230.05
1426	230.05
1424	230.05
1424	230
1424	229.95
1425	230.25
1423	230.3
1423	230.2
1423	230.4
1422	230.35
1421	230.4
1421	230.35
1422	230.3
1421	230.5
1421	230.3
1420	230.25
1421	230.6
1419	230.55
1418	230.4
1417	230.45
1419	230.45
1419	230.5
1418	230.35
1417	230.45
1418	230.55
1417	230.7
1416	230.4
1416	230.35
1417	230.75
1417	230.8
1415	230.85
1415	230.65
1414	230.45
1415	230.75
1413	230.6
1413	230.35
1413	230.35
1414	230.55
1413	230.65
1412	230.5
1412	230.45
1413	230.65
1412	230.75
1411	230.8
1411	230.85
1412	230.8
1410	230.75
1410	230.6
1410	230.7
1410	230.85
1409	230.8
1408	231
1409	230.7
1409	230.95
1407	230.9
1406	230.95
1407	230.75
1406	231.1
1405	230.8
1405	230.55
1406	230.75
1406	231
1404	230.85
1404	230.8
1404	230.85
1405	230.9
1404	231.1
1403	230.75
1404	230.95
1403	231
1402	231.05
1402	230.95
1403	230.95
1401	231.05
1401	230.95
1401	230.9
1402	231.25
1400	231.2
1400	231.1
1400	231.2
1400	231.35
1398	231.1
1398	231.15
1398	231.1
1399	231.15
1398	231.3
1398	231.2
1397	231.25
1397	231
1397	231.2
1396	231.3
1397	231.25
1396	231.35
1397	231.15
1395	231.2
1397	231.25
1395	231.15
1396	231.5
1394	231.3
1395	231.35
1394	231.4
1394	231.35
1394	231.5
1393	231.15
1393	231.1
1394	231.4
1393	231.4
1392	231.4
1392	231.35
1392	231.55
1391	231.55
1390	231.35
1391	231.3
1391	231.5
1390	231.6
1389	231.35
1389	231.25
1390	231.45
1388	231.5
1388	231.35
1388	231.25
1389	231.4
1387	231.4
1387	231.25
1387	231.25
1388	231.6
1386	231.45
1385	231.55
1385	231.6
1386	231.6
1384	231.75
1383	231.5
1384	231.55
1385	231.7
1383	231.55
1383	231.45
1383	231.5
1383	231.75
1381	231.65
1382	231.35
1382	231.45
1382	231.6
1381	231.6
1381	231.6
1381	231.75
1380	231.85
1379	231.5
1379	231.6
1379	231.55
1380	231.9
1378	231.75
1379	231.8
1378	232
1377	231.7
1377	231.7
1377	231.9
1376	231.75
1376	231.65
1376	231.75
1376	231.95
1375	231.6
1375	231.7
1376	232
1374	232.05
1374	231.85
1374	232.1
1373	231.85
1374	232.05
1373	232.05
1373	231.9
1373	231.9
1373	232.15
1371	231.8
1372	231.8
1372	231.85
1371	232
1370	231.8
1370	231.8
1370	231.85
1369	232.1
1369	231.85
1370	231.75
1370	231.9
1368	231.95
1368	231.8
1368	232
1368	232.05
1366	231.85
1367	231.9
1367	232.1
1366	232
1365	232.05
1365	232
1366	232
1365	232.2
1363	232
1364	231.85
1364	231.9
1364	232.15
1362	232.15
1362	232.05
1363	231.95
1362	232.25
1361	231.8
1361	231.7
1362	232.05
1361	231.95
1360	232.25
1360	232.05
1360	232.1
1360	232.35
1359	232.15
1358	232.15
1359	232
1357	232.05
1358	232.05
1358	232.15
1357	232
1358	232.15
1358	232.3
1356	232.05
1356	232
1356	232.25
1355	232.1
1354	231.95
1355	231.8
1356	232.15
1354	232.15
1353	232.15
1354	232.05
1354	232.2
1352	232.1
1352	231.95
1353	232.3
1352	232.2
1351	232.25
1351	232.1
1352	232.1
1351	232.4
1349	232.15
1349	232.15
1349	232.05
1349	232.15
1349	232.35
1348	232.1
1347	232.05
1348	232.1
1347	232.15
1346	232.05
1347	232
1347	232.25
1345	232.15
1345	232.05
1345	232
1346	232.3
1344	232.15
1343	232.15
1344	232.05
1344	232.2
1343	232.1
1343	232.1
1343	232.25
1342	232.05
1342	231.9
1342	231.95
1342	232.2
1341	232.25
1340	231.95
1341	232.2
1340	232.1
1339	231.9
1339	231.9
1340	232.05
1339	232.2
1338	232.2
1338	232.15
1339	232.2
1337	232.35
1336	232.2
1337	232.25
1337	232.45
1336	232.4
1335	232
1335	231.95
1335	232.05
1335	232.15
1334	232.05
1335	231.95
1335	232.15
1333	232.2
1333	232.1
1333	232.25
1333	232.3
1332	231.95
1332	231.85
1333	232.3
1331	232.2
1330	232.1
1330	232.1
1331	232.1
1330	232.25
1329	231.9
1330	232.15
1330	232.3
1328	232.15
1328	232.05
1329	232.1
1327	232.3
1326	232.05
1327	232.15
1327	232.25
1326	232.3
1325	232
1325	231.95
1325	232.05
1324	232.2
1324	232.15
1323	232
1323	231.95
1324	232.2
1323	232.2
1322	232
1322	232
1323	232.05
1322	232.25
1321	231.9
1320	231.9
1321	232.05
1320	232.1
1319	231.9
1319	231.8
1320	232.1
1320	232.2
1318	232.05
1317	231.85
1318	232.05
1318	232
1317	231.8
1318	231.95
1316	232.35
1315	231.95
1316	232.15
1316	232.35
1315	232
1314	232
1315	231.9
1315	232.1
1313	231.9
1313	231.85
1314	231.95
1313	232
1312	232.15
1312	232.05
1313	232
1311	232.15
1310	231.9
1311	231.95
1311	232.1
1310	232.05
1309	231.8
1310	231.85
1310	231.95
1309	232.1
1308	231.85
1308	231.85
1308	232.1
1307	232.15
1307	231.9
1307	231.85
1307	232.1
1306	232.15
1305	231.8
1305	231.7
1306	232.1
1304	232.05
1304	232
1304	232.05
1304	232.25
1302	231.9
1302	231.7
1303	231.8
1303	231.85
1301	231.85
1301	231.8
1301	231.85
1301	232
1300	231.95
1300	231.8
1300	231.9
1300	232.1
1298	231.85
1298	231.8
1298	231.7
1298	231.75
1298	232.05
1297	231.75
1297	231.8
1297	232.05
1296	231.65
1296	231.75
1296	231.9
1294	231.75
1295	231.55
1295	231.65
1295	231.85
1293	231.65
1293	231.5
1293	231.65
1293	231.75
1292	231.65
1292	231.45
1293	231.65
1292	231.75
1290	231.65
1290	231.5
1291	231.65
1290	231.8
1289	231.5
1290	231.6
1289	231.75
1288	231.7
1288	231.45
1289	231.7
1287	231.25
1287	231.15
1288	231.65
1287	231.5
1286	231.35
1287	231.3
1286	231.65
1285	231.55
1285	231.35
1286	231.6
1285	231.65
1283	231.45
1284	231.55
1284	231.6
1283	231.45
1283	231.25
1284	231.7
1283	231.6
1281	231.55
1282	231.55
1281	231.55
1281	231.45
1280	231.4
1280	231.15
1281	231.65
1280	231.25
1280	231.3
1280	231.55
1278	231.3
1278	231.25
1279	231.55
1278	231.45
1277	231.6
1277	231.55
1278	231.5
1277	231.8
1276	231.4
1277	231.55
1277	231.75
1275	231.25
1275	231.15
1275	231.4
1275	231.45
1273	231.45
1273	231.35
1273	231.3
1274	231.4
1272	231.6
1271	231.35
1272	231.35
1272	231.5
1271	231.45
1270	231.4
1270	231.35
1270	231.45
1270	231.65
1269	231.35
1269	231.35
1269	231.55
1268	231.5
1268	231.4
1268	231.45
1267	231.6
1266	231.35
1266	231.2
1267	231.4
1266	231.4
1265	230.9
1265	230.95
1265	231.15
1264	231.4
1264	231.1
1264	231.1
1264	231.4
1262	231.2
1262	231.05
1263	231.25
1262	231.3
1261	231.15
1261	231.05
1262	231.3
1261	231.3
1260	231.15
1260	231.25
1260	231.4
1258	230.95
1259	231.1
1258	230.9
1259	231.1
1258	230.95
1259	231
1257	231
1258	231.05
1256	230.95
1256	230.75
1257	231.15
1255	230.95
1255	230.75
1256	230.75
1256	231
1254	231.2
1254	230.95
1254	231.1
1254	231.25
1253	230.95
1253	230.8
1253	230.85
1252	231.3
1251	230.8
1251	230.55
1252	231
1251	230.8
1250	230.8
1251	230.75
1250	231.05
1249	230.8
1249	230.65
1249	230.65
1249	230.75
1248	230.9
1247	230.75
1247	230.8
1248	230.95
1246	230.65
1246	230.6
1247	231
1245	230.6
1244	230.45
1245	230.55
1245	230.75
1244	230.65
1243	230.55
1244	230.4
1244	230.55
1242	230.8
1242	230.65
1243	230.85
1241	230.6
1240	230.5
1241	230.35
1241	230.55
1239	230.65
1239	230.45
1240	230.5
1240	230.75
1238	230.4
1238	230.2
1239	230.5
1238	230.6
1236	230.55
1236	230.4
1237	230.55
1237	230.65
1236	230.3
1236	230.5
1235	230.65
1234	230.2
1235	230.45
1235	230.75
1233	230.5
1233	230.3
1234	230.35
1233	230.6
1232	230.25
1233	230.35
1231	230.45
1231	230.25
1231	230.5
1231	230.2
1231	230.45
1230	229.9
1231	230.5
1229	230.05
1231	230.5
1228	230.15
1230	230.05
1228	230.15
1230	230.05
1228	230.15
1229	230.05
1227	230.1
1228	230.2
1227	230.25
1227	230
1227	230.35
1226	229.9
1227	230.05
1226	230.15
1225	229.85
1225	229.9
1226	230.2
1224	230.1
1224	230
1225	230.1
1223	230.15
1223	229.95
1223	230
1223	230.3
1221	229.85
1221	229.7
1222	229.8
1220	229.75
1221	229.75
1220	230
1219	229.65
1220	229.75
1220	229.9
1218	229.85
1218	229.55
1218	229.65
1219	229.85
1217	229.8
1217	229.65
1217	229.75
1217	229.95
1216	229.4
1216	229.35
1217	230.05
1215	229.85
1214	229.55
1215	229.55
1215	229.65
1213	229.45
1213	229.25
1214	229.6
1213	229.6
1211	229.5
1212	229.35
1212	229.55
1211	229.75
1210	229.25
1211	229.55
1211	229.8
1209	229.5
1209	229.25
1210	229.5
1209	229.55
1208	229.2
1209	229.55
1208	229.55
1206	229.2
1207	229.6
1206	229.05
1207	229.4
1205	229.35
1207	229.45
1205	229.35
1206	229.15
1205	229.5
1205	229.2
1204	229.3
1204	228.95
1204	229.35
1204	228.95
1204	229.3
1203	229.05
1204	229.25
1202	229.1
1203	229.35
1201	229.35
1203	229.15
1201	229.35
1202	229.15
1201	229.6
1201	229.25
1201	229.6
1200	229
1200	229.4
1199	229.1
1200	229.2
1199	229.1
1200	229.1
1198	229.05
1199	229.1
1198	229.05
1197	228.8
1197	228.75
1198	229.25
1196	229.15
1197	228.8
1195	228.95
1197	228.7
1195	228.95
1196	228.75
1195	228.95
1195	228.85
1194	228.95
1194	228.7
1194	228.9
1194	228.65
1193	229
1193	228.65
1193	229.05
1193	228.75
1193	229.05
1192	228.75
1192	229.05
1192	228.7
1192	229.05
1191	228.4
1192	229.05
1190	228.5
1191	228.8
1190	228.5
1191	228.8
1189	228.45
1190	228.8
1189	228.45
1190	228.85
1188	228.4
1189	228.7
1188	228.4
1189	228.75
1187	228.4
1188	228.65
1186	228.35
1188	228.55
1186	228.35
1187	228.45
1185	228.5
1186	228.45
1184	228.5
1185	228.4
1184	228.6
1185	228.3
1184	228.45
1184	228.3
1184	228.55
1184	228.3
1183	228.55
1183	228.3
1184	228.6
1182	228.35
1182	228.25
1183	228.4
1181	228.2
1181	227.95
1181	228.05
1181	228.35
1179	228.05
1179	227.95
1180	228.1
1178	227.95
1179	228.15
1178	228.1
1177	227.85
1178	228.15
1177	228.15
1176	228
1177	227.95
1177	228.1
1175	228.05
1175	227.75
1175	227.85
1175	228.15
1174	227.8
1175	227.9
1173	227.95
1174	227.9
1173	227.95
1173	227.8
1172	227.95
1172	227.7
1172	228.05
1172	227.65
1173	228.15
1171	227.75
1172	228.1
1170	227.7
1171	227.8
1170	227.95
1169	227.6
1170	227.5
1170	227.9
1168	227.6
1168	227.5
1169	228
1168	227.45
1168	227.9
1167	227.45
1168	227.9
1166	227.4
1167	227.75
1165	227.5
1167	227.6
1165	227.45
1166	227.45
1166	227.7
1164	227.25
1164	227.1
1164	227.25
1163	227.55
1162	227.45
1163	227.1
1163	227.45
1161	227.25
1162	227.45
1162	227.75
1160	227.65
1160	227.45
1161	227.55
1160	227.45
1161	227.5
1159	227.45
1160	227.55
1158	227.4
1159	227.45
1158	227.55
1158	227.3
1157	227.25
1158	227.3
1158	227.65
1157	226.9
1157	227.35
1156	227.15
1157	227.3
1155	227.15
1156	227.4
1154	227.15
1156	227.3
1155	227.45
1154	227
1154	227
1155	227.3
1153	227.25
1152	226.85
1153	226.9
1153	227.2
1151	227.1
1151	226.7
1152	226.9
1151	227
1149	226.7
1150	226.6
1150	226.75
1149	227.05
1148	226.85
1148	226.75
1149	226.95
1147	226.85
1147	226.75
1148	227
1146	226.75
1145	226.65
1146	226.65
1144	226.65
1145	226.65
1145	226.85
1143	226.5
1144	226.45
1145	226.65
1143	226.65
1143	226.35
1144	226.85
1142	226.35
1142	226.5
1143	226.7
1142	226.3
1141	226.25
1141	226.5
1142	226.6
1141	226.2
1140	226.35
1140	226.6
1141	226.55
1141	226.3
1140	226.35
1140	226.45
1141	226.5
1141	226.4
1140	226.3
1140	226.5
1141	226.5
1141	226.25
1140	226.3
1139	226
1139	226.3
1141	226.45
1139	226.1
1139	226.05
1138	226.5
1140	226.75
1139	226.2
1138	226.25
1138	226.55
1140	226.75
1139	226.1
1138	226.2
1137	226.2
1138	226.6
1139	226.2
1138	226.15
1137	226.25
1138	226.55
1138	226.25
1137	226
1136	226.05
1137	226.4
1138	226.45
1137	226.1
1136	225.95
1136	226.25
1137	226.4
1136	226
1135	225.95
1135	226.2
1137	226.4
1136	226.05
1135	225.9
1135	226.25
1136	226.25
1135	225.95
1134	226.1
1134	226.3
1135	226.35
1135	226.05
1134	226.15
1134	226.2
1134	226.45
1135	226.2
1134	226.15
1133	226
1133	226.2
1134	226.4
1134	226.15
1132	225.9
1133	226.25
1134	226.1
1133	225.85
1132	225.9
1133	226.2
1134	226.3
1133	225.9
1131	226.15
1132	226.2
1133	226.15
1132	225.85
1131	226
1131	226.3
1132	226.2
1132	225.9
1131	225.95
1130	226
1131	226.35
1132	225.95
1130	225.9
1130	225.95
1130	226.2
1131	226.25
1130	225.9
1130	225.9
1129	226.05
1131	226.35
1131	226.1
1129	225.85
1128	225.9
1130	226.3
1130	226.05
1129	225.8
1128	225.7
1129	226.15
1130	226.15
1129	225.8
1128	225.65
1128	225.9
1129	226.15
1129	225.9
1128	225.6
1127	225.7
1128	226.05
1129	226
1128	225.6
1127	225.6
1127	225.85
1128	225.95
1127	225.55
1126	225.4
1126	225.6
1127	225.85
1127	225.55
1126	225.3
1125	225.4
1126	225.65
1127	225.7
1126	225.35
1125	225.25
1125	225.5
1126	225.65
1126	225.4
1125	225.25
1124	225.6
1125	225.65
1126	225.55
1125	225.3
1124	225.5
1124	225.75
1126	225.65
1125	225.4
1124	225.5
1123	225.7
1125	225.65
1124	225.6
1123	225.35
1123	225.6
1124	225.8
1124	225.55
1123	225.35
1122	225.6
1124	225.85
1123	225.4
1122	225.3
1122	225.5
1123	225.7
1123	225.55
1122	225.25
1121	225.15
1121	225.45
1123	225.6
1122	225.3
1121	225.05
1121	225.35
1122	225.65
1122	225.35
1120	225.4
1120	225.55
1122	225.65
1120	225.3
1120	225.35
1120	225.65
1121	225.4
1121	225.1
1120	225.3
1119	225.35
1120	225.7
1120	225.5
1119	225.15
1118	225.1
1119	225.55
1120	225.55
1118	224.95
1118	225.05
1119	225.5
1119	225.3
1118	224.9
1118	225.2
1119	225.4
1119	225.15
1118	224.9
1117	225.15
1118	225.3
1119	225.25
1118	224.9
1116	224.95
1117	225.4
1118	225.2
1117	225.05
1116	224.9
1116	225.2
1117	225.35
1116	224.85
1116	224.85
1116	225.1
1117	225.35
1117	225.1
1115	224.75
1115	224.95
1116	225.25
1116	225.05
1114	224.95
1115	225.05
1116	225.2
1115	224.8
1114	224.85
1114	225.1
1115	225.15
1115	224.95
1114	224.85
1113	225.05
1114	225.25
1115	225
1114	224.85
1113	224.9
1113	225.2
1114	225.2
1113	224.95
1112	224.7
1113	225.25
1114	225.1
1113	224.9
1112	224.65
1112	224.95
1113	225.25
1113	224.95
1111	224.5
1111	224.75
1112	224.85
1111	224.45
1110	224.35
1110	224.65
1112	224.9
1111	224.5
1110	224.25
1110	224.45
1112	224.9
1111	224.5
1110	224.25
1110	224.5
1111	224.8
1111	224.6
1110	224.3
1109	224.65
1109	224.95
1110	224.55
1109	224.55
1108	224.45
1109	224.85
1110	224.65
1109	224.6
1108	224.45
1108	224.8
1109	224.85
1108	224.5
1107	224.7
1107	225
1109	224.9
1108	224.5
1107	224.6
1107	224.9
1108	224.85
1108	224.55
1107	224.65
1106	224.55
1107	225.05
1108	224.6
1106	224.45
1106	224.5
1106	224.75
1108	224.7
1107	224.65
1106	224.45
1105	224.8
1107	224.95
1106	224.45
1105	224.6
1105	224.9
1106	224.85
1106	224.55
1105	224.55
1104	224.575
1105	224.95
1105	224.7
1104	224.325
1103	224.6
1104	224.725
1105	224.7
1104	224.275
1103	224.65
1104	224.625
1104	224.325
1103	224.4
1102	224.3
1103	224.8
1104	224.525
1103	224.4
1102	224.3
1102	224.55
1103	224.75
1102	224.2
1102	224.2
1102	224.45
1103	224.8
1103	224.5
1102	224.2
1101	224.65
1102	224.55
1101	224.3
1100	224.3
1100	224.55
1102	224.6
1101	224.35
1100	224.25
1100	224.45
1101	224.65
1101	224.45
1100	224.25
1099	224.15
1100	224.7
1101	224.5
1100	224.3
1099	224.1
1098	224.4
1100	224.5
1099	224.05
1098	224.1
1098	224.4
1100	224.55
1099	224.05
1098	224
1098	224.3
1099	224.4
1099	224.1
1098	224
1097	224.3
1098	224.45
1098	224.2
1097	224.2
1096	224.2
1096	224.5
1097	224.45
1096	224.1
1095	224.05
1096	224.4
1096	223.95
1095	224.05
1097	224.4
1097	224.25
1096	223.95
1095	223.95
1095	224.3
1096	224.3
1095	223.95
1094	224
1094	224.3
1096	224.35
1095	224.05
1094	223.95
1093	224.05
1095	224.3
1095	224.1
1094	223.95
1093	223.95
1093	224.25
1095	224.2
1094	223.95
1093	223.85
1093	224.15
1094	224.35
1094	224.05
1093	223.85
1092	223.9
1093	224.3
1093	224.15
1092	223.75
1091	223.6
1092	224.05
1093	224.05
1092	223.7
1091	223.85
1092	224.1
1091	223.95
1092	223.8
1090	223.75
1090	224.1
1091	223.9
1090	223.7
1089	223.45
1089	223.7
1091	223.9
1089	223.3
1088	223.8
1090	223.95
1088	223.65
1090	223.95
1089	223.3
1088	223.95
1089	223.7
1088	223.7
1087	223.5
1088	224.05
1087	223.4
1086	223.7
1087	223.5
1086	223.55
1087	223.65
1086	223.4
1087	223.75
1086	223.35
1085	223.55
1086	223.5
1084	223.45
1086	223.7
1084	223.3
1084	223.4
1085	223.5
1084	223.35
1083	223.5
1084	223.7
1085	223.35
1084	223.25
1083	223.5
1084	223.7
1083	223.35
1082	223.2
1083	223.75
1083	223.5
1081	223.3
1081	223.55
1082	223.2
1081	223.2
1081	223.45
1083	223.6
1082	223
1080	223.1
1082	223.45
1082	223.15
1080	223.05
1081	223.6
1081	223.35
1080	222.9
1079	223.2
1080	223.35
1081	223.45
1079	223.05
1079	223.3
1080	223.35
1080	223.05
1078	223.15
1079	223.5
1079	223.2
1077	223.15
1079	223.4
1077	223.05
1077	223.2
1079	223.2
1077	222.95
1076	222.95
1078	223.45
1077	223.1
1076	222.9
1076	223.15
1077	223.45
1076	222.9
1076	222.95
1077	223.4
1077	223.1
1075	222.7
1076	223.25
1076	223
1074	222.8
1074	223.05
1076	223.25
1074	222.8
1073	223.05
1075	223.05
1075	222.75
1073	223
1073	223.3
1074	222.9
1073	222.85
1072	222.75
1074	223.05
1073	222.85
1072	222.75
1073	223.3
1073	223.05
1072	222.75
1072	223
1073	223.15
1072	222.7
1071	222.8
1072	223.1
1072	222.75
1070	222.5
1071	222.8
1072	222.9
1070	222.4
1070	222.6
1072	222.9
1070	222.5
1069	222.95
1071	222.9
1070	222.55
1069	222.6
1069	222.95
1070	222.7
1069	222.6
1068	222.85
1070	222.75
1069	222.65
1068	222.55
1067	222.65
1069	222.95
1067	222.4
1067	222.75
1068	222.85
1067	222.35
1066	222.45
1067	222.75
1067	222.35
1066	222.25
1067	222.7
1067	222.3
1066	222.25
1066	222.75
1066	222.4
1065	222.4
1065	222.85
1066	222.65
1065	222.5
1064	222.15
1065	222.9
1066	222.55
1064	222.25
1064	222.5
1065	222.65
1064	222.2
1063	222.4
1064	222.6
1064	222.4
1063	222.25
1063	222.6
1064	222.35
1063	222.25
1062	222.25
1063	222.7
1063	222.4
1061	222.3
1063	222.7
1063	222.4
1061	222.25
1061	222.5
1063	222.6
1062	222
1060	222.25
1061	222.65
1061	222.35
1060	222.05
1059	222.1
1060	222.45
1060	222.05
1059	221.85
1059	222.15
1061	222.45
1059	221.8
1058	221.9
1060	222.35
1060	221.95
1059	221.75
1059	222.2
1060	222.2
1058	221.8
1057	222.05
1059	222.25
1058	221.8
1057	221.8
1057	222.15
1058	222.1
1057	221.75
1056	222.1
1058	222.2
1057	221.75
1056	222.05
1056	222.3
1056	221.9
1055	221.6
1055	221.9
1057	221.9
1055	221.55
1054	221.8
1056	222.2
1056	221.9
1054	221.65
1055	221.95
1056	222.05
1054	221.65
1053	221.95
1055	221.85
1054	221.75
1053	222.1
1054	221.95
1052	221.55
1052	221.7
1053	222.15
1052	221.5
1052	221.5
1053	222.1
1052	221.55
1051	221.5
1051	221.75
1053	222
1052	221.5
1050	221.75
1052	221.9
1051	221.5
1050	221.5
1051	221.9
1052	221.7
1050	221.5
1049	221.5
1051	221.7
1050	221.5
1049	221.5
1050	221.95
1049	221.25
1048	221.65
1049	221.65
1049	221.2
1047	221.55
1049	221.6
1048	221.5
1047	221.4
1048	221.85
1049	221.55
1047	221.35
1046	221.55
1048	221.7
1047	221.4
1046	221.6
1047	221.8
1048	221.65
1046	221.4
1045	221.55
1047	221.75
1045	221.2
1044	221.3
1046	221.75
1046	221.5
1044	221.2
1044	221.55
1045	221.5
1044	221.2
1044	221.25
1045	221.5
1045	221.25
1044	221.15
1043	221.45
1045	221.45
1043	221.1
1042	220.9
1044	221.6
1044	221.3
1042	220.85
1042	221.15
1043	221.4
1042	220.75
1042	221.1
1043	221.45
1042	220.8
1041	220.95
1041	221.3
1042	220.8
1040	220.9
1040	221.3
1042	221.05
1040	220.9
1040	221.25
1041	221.05
1040	220.9
1039	221
1040	221.35
1039	220.7
1039	220.75
1040	221.3
1040	221.05
1038	220.9
1038	221.25
1039	221.1
1038	220.85
1037	220.8
1038	221.3
1038	220.95
1037	220.65
1037	221
1038	221.15
1037	220.6
1036	220.8
1037	221.05
1038	221
1036	220.7
1035	220.8
1037	220.9
1036	220.8
1035	220.8
1036	221.2
1036	220.8
1035	220.65
1035	221.05
1036	220.85
1035	220.55
1034	220.9
1036	221.1
1034	220.6
1033	220.6
1034	220.9
1033	220.35
1033	220.35
1033	220.7
1034	220.65
1033	220.3
1034	220.95
1033	220.3
1031	220.4
1033	220.7
1033	220.4
1032	220.5
1032	220.9
1032	220.65
1030	220.65
1031	220.7
1031	220.4
1030	220.45
1029	220.9
1031	220.6
1030	220.4
1029	220.5
1031	220.55
1031	220.3
1028	220.2
1028	220.5
1030	220.6
1029	220.45
1028	220.4
1030	220.6
1028	220.1
1027	220.45
1029	220.7
1028	220.1
1026	220.35
1028	220.5
1027	220.25
1026	220.15
1027	220.65
1027	220.3
1026	220.1
1026	220.5
1027	220.2
1026	220.05
1026	220.45
1027	220.5
1025	220
1024	220
1026	220.5
1025	220.15
1024	219.9
1024	220.25
1026	220.4
1024	219.85
1024	220.3
1025	220.2
1023	219.85
1024	220.3
1023	219.8
1022	219.85
1023	220.2
1023	219.8
1022	219.7
1024	220.15
1023	219.85
1021	219.55
1022	220.1
1022	219.85
1020	219.8
1020	220.1
1022	219.8
1020	219.75
1020	220.1
1021	219.6
1020	219.7
1019	219.917
1021	219.75
1019	219.567
1019	219.917
1020	219.95
1018	219.5
1017	219.95
1020	219.95
1018	219.45
1018	219.9
1019	219.717
1018	219.45
1017	220
1018	219.65
1017	219.6
1016	219.75
1018	219.9
1016	219.4
1015	219.65
1017	220
1017	219.65
1015	219.4
1015	219.7
1016	219.4
1014	219.6
1015	219.65
1016	219.45
1014	219.55
1014	219.85
1016	219.5
1013	219.25
1014	220
1014	219.65
1013	219.25
1013	219.6
1014	219.65
1012	219.4
1013	219.55
1014	219.75
1012	219.3
1011	219.7
1013	219.6
1012	219.35
1011	219.4
1012	219.7
1012	219.4
1011	219.4
1012	219.7
1012	219.5
1010	219.15
1011	219.75
1011	219.65
1010	219.1
1010	219.55
1011	219.55
1009	219.15
1009	219.55
1009	219.2
1007	219.25
1008	219.65
1009	219.15
1008	219.1
1007	219.25
1009	219.35
1008	219.05
1007	219.3
1009	219.2
1007	218.95
1006	219.1
1008	219.5
1006	218.85
1006	219.25
1007	219.35
1005	219.05
1005	219.2
1007	219.25
1005	219
1004	219.3
1006	219.05
1005	219
1004	219.15
1005	219.25
1004	218.85
1003	218.85
1005	219.3
1003	218.6
1003	219
1004	219.1
1003	218.6
1002	219.15
1004	219.1
1002	218.8
1001	219.1
1003	218.9
1002	218.85
1000	218.85
1002	219.1
1001	218.85
1000	218.7
1002	219.15
1001	218.75
1000	218.65
1001	219.1
999	218.55
999	218.75
1001	219.1
999	218.5
998	218.75
1000	218.8
998	218.5
997	218.75
999	219
998	218.6
997	218.6
999	218.9
998	218.5
997	218.8
998	218.8
996	218.5
996	218.9
997	218.7
996	218.5
996	218.9
997	218.7
995	218.1
995	218.55
997	218.75
995	218.15
995	218.55
996	218.75
993	218.45
995	218.55
995	218.3
993	218.35
994	218.55
993	218.3
992	218.55
994	218.4
993	218.3
992	218.5
993	218.6
991	218
991	218.15
993	218.65
991	217.95
991	218.35
993	218.6
991	217.95
990	218.25
992	218.55
990	217.9
990	218.3
990	218
989	218.05
989	218.4
990	218
988	218.05
989	218.35
988	218
987	218.2
989	218.25
988	217.9
987	218.4
989	218.2
987	218.05
987	218.55
987	218.2
985	218.05
987	218.45
986	217.7
985	217.9
986	218.05
986	217.65
984	217.95
985	218.3
986	217.7
984	217.95
985	218.35
984	217.95
983	217.9
984	218.25
984	217.9
983	217.8
983	218.2
984	218.05
982	217.5
983	218.2
983	217.85
981	217.55
982	217.8
983	218.05
981	217.55
981	218
982	217.75
981	217.5
980	217.95
982	217.75
980	217.5
980	217.9
981	217.7
980	217.55
979	217.7
981	217.95
979	217.5
978	217.35
980	217.9
979	217.6
978	217.25
979	217.85
979	217.45
977	217.4
979	217.85
977	217.25
976	217.55
978	217.65
977	217.25
976	217.5
978	217.5
976	217.2
976	217.6
977	217.55
975	217.25
974	217.35
976	217.6
976	217.35
974	217.35
976	217.55
975	217.25
973	217.1
975	217.65
974	217.25
973	217.25
975	217.6
973	216.95
972	217.15
974	217.55
972	216.9
971	217.25
973	217.25
971	217
970	217.15
972	217.25
971	216.9
970	217.2
972	217.2
971	216.9
970	217
972	217.25
971	217.1
969	217.05
971	217.4
969	216.9
968	216.95
970	217.3
969	216.9
968	217
970	217.25
968	216.9
967	217.25
969	217.3
967	216.9
966	217.15
968	217.2
967	216.8
966	217.15
968	217.1
966	216.8
966	217.3
967	217.15
965	216.4
965	216.8
966	217
964	216.4
965	216.85
964	216.4
963	216.55
965	216.7
964	216.2
963	216.65
965	216.5
963	216.35
964	216.75
963	216.45
961	216.55
962	216.9
963	216.45
961	216.45
963	216.75
962	216.5
960	216.5
962	216.85
961	216.4
960	216.25
961	216.75
960	216.25
958	216.4
961	216.7
959	216.1
959	216.4
961	216.55
959	216.15
958	216.5
960	216.45
958	216.15
958	216.6
959	216.55
957	216.05
957	216.45
958	216.4
957	216
955	216.5
957	216.3
956	216.2
956	216.6
957	216.25
955	216.15
954	216.15
956	216.4
954	215.75
955	216.5
955	216.25
953	215.7
955	216.5
954	215.75
953	215.8
955	216.5
953	215.7
952	216.2
954	216.05
952	215.8
952	216.2
953	215.9
951	215.9
952	216.2
952	215.8
950	215.95
952	216.2
951	215.9
949	215.975
951	216.15
949	215.675
949	216.075
950	215.9
949	215.625
950	216.1
950	215.75
948	216
950	216.1
948	215.85
947	216.15
949	215.925
947	215.8
946	215.6
948	216.25
948	215.9
946	215.5
946	215.85
947	215.95
945	215.4
947	216.25
946	215.5
945	215.35
945	215.8
946	215.5
944	215.4
945	215.7
944	215.3
943	215.4
945	215.6
943	215.15
943	215.55
945	215.6
943	215.15
942	215.45
944	215.5
942	215.05
941	215.55
943	215.3
941	215.15
942	215.45
942	215.1
941	215.1
941	215.55
942	215.2
940	215.15
940	215.55
941	215.35
939	214.95
940	215.45
940	215.05
938	214.95
940	215.45
939	214.95
937	215.1
939	215.25
938	214.8
937	215.1
939	215.15
937	214.75
936	215.05
938	215.15
936	214.7
936	215.15
937	215
935	214.65
936	215.2
936	214.9
934	214.65
935	215.05
935	214.6
933	214.65
935	214.9
934	214.45
933	214.8
935	214.8
933	214.5
933	214.9
935	214.75
932	214.75
933	214.95
933	214.7
931	214.8
932	215.15
931	214.65
930	214.8
932	215.05
931	214.5
930	214.8
931	214.75
929	214.4
930	214.9
931	214.7
929	214.45
930	214.9
930	214.7
928	214.35
929	214.85
929	214.6
927	214.45
929	214.85
928	214.35
926	214.7
928	214.65
927	214.15
926	214.8
928	214.55
926	214.45
925	214.75
927	214.4
925	214.35
926	214.95
926	214.65
924	214.3
926	214.95
925	214.4
923	214.2
925	214.75
924	214.15
923	214.3
925	214.6
923	213.95
922	214.35
924	214.45
922	213.95
922	214.4
923	214.15
921	214.05
922	214.45
922	214.1
920	214.1
921	214.5
921	214.05
919	214.1
921	214.4
920	214.05
918	213.9
920	214.35
920	213.9
919	213.95
920	214.35
920	214.05
917	214.05
919	214.4
918	213.85
917	214.1
919	214.3
917	213.9
916	214.05
918	214.15
916	213.75
915	214.1
917	214.2
915	213.7
915	214.1
917	214.1
915	213.65
915	214.1
916	213.95
914	213.6
915	214.1
915	213.75
913	213.55
914	214
913	213.5
912	213.6
914	213.95
912	213.3
911	213.6
914	213.75
912	213.25
911	213.7
913	213.6
911	213.35
911	213.8
912	213.45
910	213.25
911	213.75
911	213.4
909	213.3
910	213.65
910	213.2
908	213.45
910	213.55
909	213.15
908	213.6
910	213.5
908	213.25
907	213.5
909	213.45
907	213.2
906	213.55
909	213.35
906	213.15
906	213.6
907	213.4
905	213.1
906	213.6
906	213.2
904	213.35
906	213.5
905	213
903	213.05
905	213.35
904	213.25
903	213.15
905	213.35
904	213.25
902	213.4
904	213.55
902	213.1
901	213.35
904	213.5
902	213
902	213.4
903	213.15
901	213
900	213.25
902	213.25
900	212.8
900	213.15
901	213.05
899	212.9
899	213.25
899	212.7
898	212.7
901	213.1
899	212.6
898	212.6
900	213.05
899	212.8
897	212.9
899	213.15
898	212.65
897	212.65
897	213.1
898	212.75
896	212.55
897	213.1
897	212.7
895	212.6
897	213.1
896	212.55
894	212.95
896	212.95
895	212.5
893	212.8
896	212.9
894	212.75
893	212.85
895	212.8
893	212.5
892	212.7
895	212.8
892	212.35
892	212.7
894	212.9
892	212.35
892	212.75
893	212.7
891	212.3
891	212.75
892	212.55
889	212.15
890	212.85
891	212.35
889	212
890	212.7
892	212.45
889	212.1
889	212.55
890	212.6
888	212.25
888	212.6
889	212.15
887	212.3
889	212.45
888	212.15
886	212.15
888	212.55
887	212.2
885	212.2
887	212.6
886	212
885	212.2
887	212.55
885	211.95
884	212.35
886	212.3
884	212.05
884	212.45
885	212.2
882	212
880	212.15
883	212.1
882	211.5
884	211.85
886	211.65
884	211.7
883	212.4
883	212.2
881	211.9
882	212.3
883	212.1
880	211.75
882	212.15
882	211.85
880	211.7
881	212.15
881	211.8
879	211.8
881	212.05
880	211.65
878	211.8
880	212
879	211.7
877	211.9
879	212.05
878	211.6
876	211.75
879	212
878	211.6
876	211.8
878	212
876	211.5
875	211.65
877	211.9
875	211.2
874	211.6
877	211.8
875	211.15
874	211.6
876	211.75
874	211.25
873	211.45
876	211.7
874	211.2
873	211.5
875	211.5
873	211.15
872	211.55
874	211.5
872	211.1
871	211.65
873	211.3
871	211.25
871	211.7
873	211.35
871	211.25
870	211.4
872	211.35
870	210.95
870	211.35
872	211.35
869	211.25
869	211.65
870	211.2
867	210.95
869	211.55
869	211.1
867	210.9
869	211.45
868	211.15
866	211.1
868	211.5
867	210.9
865	211.05
867	211.25
867	210.9
864	210.95
867	211.2
865	210.9
864	210.85
866	211.3
865	210.85
863	211.05
866	211.3
864	210.7
862	210.95
865	211.2
863	210.8
862	210.9
865	211.15
863	210.8
862	211
864	211
861	210.85
860	211.15
863	211.15
861	210.75
860	211.1
862	210.85
860	210.7
859	210.75
861	210.95
859	210.4
859	210.8
861	210.9
858	210.3
858	210.7
860	210.9
857	210.55
858	210.7
859	210.5
857	210.55
857	210.9
858	210.35
856	210.15
857	210.85
857	210.5
855	210.45
856	210.45
856	210.15
854	210.25
856	210.4
856	210.05
853	210.35
855	210.75
854	210.25
852	210.1
854	210.55
854	210.15
852	210
854	210.45
853	210.1
851	210.2
853	210.45
853	210.1
851	210.25
853	210.5
852	209.95
850	210.25
852	210.25
851	210.05
849	209.95
852	210.2
850	210
849	210
851	210.4
849	209.8
847	210.05
850	210.35
849	209.75
847	209.95
850	210.3
848	210
846	209.85
849	210.15
847	209.8
845	210.3
848	210.4
846	209.6
845	210.1
847	210.05
846	209.55
844	209.7
846	210
846	209.65
844	209.65
845	210.3
845	210
843	209.6
844	209.95
844	209.65
842	209.55
843	209.9
844	209.6
842	209.4
842	209.75
843	209.5
841	209.4
841	209.8
843	209.6
841	209.35
841	209.8
842	209.5
840	209.55
840	209.95
842	209.55
839	209.4
840	210
841	209.65
838	209.45
838	209.8
840	209.6
838	209.35
838	209.75
840	209.65
837	209.25
837	209.65
839	209.5
837	209.25
836	209.8
838	209.65
836	209.45
835	209.65
837	209.45
835	209.25
835	209.6
837	209.45
834	209.1
834	209.45
836	209.65
834	209.05
833	209.3
836	209.7
833	208.95
832	209.45
835	209.6
833	208.95
831	209.4
834	209.4
832	209.1
830	209.35
833	209.2
831	208.85
830	209.25
833	209.15
831	208.95
829	209.25
832	209.45
830	209
829	209.15
831	209.3
829	208.9
827	209.35
830	209.3
829	208.8
827	209.25
829	209.15
828	208.75
826	209.05
829	209.1
828	208.75
825	208.8
827	209.35
826	208.8
825	208.7
827	209.25
827	208.9
825	208.75
826	209.2
825	208.65
823	208.7
825	208.95
825	208.6
823	208.4
824	208.9
826	208.8
823	208.5
824	209.05
824	208.8
822	208.6
822	208.95
824	208.75
821	208.45
821	208.8
824	208.8
821	208.45
820	209
823	208.7
820	208.6
819	208.9
822	208.9
820	208.65
819	208.9
821	208.75
819	208.5
817	208.4
820	208.85
818	208.3
817	208.4
820	208.9
817	208.05
816	208.6
818	208.5
816	208.1
815	208.3
818	208.45
816	208.1
815	208.3
817	208.35
816	208.2
814	208.25
816	208.55
815	208.05
813	208.45
815	208.45
814	208.05
812	208.2
814	208.3
814	207.95
812	208.15
814	208.3
814	208
812	208.2
813	208.6
813	208.3
810	207.95
811	208.25
812	208.1
810	207.9
812	208.4
811	207.95
809	208.1
810	208.25
810	207.9
808	207.8
809	208.2
810	207.8
808	207.75
809	208.3
810	207.95
807	207.7
808	208.15
809	207.95
807	207.65
806	207.95
808	207.9
806	207.55
806	207.9
808	207.95
805	207.5
804	207.9
807	207.8
805	207.45
804	207.8
806	207.75
804	207.45
803	207.8
806	207.75
803	207.4
802	207.6
805	207.8
803	207.4
801	207.85
803	207.75
802	207.3
800	207.45
803	207.65
802	207.2
800	207.35
802	207.6
801	207.6
799	207.4
801	207.95
800	207.3
798	207.25
800	207.55
800	207.25
798	207.05
799	207.55
800	207.25
797	207.1
797	207.5
799	207.3
797	207
796	207.475
799	207.3
797	207
796	207.475
798	207.25
796	207.125
795	207.45
797	207.35
795	207
793	207.35
796	207.325
794	206.85
793	207.2
796	207.325
794	206.9
792	207.05
795	207.25
793	206.95
792	207.05
794	207.25
793	206.95
791	206.85
793	207.3
792	206.8
790	206.85
791	207
792	206.75
790	206.7
791	207
791	206.65
789	206.75
790	207.05
791	206.7
788	206.5
789	207
790	206.75
788	206.55
787	207.05
789	206.75
787	206.6
786	206.8
789	206.7
787	206.45
786	206.75
788	206.65
786	206.45
784	206.7
787	206.9
786	206.4
784	206.65
786	206.7
786	206.35
784	206.45
785	206.95
785	206.7
783	206.4
783	206.75
785	206.75
782	206.2
782	206.55
784	206.55
782	206.15
781	206.6
784	206.6
781	206.25
780	206.5
783	206.65
781	206.25
779	206.4
781	206.55
780	206.15
778	206.05
780	206.45
781	206.2
778	205.95
779	206.4
780	206.2
777	205.9
778	206.2
780	206.1
777	205.85
777	206.2
778	205.95
776	205.8
777	206.15
778	206
776	205.8
775	206.25
777	206.05
775	205.8
774	206.15
777	206.05
775	205.75
773	205.95
776	206.15
774	205.85
772	206.15
774	206.2
774	205.8
772	205.85
773	205.9
774	205.75
772	205.75
772	206.1
774	205.9
771	205.55
771	205.95
773	205.7
770	205.7
770	206.1
772	205.95
769	205.55
769	205.95
771	205.7
768	205.35
768	205.7
770	205.75
768	205.3
768	205.65
770	205.75
767	205.45
767	205.8
769	205.6
766	205.65
766	206
768	205.45
765	205.5
765	205.8
766	205.6
764	205.45
766	205.85
766	205.55
763	205.25
765	205.75
765	205.4
762	205.4
764	205.8
764	205.45
762	205.35
763	205.5
764	205.45
761	205.2
761	205.5
763	205.3
760	205.15
760	205.5
763	205.25
760	205.1
759	205.4
762	205.45
760	205.1
758	205.3
761	205.35
759	205.1
757	205.25
759	205.4
759	205.05
756	204.95
758	205.25
759	205
756	204.85
757	205.25
759	205.05
756	204.85
755	205.15
758	205.1
755	204.75
754	204.9
757	205.15
755	204.75
753	205
756	205.1
755	204.75
753	204.9
754	204.95
755	204.8
752	204.75
753	205.15
755	204.9
752	204.6
752	205
754	204.8
752	204.65
750	204.85
753	205
751	204.55
749	204.75
752	204.8
750	204.4
748	204.5
751	204.85
751	204.6
748	204.45
749	204.8
751	204.65
748	204.3
747	204.7
750	204.6
748	204.3
746	204.75
749	204.75
748	204.35
745	204.45
747	204.65
748	204.35
745	204.3
745	204.6
748	204.45
745	204.2
744	204.5
747	204.55
745	204.25
743	204.45
746	204.7
745	204.3
742	204.5
744	204.45
745	204.25
743	204.1
742	204.65
744	204.3
742	204.25
740	204.3
744	204.3
742	204.25
739	204.3
742	204.55
742	204.25
740	204
741	204.3
742	204.4
739	204.15
738	203.95
741	204.1
739	204
737	204.45
740	204.25
738	203.6
736	204.15
738	203.8
740	203.95
737	204.1
737	204.55
737	204.35
733	203.8
733	203.95
738	203.3
737	203.6
736	203.85
738	203.65
736	203.85
733	203.9
735	203.85
736	203.85
733	203.6
733	203.9
737	204
734	203.6
732	204
735	203.8
732	203.6
730	203.65
733	203.85
733	203.55
731	203.4
732	203.85
733	203.7
730	203.45
730	203.75
732	203.8
730	203.35
728	203.55
731	203.5
730	203.3
727	203.55
730	203.6
730	203.3
728	203.25
728	203.55
730	203.45
727	203.4
726	203.7
729	203.3
726	203.3
724	203.5
728	203.4
726	203.2
724	203.3
726	203.4
726	203.15
724	203.1
725	203.45
726	203.2
723	202.95
723	203.3
725	203.4
724	203.05
722	203.1
724	203.4
724	203.15
721	203.3
722	203.4
724	203.35
720	203.1
720	203.35
723	203.15
721	202.95
719	203.05
722	203.15
721	203
719	202.95
719	203.2
721	203.15
718	202.8
718	203.1
720	203.2
719	202.8
717	202.8
719	203.15
719	202.9
716	202.8
716	203.1
719	203.05
716	202.65
715	202.95
718	203.05
717	202.65
715	202.75
715	203.05
717	202.75
714	202.6
712	202.75
716	202.9
714	202.5
712	202.45
714	202.75
715	202.5
712	202.25
713	202.55
715	202.6
712	202.2
711	202.6
714	202.75
713	202.3
710	202.5
712	202.65
712	202.4
709	202.25
709	202.55
712	202.35
709	202.05
708	202.6
711	202.45
710	202.2
707	202.45
709	202.5
710	202.4
707	202.3
707	202.65
710	202.5
707	202.25
705	202.3
707	202.5
708	202.3
705	202
706	202.35
708	202.45
706	202.1
703	202.45
706	202.35
706	202.05
703	202.15
705	202.25
706	202.1
703	202.1
702	202.35
705	202.15
702	202
701	202
704	202.4
704	202.15
701	201.85
702	202.35
703	202.25
700	201.9
700	202.2
703	202.15
702	201.9
699	202
701	202.1
700	202
698	201.75
698	201.95
701	201.7
699	201.6
697	201.85
699	201.95
700	201.8
697	201.65
698	202
700	202.05
696	201.5
695	201.95
698	201.85
698	201.6
695	201.7
695	202
698	201.8
695	201.6
693	201.65
696	201.7
695	201.65
693	201.4
694	201.9
696	201.55
694	201.6
692	201.55
694	201.95
695	201.65
692	201.35
691	201.75
694	201.75
691	201.25
690	201.55
693	201.5
692	201.25
689	201.35
691	201.6
692	201.3
689	201.2
688	201.65
692	201.4
690	201.15
687	201.2
688	201.65
691	201.3
687	201.05
686	201.35
689	201.35
689	201.05
686	201.1
687	201.35
689	201.2
687	201
684	201.3
687	201.3
687	201
684	201.15
684	201.35
687	201.15
685	200.95
682	201.35
685	201.2
685	200.95
682	201.05
683	201.35
686	201.1
683	201.05
681	201.05
684	201.15
683	201.05
681	200.8
681	201.05
684	201.05
681	200.75
679	200.6
682	201.2
682	201
679	200.45
680	200.95
683	201.15
680	200.6
677	200.8
680	200.9
681	200.6
678	200.55
677	200.9
680	200.8
678	200.5
676	200.75
678	200.85
678	200.55
675	200.5
676	200.75
679	200.35
676	200.45
674	200.75
677	200.7
678	200.4
674	200.6
674	200.85
676	200.65
674	200.45
672	200.55
675	200.6
674	200.5
670	200.3
670	200.35
676	200.05
675	199.8
673	200.2
674	200.6
673	200.35
670	200.35
671	200.6
675	200.35
672	200.25
669	200.5
671	200.7
671	200.35
668	200.05
669	200.35
673	200.3
671	200.25
667	200.45
669	200.5
670	200.3
667	200.15
668	200.3
671	200.4
669	200.1
665	200.4
667	200.45
668	200.05
665	200.1
665	200.35
669	200.2
667	200
664	200.2
666	200.2
667	200.15
664	200.05
663	200.25
666	200
665	200
662	200
663	200.2
666	199.9
663	199.9
661	200.2
664	200.3
663	199.95
661	199.95
660	200.25
663	200.05
661	199.8
658	199.95
661	200
662	199.7
659	199.85
659	200.15
662	199.9
660	199.75
657	199.8
659	200.25
661	199.95
658	199.85
656	200
659	200.25
659	199.95
656	199.8
657	200
659	200.15
657	199.7
654	200.05
657	199.9
657	199.65
654	199.7
653	199.65
657	199.65
655	199.5
653	199.45
654	199.9
656	199.65
653	199.35
651	199.7
654	199.8
654	199.55
651	199.45
652	199.6
655	199.75
652	199.25
649	199.6
653	199.6
653	199.4
649	199.5
650	199.5
653	199.55
650	199.1
648	199.55
651	199.65
651	199.45
647	199.15
647	199.35
650	199.2
648	199.15
645	199.05
647	199.1
650	198.95
647	198.8
645	199.15
648	199.35
648	199.2
645	199
644	199.45
648	199.4
646	199.1
643	199.15
644	199.4
646	199.1
643	198.85
642	199
645	199.05
645	198.85
643	198.9
642	199.1
645	199.1
643	198.9
640	198.95
641	199.1
644	199.05
642	198.65
639	199
643	199.05
642	198.75
638	198.8
639	198.95
642	198.75
640	198.5
638	198.75
641	198.95
641	198.75
637	198.75
636	198.95
640	198.8
639	198.5
637	198.65
637	198.9
640	198.8
636	198.65
633	198.95
636	198.85
639	198.55
636	198.45
634	198.75
636	198.85
636	198.6
634	198.55
634	198.75
638	198.7
635	198.5
631	198.85
633	198.9
636	198.5
633	198.5
631	198.8
634	198.65
633	198.55
631	198.65
631	198.85
634	198.6
631	198.55
629	198.6
631	198.75
633	198.6
629	198.45
628	198.6
632	198.65
631	198.5
627	198.65
627	198.85
631	198.6
629	198.35
626	198.45
628	198.55
630	198.55
627	198.45
624	198.5
628	198.45
628	198.2
625	198.2
624	198.45
628	198.3
626	198.1
623	198.05
625	198.3
627	198.35
624	198.05
621	198.1
625	198.2
625	197.95
622	198.05
621	198.05
626	198.25
624	198.05
620	198.2
622	198.25
625	198.05
621	197.8
619	198.1
622	198.25
623	197.8
619	197.8
618	197.9
621	197.95
621	197.75
619	197.85
618	198
621	197.95
620	197.95
616	197.8
617	198.2
621	197.75
618	197.55
615	197.85
618	197.85
620	198
616	197.7
614	197.8
618	197.85
618	197.6
615	197.65
613	197.8
617	198.05
616	197.6
613	197.6
613	197.85
617	197.95
614	197.4
611	197.55
613	197.7
616	197.65
612	197.35
611	197.6
614	197.6
614	197.45
610	197.7
609	197.65
613	197.6
612	197.2
609	197.35
609	197.55
613	197.45
610	197.5
607	197.6
610	197.8
611	197.3
608	197.45
606	197.4
609	197.4
610	197.35
606	197.1
606	197.4
610	197.6
608	197.4
605	197.3
605	197.45
609	197.3
606	197.15
603	197.3
606	197.4
608	197.45
605	197.1
603	197.4
605	197.4
607	197.4
602	197.2
601	197.4
605	197.2
605	197
601	197.1
601	197.35
605	197.2
604	197.1
600	197.1
600	197.35
604	197.25
602	197.05
598	197.25
601	197.3
603	197.05
600	196.95
597	197.15
601	197.3
601	197.1
598	197.05
597	197.15
600	197.1
600	196.9
596	196.95
596	197.2
600	197.1
598	196.95
595	196.9
595	197.1
599	196.9
597	196.75
594	196.8
594	197
598	197.05
596	196.8
593	196.85
594	197
597	196.95
594	196.75
591	197.1
594	197
596	196.85
592	196.5
590	196.75
594	196.85
595	196.75
591	196.85
590	196.8
593	196.8
593	196.65
589	196.5
589	196.7
593	196.75
592	196.45
588	196.55
588	196.7
592	196.6
590	196.45
587	196.5
588	196.6
591	196.8
589	196.35
585	196.6
586	196.65
590	196.45
588	196.2
585	196.5
587	196.55
589	196.4
586	196.35
583	196.5
586	196.6
588	196.3
584	196.35
582	196.55
586	196.55
586	196.35
583	196.25
581	196.6
585	196.55
586	196.3
581	196.35
580	196.45
584	196.5
584	196.3
580	196.15
579	196.35
583	196.3
583	196.1
580	196.15
578	196.4
583	196.3
582	196.2
577	196.15
577	196.3
581	196.35
580	196
577	196.05
577	196.25
581	196.3
579	196.05
576	196.1
575	196.35
580	196.15
578	196.05
574	195.95
575	196.25
579	196.05
577	195.95
573	196.45
574	196.15
578	196.15
575	196
571	195.9
573	196.5
577	195.95
575	195.9
571	195.85
573	196.5
576	196
573	196.25
569	195.85
572	196.1
575	196
572	195.8
569	195.8
570	195.95
574	195.8
571	195.65
568	195.85
570	195.95
573	196.25
570	195.65
566	195.75
568	195.9
572	195.8
569	195.55
566	195.7
567	195.9
570	195.7
567	195.65
564	195.65
566	195.7
570	195.55
567	195.55
563	195.65
565	195.65
569	195.55
566	195.45
563	195.6
564	195.65
567	195.6
565	195.35
561	195.5
563	195.65
566	195.45
564	195.3
561	195.4
561	195.55
565	195.4
563	195.35
560	195.4
560	195.55
564	195.45
562	195.35
558	195.3
558	195.45
563	195.45
561	195.15
557	195.15
557	195.3
562	195.35
561	195.1
556	195.05
556	195.25
560	195.25
560	195.1
556	195
554	195.2
559	195.25
559	195.05
555	195.05
553	195.25
558	195.2
558	195
554	194.95
552	195.1
556	195.05
557	194.9
553	194.9
551	195.05
556	195.05
557	194.9
552	194.9
550	195.2
553	195.2
555	195
552	194.75
549	194.85
552	194.95
555	194.95
552	194.75
549	194.9
550	195.1
553	194.9
550	194.9
547	195
549	194.9
553	194.9
550	194.85
546	194.8
547	195.05
552	194.75
549	194.6
545	194.7
546	194.85
551	194.75
548	194.6
544	194.7
545	194.8
548	194.7
548	194.55
544	194.65
542	194.8
547	194.85
547	194.65
543	194.4
541	194.65
546	194.65
546	194.5
542	194.45
540	194.6
544	194.6
546	194.5
541	194.35
539	194.5
542	194.55
545	194.4
541	194.35
537	194.45
541	194.5
544	194.4
540	194.25
537	194.35
538	194.45
543	194.35
541	194.25
536	194.3
537	194.5
541	194.4
540	194.3
537	194.25
534	194.4
538	194.3
540	194.2
538	194.1
534	194.3
535	194.55
540	194.35
537	194.2
533	194.4
534	194.35
538	194.15
537	194.1
532	194.1
531	194.4
536	194.25
536	194.05
532	194.05
530	194.2
534	194.2
536	194.1
531	194.2
529	194.4
531	194.4
535	194.25
532	193.95
528	194
529	194.4
533	194.15
532	193.9
527	193.95
527	194.1
531	194.15
532	193.9
528	193.85
525	193.9
528	193.95
531	194
529	194.05
524	193.95
527	194
530	193.9
529	194.05
524	193.9
524	194.05
529	194.15
528	193.75
524	193.85
521	193.85
527	193.85
528	193.7
524	193.85
521	193.85
525	193.85
527	193.75
523	193.75
520	193.8
522	193.9
526	193.7
523	193.6
519	194.1
520	193.7
524	193.7
523	193.6
519	194.05
517	193.7
522	193.75
523	193.5
520	193.45
515	193.6
520	193.6
523	193.5
519	193.85
515	193.6
518	193.6
521	193.45
519	193.85
514	193.9
515	193.55
520	193.45
520	193.35
514	193.95
513	193.7
517	193.45
519	193.8
515	193.35
511	193.25
514	193.9
517	193.3
516	193.3
511	193.2
511	193.3
515	193.35
516	193.25
512	193.2
509	193.6
513	193.5
515	193.25
513	193.3
508	193.45
509	193.6
514	193.7
513	193.25
508	193.35
506	193.3
513	193.3
513	193.25
509	193.4
505	193.35
508	193.45
513	193.2
509	193.25
505	193.2
504	193
510	193
511	192.75
505	193.05
504	193.05
506	193.05
510	192.95
507	192.8
502	193
504	192.95
507	192.9
507	192.8
503	192.9
500	192.95
506	192.95
508	193
503	192.9
500	192.9
500	192.9
507	192.7
506	192.75
500	192.85
499	192.9
502	192.85
504	192.6
501	192.9
496	192.8
501	192.95
505	192.8
501	192.85
498	193
496	192.9
500	192.8
504	192.55
497	192.7
495	192.95
499	192.8
501	192.85
498	192.85
495	192.85
493	192.65
499	192.65
501	192.7
495	192.7
492	192.75
497	192.7
499	192.6
496	192.55
493	192.45
491	192.65
495	192.7
499	192.45
493	192.35
489	192.55
493	192.4
498	192.65
493	192.35
490	192.85
489	192.55
492	192.45
495	192.45
492	192.3
487	192.5
489	192.45
496	192.25
493	192.2
486	192.6
487	192.5
493	192.25
492	192.4
487	192.4
485	192.05
488	192.35
490	192.45
490	192.4
487	192.25
484	192.95
487	192.3
491	192.05
488	192.05
481	192.05
482	192.1
490	192.15
491	191.85
483	191.65
479	191.7
486	192.2
491	191.95
484	192.75
478	191.85
481	191.9
488	191.85
486	191.95
479	191.35
478	191.55
483	191.25
487	191.85
482	191.9
478	191.65
479	191.4
484	192.55
484	192.55
478	191.6
477	191.85
480	191.6
483	191.4
480	191.65
476	192.4
476	192.35
480	191.5
482	191.75
478	191.55
474	191.95
476	192.25
481	191.6
481	191.75
473	192.4
471	191.85
476	192.1
482	191.5
479	191.3
470	192
468	191.85
476	191.9
484	191.95
477	191.75
467	191.65
466	191.3
477	191.05
482	190.95
475	191.25
468	192.15
467	191.45
472	191.75
475	190.65
473	191.5
471	191.45
473	192.15
473	192.2
468	191.6
465	191.75
469	191.5
476	191.65
477	191.4
468	191.9
461	192.15
462	191.55
471	190.8
474	190.75
470	190.95
466	191
467	191.2
470	191.55
466	190.95
460	190.75
461	191.15
470	190.6
474	191
467	190.85
461	192
461	191.9
467	190.85
466	190.6
460	190.55
457	190.2
463	191.05
470	190.55
468	190.95
461	191.65
458	191.75
462	191.65
467	190.8
462	191.45
455	190.5
454	190.65
460	190.05
465	190.75
462	190.7
458	190.9
459	191.6
464	191.5
464	191.7
458	191.65
454	191.2
457	190.65
463	191.5
461	191.35
453	190.65
450	190.65
455	189.85
460	189.75
458	190.45
452	190.85
450	190.1
455	189.55
459	190.7
457	189.7
453	190.05
452	191.1
456	190.15
460	190.4
455	190.4
450	190.9
450	190.9
456	190.4
458	191.15
454	190.8
448	191.25
449	190.55
455	190.2
457	190.3
451	191.55
446	191.4
448	191.15
454	190.55
455	190.2
448	191.1
444	191.4
446	191.1
452	191.1
453	190.25
447	191.2
443	190.7
445	190.4
452	191.05
451	191.25
445	190.55
442	190.6
445	190.4
451	191.2
449	190.2
443	190.65
440	191.15
444	191
447	190.65
445	190
438	190.3
436	190.05
441	189.6
447	189.8
447	190.1
440	190.5
437	190.15
441	190.05
448	190.2
445	190.05
439	191.3
436	190.65
441	190.4
446	190.65
442	190.15
435	191.5
431	190.4
436	189.75
444	189.9
443	189.4
437	189.95
434	190
437	190.1
443	189.95
441	190.2
435	191.45
431	190.65
432	190.25
438	189.8
439	190.25
435	190.65
433	190.7
435	190.9
440	190.4
440	190.55
433	191.25
427	190.45
427	190.05
436	189.45
440	189.7
435	190.75
429	190.65
429	190.75
435	191.1
435	190.95
428	190.1
425	189.75
428	189.6
436	189.3
439	190.3
432	190.3
424	190.4
421	189.9
428	189.55
437	189
435	190.5
427	190.3
423	190.55
424	190
429	190.05
432	189.45
428	189.7
424	189.7
424	189.75
427	189.75
426	189.75
424	189.3
423	189.5
424	189.15
428	189.45
427	189.6
422	189.95
419	189.6
422	189.55
427	189.2
427	189.4
422	189.9
418	189.35
420	189.05
424	188.9
425	189.1
422	189.75
418	189.3
418	189.2
421	188.95
423	189.4
423	189.4
419	189.6
417	189.05
416	189.15
420	189.05
424	188.95
420	189.2
414	189.2
412	189.15
420	189
425	188.9
420	189.35
410	189.6
410	189.25
420	188.8
425	188.8
417	189.1
409	189.55
410	189.15
417	188.5
420	188.8
419	189.45
413	189.15
410	189.4
409	189.15
416	188.8
421	188.8
415	189.25
406	189.35
406	188.95
415	188.6
418	188.8
413	189
407	189.15
407	188.95
409	188.85
416	188.65
416	188.9
406	189.15
403	189.15
410	188.75
415	188.6
413	188.8
407	189.05
403	189.15
403	188.85
412	188.5
414	188.55
405	189
401	189.2
404	189.25
408	188.3
412	188.4
410	189.05
400	189.1
398	188.8
405	188.35
410	188.45
410	188.8
404	189.6
398	188.9
399	189
407	188.25
409	188.55
404	189.45
399	189.25
396	188.9
402	188.15
408	188.2
406	188.6
399	189.3
396	189.05
397	188.5
404	188.9
406	188.35
401	188.95
395	188.75
394	188.55
398	188.2
406	188.15
403	188.65
396	189.1
392	188.55
393	188.65
401	188.25
404	188.85
399	188.95
394	188.75
390	188.4
394	188.15
401	188.3
401	188.55
396	188.9
389	189
390	188.1
396	188.25
400	188.1
398	188.45
389	189.1
387	188.6
390	187.8
398	187.85
399	188.6
391	188.4
386	188.4
386	187.95
394	187.8
397	188
394	188.35
388	188.35
383	188.25
388	187.7
394	187.7
397	188.05
390	188.25
383	188.4
383	188
388	187.5
394	187.65
393	188.45
387	188.55
380	188.2
383	187.8
389	188.05
394	187.75
389	188.65
381	188.45
379	188.05
383	187.6
389	187.95
391	187.7
385	188
379	188.25
379	187.8
384	187.65
390	187.4
388	187.7
381	188.25
376	188.45
378	187.8
384	187.5
390	187.4
385	187.9
377	188.1
374	187.75
378	187.7
385	187.1
387	187.75
382	187.9
375	188.15
372	187.85
377	187.15
384	187.4
385	187.45
378	188.3
371	187.9
373	188.55
377	187.05
385	187.15
382	187.7
375	188.1
369	188.5
372	187.45
378	187.3
383	187.3
379	187.8
371	187.85
368	187.7
371	187
379	187.05
380	187.35
375	187.85
367	187.8
366	187.5
372	187.15
378	187.25
379	187.45
372	187.9
366	187.85
365	187.9
370	187.25
377	186.8
376	187.95
369	188.3
363	187.9
365	187.8
370	187.15
375	186.95
375	187.45
367	187.7
361	187.65
364	187.05
368	186.8
375	186.85
372	187.5
365	188.35
360	187.5
361	187.1
368	186.75
373	187.85
371	187.2
364	187.7
358	187.55
360	186.95
366	186.7
371	186.65
370	187.55
362	187.9
357	188.25
358	187.05
363	186.8
370	187.05
369	187.85
361	187.7
355	187.4
357	187.65
361	186.6
367	186.55
367	186.95
361	187.5
355	187.4
354	187.9
358	186.55
365	187.15
366	187.05
361	187.55
353	187.85
351	187.55
357	187.25
362	186.65
364	186.8
361	187.4
353	187.9
350	186.75
353	186.95
360	186.3
363	186.9
360	187.15
353	187.85
347	187.85
351	187.15
356	186.7
361	186.65
358	187.15
351	187.95
347	187.85
348	187.5
353	186.6
359	186.45
359	187
350	186.9
346	187.2
345	186.6
350	185.8
357	187.1
357	187.6
349	188.5
345	187.1
344	186.8
347	186.85
356	186.55
355	186.55
350	186.75
342	187.95
343	186.9
347	186.8
352	186.55
355	186.6
349	188.45
343	187.55
338	187.25
341	186.45
351	186.35
353	186.45
351	187.45
342	188.05
336	186.7
340	186.9
348	186.75
350	185.75
350	186.4
344	187.35
336	186.8
338	186.95
344	186.1
345	186
348	187.5
346	186.95
338	187.55
334	187.1
339	186.1
344	186.1
344	186.4
345	186.65
341	187.35
333	187.55
331	186.2
336	185.4
347	186.25
348	187.25
339	187.1
332	188.85
333	187.1
338	186.45
340	186.8
340	187.15
340	187.35
338	187.15
333	187.3
329	187.8
330	185.75
335	186.65
339	185.65
341	186.35
334	186.85
328	186.95
328	186.55
332	187.5
337	185.5
337	185.7
334	186.6
331	186.3
331	186.2
332	188
335	187.45
334	187.05
329	188.1
324	186.4
324	185.75
327	185.9
332	186.7
334	185.75
332	187.55
327	186.95
324	186.1
323	185.65
326	185.95
330	184.9
332	187
330	185.6
325	186.3
321	186.7
321	186.2
326	185.8
331	185
331	185.5
325	186.4
320	186
320	185.55
326	185.95
332	187.2
331	186.15
325	187.3
319	186.8
320	186.25
323	185.9
326	186.6
328	186.55
327	187.55
323	187.1
316	187.45
313	187.15
319	185.15
328	185.45
332	187.45
328	187.1
318	187.45
313	188.2
311	186.9
317	185.8
327	185.95
330	185.8
324	187.2
315	188.1
309	187.4
310	186.55
318	185.1
326	186
326	187
317	187.55
307	188.2
307	187.2
315	185.65
317	185.35
318	185.25
321	186.8
320	186.4
313	187.6
305	187.05
308	186
316	185.75
317	185.8
317	186.2
316	186.8
311	187
304	186.65
308	185.75
313	186.1
316	186
319	185.75
314	187.15
304	187.2
302	187.3
306	185.65
313	185.85
318	185.4
312	186.7
303	188.2
302	187.3
303	186.9
308	185.2
309	185.5
314	186.25
313	187.1
303	188
300	187.8
300	187.1
306	185.35
308	185.25
312	185.65
311	186.8
302	187.7
298	186.7
299	186.5
302	186.1
307	186
310	186.05
305	186.8
301	187
297	186.7
296	186.4
301	185.55
303	186.45
308	185.65
305	186.6
299	187.45
295	187.1
295	186.45
298	185.45
301	185.55
305	185.9
305	186.4
299	187.45
294	186.55
293	186.6
295	186.05
298	185.35
303	186.65
302	186.9
300	187.75
292	186.9
291	186.85
293	186.05
295	185.8
298	185.55
301	186.2
297	186.6
294	186.6
289	187.05
289	186.45
293	185.65
297	185.5
299	186.5
297	186.5
293	187.1
288	187.05
287	187
289	186.05
293	185.75
296	186.2
296	186.8
292	186.85
288	187.1
284	186.55
286	186.25
290	185.5
294	185.35
295	186.4
291	187.15
287	187.75
283	186.65
282	185.8
287	186.25
291	185.9
293	186.15
291	186.95
286	187.3
282	186.5
280	186.05
283	185.65
287	186.25
289	186.05
290	186.25
288	186.95
282	186.6
280	186.35
280	185.85
282	185.4
285	186.55
288	186.2
286	186.85
284	186.9
279	187.5
276	186.65
277	185.75
282	185.2
285	186.6
286	186.6
284	186.75
279	187.55
276	186.9
276	186.4
278	186.35
279	186.25
283	185.85
284	186.35
281	186.85
277	186.9
274	187.4
274	186.9
274	186.45
277	185.6
282	185.65
282	186.1
278	187.45
274	187.6
271	187.4
272	187.05
274	186.45
275	186.5
279	186.7
280	186.25
275	187.75
269	187.95
269	187.45
270	186.35
273	186.1
275	186.65
276	186.5
275	187.35
274	187.5
270	187.3
265	187.95
267	186.55
270	185.9
273	186.05
276	186.3
274	187.4
268	188
264	187.75
264	187.1
267	186.3
270	186
271	186.75
272	187.4
270	187.35
266	187.2
264	187.5
263	187.55
265	187.3
267	186.5
268	186.85
270	186.9
267	187.55
264	187.7
261	187.95
260	187
263	187.05
264	186.45
265	187.25
269	187.3
267	187.55
263	188.4
258	188
256	186.85
259	187.5
262	186.3
264	186.5
264	187
264	187.4
263	188.1
260	187.75
257	187.5
257	187.1
258	187
259	187.8
262	187.05
264	187.4
262	187.85
258	188.2
255	188.2
254	187.65
255	187.4
257	186.9
260	187.1
261	187.95
260	187.95
257	188.2
253	188.85
252	188.15
252	187.7
254	187.15
256	186.65
259	188.35
258	187.9
255	188.45
251	189
249	188.5
249	188
251	187.8
253	187.55
255	187.45
255	187.85
254	188.05
251	188.95
248	189.05
248	188.8
248	188.5
249	187.75
251	188.05
253	188.15
253	188.45
250	188.9
246	188.45
245	187.95
246	187.65
248	188.15
248	188.25
249	188.1
250	188.5
249	188.7
247	188.35
244	189.2
243	188.1
244	188.55
244	188.45
245	187.55
247	187.8
249	188.5
248	189.3
245	188.55
241	188.95
238	188.4
240	187.6
244	188.25
246	187.6
247	188.1
245	188.55
241	189.25
239	188.45
239	187.95
239	187.55
239	187.35
240	187.65
242	188.6
244	189.1
243	188.8
239	188.6
236	188.45
235	188.6
236	187.5
237	187.75
238	187.9
240	188
241	188.8
239	188.5
237	188.95
235	188.95
233	188.8
231	187.95
233	188.1
236	187.25
237	187.95
239	187.95
239	188.35
236	188.6
231	188.85
230	189.05
230	188.5
231	187.6
233	188
234	188.4
234	188.85
236	188.3
234	189.35
230	189.4
227	188.95
228	189.1
228	188.75
230	188.15
231	187.8
232	189.25
233	188.9
232	189.85
229	189.35
226	188.6
224	189.45
225	188.45
227	188
228	188.6
230	188.55
230	188.95
229	189.25
227	189.35
224	189.9
223	188.65
222	189.05
223	187.9
224	188.7
226	187.75
228	189.15
227	189.05
226	188.85
223	189.15
221	189.15
220	188.75
219	188.55
221	188.15
223	188.05
224	189.2
225	189
224	189.85
221	189.4
219	189.4
217	189.4
216	188.9
218	189
220	188.15
221	188.4
222	189.3
222	189.75
220	189.4
218	190.3
215	189.05
213	189.7
214	188.8
216	188.5
217	188.7
218	189.4
219	189.15
219	189.45
218	190.3
215	189.3
211	189.9
210	189
211	189
213	189
215	188.05
216	189
217	189.5
215	189.2
213	190.4
211	190
209	190.05
209	189.6
209	189.3
210	188.4
211	188.95
212	188.8
214	189.55
213	190.25
211	190.15
208	190
206	189.15
205	189.2
206	188.4
207	189.2
208	189
210	189
211	189.75
209	190.4
208	190.15
205	189.85
203	189.05
203	188.65
203	188.3
205	188.6
205	188.75
207	189.7
207	190.05
207	190.3
206	189.65
202	190.15
200	189.4
199	189.35
200	188.6
202	188.85
203	188.25
204	188.35
204	188.75
204	189.15
203	189.55
201	189.8
199	189.95
197	188.95
196	189.45
197	188.25
199	188.75
200	188.65
201	189
202	189.8
201	189.65
199	190.25
196	190.35
194	188.85
194	188.55
193	189.3
194	187.85
196	189.05
197	188.5
198	189.35
199	189.85
198	190.05
195	190
193	190.25
191	189.55
190	188.9
190	188.5
192	188.75
194	187.9
195	189
195	189.3
195	189.7
194	189.1
192	190.05
190	189.5
188	190.1
187	188.9
188	189.35
189	188.95
189	189.05
190	188.65
191	189.25
193	189.9
192	189.9
190	189.65
186	190.3
184	190.2
184	189.65
185	188.6
186	189
186	189.05
187	188.8
188	189.85
189	189.85
188	190.4
187	189.75
185	189.8
183	189.2
182	189.2
182	188.9
182	188.7
182	188.7
183	188.45
184	189.7
185	189.35
185	189.65
184	190.5
182	189.9
180	190.25
178	190.3
177	188.95
178	189.45
179	188.8
179	188.8
180	189.15
181	189.05
182	189.45
181	189.6
180	190.3
179	190.2
176	190.45
175	190.1
174	189.45
174	189.1
176	189.25
177	188.45
178	189.65
178	190.1
179	189.95
178	190.65
177	189.95
175	190.75
173	189.5
171	189.75
170	189.3
171	189
172	189.05
173	188.2
174	189.3
174	189.75
174	190.05
174	190.2
174	190.35
172	190.5
170	190
169	190.25
169	189.95
168	189.8
168	189.6
169	189.45
171	189.1
171	189.4
171	189.7
172	190.2
171	190.15
171	190.25
169	190.65
166	190.2
165	190.45
165	190.15
165	189.8
165	189.75
165	189.9
166	189.6
167	189.85
167	190.15
167	190.35
166	190.5
165	191.05
163	190.55
163	190.3
162	189.55
162	189.3
162	189.15
162	189.1
162	189.25
163	189.85
164	190.2
164	190.45
164	190.75
163	190.85
161	191.25
160	190.85
159	190.6
158	189.6
159	190
158	189.25
159	189.9
159	190.05
159	190.25
159	190.45
160	190.65
160	190.85
159	191.1
158	190.45
157	191.35
156	190.75
155	190.2
154	189.7
154	189.5
154	189.4
154	189.5
155	189.9
156	190.5
157	191.1
157	191.4
157	191.55
155	191
153	190.5
152	191.7
150	191.05
150	190.75
151	190.7
152	190.7
151	190.7
151	190.8
151	190.95
151	191.25
0	193.28
