Speed 1 (RPM)	Torque 1 (oz.in)
1796	2.455
1786	20.86
1786	21.305
1786	21.36
1786	21.18
1786	21.54
1785	21.86
1786	21.385
1786	21.495
1786	21.85
1785	22.39
1785	22.36
1785	22.115
1786	22.09
1785	22.675
1785	22.57
1785	22.24
1785	22.655
1784	24.015
1784	24.275
1784	23.87
1785	23.065
1784	24.455
1784	24.455
1784	24.2
1784	24.74
1783	25.7
1783	25.71
1784	24.525
1784	24.69
1783	25.98
1783	26.035
1784	24.8
1784	25.085
1783	26.315
1783	26.325
1783	25.985
1783	26.34
1782	26.98
1783	26.295
1783	26.445
1782	27.215
1782	27.175
1782	26.955
1783	26.58
1782	27.46
1782	27.585
1782	27.26
1782	27.325
1782	27.675
1781	29.875
1781	29.66
1781	29.87
1781	30.22
1781	29.755
1781	30.145
1780	31.03
1780	31.04
1781	30.15
1781	30.555
1780	31.32
1780	31.275
1781	30.48
1780	31.335
1780	31.71
1780	31.39
1780	31.61
1779	32.955
1779	33.075
1779	32.59
1780	31.81
1779	33.28
1779	33.405
1779	32.945
1779	33.365
1778	34.445
1778	34.255
1778	34.615
1778	34.385
1778	34.82
1777	35.67
1778	34.845
1778	34.79
1778	35.15
1777	36.01
1777	35.6
1778	35.28
1777	36.22
1776	37.26
1777	35.86
1777	36.235
1776	37.525
1776	37.565
1777	36.315
1777	36.6
1776	38.04
1776	37.89
1776	37.585
1776	38.06
1775	39.58
1776	38.04
1776	38.165
1775	39.865
1775	40.09
1775	39.655
1775	39.88
1774	40.915
1775	40.26
1775	40.125
1774	40.99
1774	41.27
1775	40.505
1774	41.46
1774	41.485
1774	41.28
1774	41.835
1773	42.995
1773	42.565
1773	42.94
1773	43.34
1773	43.415
1773	43.325
1772	44.43
1772	44.635
1772	44.22
1772	44.425
1772	44.88
1772	44.9
1772	44.69
1771	46.5
1771	46.855
1771	46.925
1771	46.82
1770	47.555
1770	47.825
1770	47.48
1770	47.875
1769	48.955
1769	48.59
1770	48.21
1769	49.28
1769	48.85
1769	49.02
1769	49.53
1769	49.705
1769	49.315
1769	49.675
1768	50.695
1768	50.675
1769	49.84
1768	50.665
1768	51.155
1768	50.98
1768	50.87
1767	52.96
1767	52.885
1768	51.385
1767	53.35
1767	53.595
1767	53.15
1767	53.28
1767	53.89
1766	54.115
1767	53.57
1766	54.68
1766	54.865
1766	54.585
1766	54.485
1765	55.695
1765	55.905
1766	54.935
1765	55.95
1765	56.13
1765	55.875
1765	56.245
1764	57.875
1764	57.82
1764	57.575
1764	58.14
1763	58.985
1764	58.01
1764	58.12
1763	59.315
1763	59.36
1763	59.625
1763	59.29
1762	60.305
1762	60.635
1762	60.33
1762	60.185
1762	60.785
1761	62.285
1762	60.605
1761	62.275
1761	62.74
1761	62.51
1761	62.31
1761	62.845
1761	63.14
1761	62.785
1761	63.015
1760	64.035
1760	63.815
1760	63.84
1760	64.405
1759	65.42
1760	64.23
1759	65.3
1759	65.86
1759	65.565
1759	65.45
1759	65.885
1758	67.245
1759	65.97
1759	65.985
1758	67.32
1757	68.22
1758	67.395
1758	67.37
1757	68.38
1758	67.89
1758	67.58
1757	68.47
1757	68.965
1757	68.61
1757	68.69
1756	69.54
1756	69.685
1757	68.96
1757	69.065
1756	69.97
1756	70.05
1756	69.635
1756	69.975
1756	70.425
1756	70.49
1756	70.12
1756	70.395
1755	71.925
1755	72.07
1755	71.73
1755	72.31
1754	73.315
1755	72.2
1754	73.635
1754	73.8
1754	73.5
1754	73.74
1753	74.58
1753	74.575
1754	73.73
1753	74.755
1753	75.04
1753	74.725
1753	74.95
1752	76.32
1752	76.385
1753	75.165
1752	76.5
1752	76.87
1752	76.615
1752	76.51
1751	77.41
1751	77.69
1751	77.435
1751	77.49
1751	77.915
1751	77.89
1751	77.795
1751	78.26
1750	79.035
1751	78.21
1751	78.285
1750	79.295
1750	79.475
1750	79.165
1750	79.445
1749	80.195
1750	79.545
1750	79.665
1749	80.595
1749	80.605
1749	80.305
1749	80.715
1748	82.505
1748	82.405
1748	82.18
1748	82.685
1748	82.475
1748	82.595
1747	83.355
1747	83.285
1748	83
1747	83.625
1747	83.695
1748	83.1
1746	84.835
1746	85.13
1747	83.74
1746	85.065
1746	85.585
1746	85.32
1746	85.43
1745	86.555
1746	85.87
1746	85.75
1745	86.965
1745	86.7
1745	86.905
1744	88.2
1745	86.955
1744	88.355
1744	88.46
1744	88.165
1743	88.97
1743	89.23
1743	88.84
1744	88.585
1743	89.405
1743	89.46
1744	88.825
1743	89.49
1742	90.435
1743	89.615
1743	89.75
1742	90.945
1742	90.935
1742	90.635
1741	91.885
1741	92.48
1741	92.565
1741	92.185
1741	92.305
1740	93.61
1740	93.375
1741	92.495
1740	93.745
1740	93.955
1740	93.6
1740	93.59
1740	94.005
1739	95.175
1740	93.845
1740	93.995
1739	95.505
1739	95.37
1740	94.195
1739	95.66
1739	95.92
1739	95.595
1739	95.755
1738	96.735
1738	96.835
1738	96.685
1738	96.985
1737	97.535
1738	96.935
1737	97.385
1737	97.735
1737	97.735
1737	97.385
1737	97.635
1736	99.15
1737	98.085
1737	97.735
1737	97.835
1736	99.35
1736	99.35
1737	97.985
1736	99.5
1736	99.9
1736	99.65
1736	99.6
1735	100.6
1736	100.3
1736	99.95
1735	100.6
1735	101
1735	100.85
1735	100.95
1734	102.125
1734	102.125
1734	101.825
1733	102.73
1733	103.03
1734	102.275
1734	102.175
1733	102.93
1733	103.23
1734	102.425
1733	103.03
1733	103.43
1733	103.43
1734	102.725
1733	103.48
1733	103.88
1733	103.88
1733	103.58
1732	105
1732	105.35
1732	105.15
1732	105.2
1732	105.6
1732	105.7
1732	105.55
1731	106.3
1731	106.45
1731	106.05
1731	106.25
1730	107.5
1731	106.45
1730	107.3
1730	107.65
1730	107.7
1731	106.65
1730	107.85
1730	108.1
1730	107.8
1730	107.8
1730	108.35
1729	108.8
1730	108.2
1729	109
1729	109.25
1729	108.85
1729	108.9
1728	109.75
1728	109.85
1728	109.5
1728	109.75
1728	110.1
1728	109.8
1728	109.8
1727	111.1
1728	110.2
1728	109.95
1727	111.25
1728	110.65
1728	110.35
1727	111.45
1727	111.8
1727	111.65
1727	111.65
1726	113.25
1726	113.45
1727	111.9
1726	113.5
1726	113.85
1726	113.5
1726	113.45
1725	114.45
1725	114.65
1726	113.65
1725	114.45
1725	114.9
1725	114.65
1725	114.6
1725	115.05
1725	115.15
1725	114.85
1724	115.9
1724	116.15
1724	115.85
1724	116.4
1724	116.55
1724	116.15
1723	116.95
1723	117.3
1723	117
1723	116.95
1722	118.25
1723	117.35
1723	117.1
1722	118.25
1722	118.6
1723	117.4
1722	118.4
1722	118.8
1722	118.9
1723	117.75
1722	118.95
1721	119.7
1722	119
1721	119.65
1721	120.05
1721	119.7
1720	121.25
1720	121.25
1720	121.3
1720	121.35
1720	121.25
1720	121.85
1720	121.6
1720	121.55
1719	122.45
1719	122.3
1719	122.2
1719	122.75
1719	122.65
1719	122.4
1718	123.35
1718	123.5
1719	122.6
1718	123.75
1718	123.45
1718	123.3
1718	123.85
1718	123.95
1718	123.6
1717	125.05
1717	124.9
1717	124.95
1717	125.35
1717	125.25
1717	125.05
1716	125.8
1716	126.1
1716	125.65
1716	125.65
1715	126.8
1716	126.2
1716	125.8
1715	126.85
1716	126.5
1716	126
1715	126.95
1715	127.3
1715	127.05
1716	126.4
1715	127.6
1715	127.7
1715	127.25
1714	128
1714	128.25
1714	128.15
1713	129.25
1714	128.1
1714	128.25
1713	129.45
1714	128.35
1714	128.5
1713	129.7
1713	129.35
1713	129.45
1712	130.6
1713	129.8
1713	129.7
1712	130.85
1712	130.85
1712	130.55
1711	131.7
1711	131.9
1712	130.75
1711	131.85
1711	132.2
1712	130.95
1711	131.95
1711	132.4
1712	131.2
1710	134.1
1711	132.65
1711	132.25
1710	134.2
1710	134.6
1710	134.1
1709	135.35
1710	134.35
1709	135.45
1710	135
1710	134.6
1709	135.6
1709	135.5
1709	135.7
1708	137
1708	136.65
1708	136.7
1708	137.25
1708	136.95
1708	136.9
1707	138.1
1708	137.15
1708	137.15
1707	138.3
1708	137.2
1707	138.25
1707	138.45
1707	138.05
1706	139.1
1706	138.8
1706	139.2
1706	139.55
1706	139
1706	139.45
1706	139.7
1706	139.55
1705	140.55
1706	139.55
1705	140.5
1705	140.85
1705	140.4
1704	141.4
1704	141.85
1704	141.6
1704	142.05
1704	141.8
1704	141.55
1704	142.2
1704	141.85
1704	141.95
1703	142.75
1703	142.6
1704	142.05
1702	142.85
1702	143.1
1703	142.65
1702	142.85
1702	143.35
1702	142.95
1702	143.55
1702	143.15
1702	143.2
1702	143.7
1702	143.5
1702	143.2
1701	143.3
1701	143.3
1701	142.85
1700	143.55
1701	143.65
1701	143.1
1700	143.8
1700	144
1701	143.35
1701	143.55
1700	144.1
1700	144.05
1700	143.7
1700	144.25
1700	144.4
1700	144
1699	145.15
1699	145.25
1699	144.8
1699	145.25
1699	145.45
1699	145
1699	145.45
1699	145.65
1699	145.1
1698	145.85
1698	146.15
1698	145.7
1698	146
1697	148.1
1698	146.05
1698	146.05
1697	148.25
1697	148.05
1698	146.15
1697	148.45
1697	148.35
1698	146.35
1697	148.6
1697	148.7
1697	148.25
1696	149.45
1696	149.5
1696	149
1696	149.45
1695	150.1
1696	149.15
1696	149.35
1695	150.2
1696	149.6
1695	149.9
1695	150.4
1695	150.25
1695	150.5
1694	151.15
1695	150.15
1694	151.25
1694	151.25
1694	151.2
1694	151.5
1695	150.4
1694	151.25
1694	151.65
1694	151.35
1694	151.25
1693	152.05
1693	152
1693	151.7
1692	152.85
1693	152.1
1693	151.75
1692	153.1
1693	152.15
1692	152.75
1692	153.2
1692	152.8
1692	152.75
1691	153.8
1691	153.45
1691	153.65
1691	153.95
1691	153.4
1691	154.05
1691	154.3
1691	153.75
1690	154.8
1690	155.1
1689	155.7
1690	155.55
1690	155.05
1689	155.9
1689	155.95
1689	155.6
1688	156.85
1688	156.7
1688	156.5
1688	157.05
1688	156.75
1688	156.55
1688	157.05
1688	157.05
1689	156.05
1688	157.2
1687	157.9
1688	156.9
1687	157.75
1686	158.2
1687	157.6
1686	157.85
1686	158.3
1687	157.85
1687	157.8
1686	158.35
1687	158
1686	158
1685	159.35
1686	158.15
1685	159.05
1685	159.4
1686	158.2
1685	159.5
1685	159.6
1686	158.35
1685	159.6
1685	159.7
1685	159.35
1684	159.9
1684	159.95
1684	159.6
1684	159.95
1683	160.75
1684	159.7
1684	160.3
1684	160.15
1684	159.9
1683	160.95
1683	160.9
1683	160.6
1682	161.35
1682	161.5
1683	160.7
1682	161.3
1682	161.6
1683	160.8
1682	161.35
1682	161.7
1682	161.4
1682	161.45
1681	162.05
1682	161.75
1681	161.8
1681	162.2
1681	162.05
1681	161.8
1681	162.1
1681	162.4
1681	162
1681	162.2
1681	162.55
1681	162.1
1680	162.25
1680	162.65
1680	162.25
1679	163.25
1680	162.3
1680	162.35
1679	163.35
1680	162.45
1679	163.15
1679	163.5
1679	163.1
1678	163.75
1679	163.55
1679	163.15
1678	163.7
1678	163.9
1679	163.3
1678	163.75
1678	164.1
1678	163.65
1677	164.2
1677	164.6
1677	164.25
1677	164.25
1677	164.6
1678	163.9
1677	164.3
1677	164.65
1677	164.4
1676	164.8
1676	165.15
1676	164.9
1676	164.9
1675	165.8
1676	165
1676	165
1676	165.4
1676	165.1
1675	166.1
1675	165.8
1674	166.35
1674	166.15
1675	166.05
1674	166.4
1674	166.2
1673	166.75
1673	166.4
1673	166.75
1673	166.65
1673	166.6
1674	166.5
1673	166.85
1673	166.8
1672	167.95
1672	167.75
1672	167.65
1672	167.95
1672	167.75
1672	167.75
1671	167.85
1671	167.65
1671	167.7
1670	168.6
1671	167.75
1671	167.8
1671	168.15
1671	167.85
1670	168.9
1670	168.65
1670	168.7
1670	168.9
1670	168.7
1670	169
1670	168.7
1669	169.15
1668	169.85
1668	169.6
1668	169.85
1669	169.05
1668	169.95
1668	169.95
1667	170.25
1667	170.3
1668	170
1667	170.3
1667	170.5
1668	170.05
1666	170.85
1666	170.75
1666	171.05
1666	170.95
1666	171
1665	171.45
1665	171.4
1665	171.45
1665	171.55
1664	172.05
1664	172.05
1663	172.3
1664	172.1
1663	172.5
1663	172.6
1663	172.4
1662	172.9
1662	172.85
1663	172.6
1662	173
1662	172.9
1661	173.5
1662	172.95
1661	173.5
1662	173.15
1661	173.7
1661	173.75
1660	174.05
1661	173.7
1660	174.2
1661	173.75
1660	174.1
1660	174.05
1659	174.65
1659	174.7
1660	174.35
1659	174.9
1658	175.1
1658	175.25
1658	175.2
1658	175.35
1657	175.75
1657	175.75
1658	175.35
1657	176
1657	176
1656	176.45
1656	176.4
1656	176.6
1656	176.5
1655	176.9
1655	177.1
1655	177.05
1655	177.05
1654	177.3
1653	177.8
1654	177.25
1654	177.45
1653	177.9
1653	177.9
1653	178.05
1653	178.05
1652	178.2
1651	178.6
1652	178.4
1652	178.45
1651	178.8
1651	178.75
1650	179.15
1651	178.85
1651	178.95
1650	179.25
1650	179.3
1649	179.85
1650	179.5
1650	179.5
1649	180
1649	179.95
1648	180.35
1649	180
1648	180.4
1648	180.4
1647	180.8
1648	180.5
1647	180.85
1648	180.65
1647	180.95
1647	180.95
1646	181.25
1647	181
1646	181.25
1646	181.25
1646	181.3
1645	181.6
1645	181.65
1646	181.4
1645	181.8
1646	181.55
1644	182.1
1645	181.9
1645	181.95
1644	182.2
1644	182.25
1643	182.5
1644	182.4
1643	182.6
1644	182.4
1643	182.65
1643	182.65
1643	182.7
1643	182.8
1642	183.3
1642	183.4
1641	183.6
1641	183.65
1642	183.55
1641	183.75
1641	183.7
1640	183.95
1641	183.65
1641	183.7
1641	183.8
1640	184.1
1640	184.2
1639	184.6
1640	184.25
1639	184.7
1639	184.75
1638	185.05
1639	184.8
1638	185.05
1639	184.8
1638	185.05
1638	185.2
1638	185.2
1638	185.3
1637	185.65
1636	185.9
1637	185.75
1637	185.8
1637	185.75
1636	186
1636	186
1636	186.05
1636	186.1
1636	186.2
1635	186.5
1635	186.6
1635	186.6
1635	186.65
1635	186.65
1634	186.95
1634	186.95
1634	187.05
1634	186.95
1633	187.25
1633	187.35
1633	187.35
1633	187.45
1633	187.45
1632	187.85
1632	187.9
1632	187.9
1633	187.7
1631	188.1
1631	188.1
1631	188.2
1631	188.2
1631	188.3
1631	188.3
1630	188.75
1630	188.75
1630	188.85
1630	188.8
1631	188.5
1630	188.9
1629	189
1630	188.9
1629	189.05
1630	188.9
1629	189.1
1629	189.15
1628	189.5
1628	189.45
1629	189.35
1629	189.3
1629	189.4
1628	189.7
1627	190.05
1628	189.8
1628	189.75
1628	189.85
1627	190.2
1627	190.3
1626	190.35
1627	190.3
1627	190.35
1627	190.4
1626	190.55
1626	190.6
1626	190.55
1625	191
1625	191.1
1625	191.05
1625	191.15
1624	191.3
1624	191.35
1624	191.45
1624	191.4
1624	191.5
1624	191.45
1624	191.55
1623	191.95
1623	192.05
1623	192.05
1623	192
1622	192.2
1622	192.2
1622	192.25
1622	192.25
1622	192.3
1622	192.3
1621	192.55
1621	192.55
1622	192.45
1621	192.65
1621	192.7
1620	192.95
1621	192.75
1620	193
1620	193.05
1619	193.2
1619	193.2
1619	193.2
1620	193.05
1620	193.15
1619	193.3
1619	193.35
1619	193.35
1619	193.45
1618	193.55
1618	193.75
1618	193.75
1618	193.9
1618	193.85
1618	193.95
1617	194.35
1617	194.3
1618	194.05
1617	194.35
1617	194.45
1617	194.55
1616	194.6
1617	194.5
1616	194.7
1617	194.6
1616	194.85
1616	194.85
1616	194.95
1616	194.9
1616	194.95
1615	195.1
1615	195.2
1614	195.35
1615	195.3
1614	195.45
1615	195.45
1614	195.6
1613	195.8
1613	195.95
1613	195.9
1612	196
1613	196.05
1612	196.1
1612	196.2
1611	196.4
1611	196.45
1612	196.25
1611	196.55
1611	196.6
1611	196.55
1610	197.2
1610	197.1
1610	197.25
1610	197.25
1610	197.25
1609	197.4
1609	197.45
1610	197.45
1608	197.7
1609	197.65
1608	197.8
1608	197.95
1608	197.85
1607	198.1
1608	197.95
1607	198.05
1607	198.15
1607	198.1
1607	198.25
1607	198.2
1606	198.5
1606	198.5
1606	198.45
1606	198.55
1605	198.9
1605	199.1
1605	199.05
1604	199.15
1605	199.2
1604	199.25
1604	199.4
1604	199.45
1603	199.45
1603	199.65
1602	199.75
1603	199.65
1603	199.65
1602	199.9
1602	200
1602	200.1
1601	200.25
1601	200.2
1602	200.2
1600	200.6
1600	200.7
1600	200.7
1599	200.9
1600	200.9
1600	200.8
1599	201.15
1599	201.1
1598	201.5
1598	201.5
1598	201.55
1597	201.6
1597	201.75
1598	201.75
1596	202
1596	201.95
1597	201.9
1595	202.25
1596	202.2
1596	202.1
1595	202.45
1595	202.4
1595	202.5
1595	202.5
1594	202.6
1594	202.7
1594	202.65
1594	202.8
1593	202.9
1593	203.1
1593	203.15
1593	203.1
1593	203.25
1593	203.15
1592	203.4
1592	203.4
1592	203.4
1592	203.5
1591	203.55
1591	203.7
1591	203.65
1590	204.05
1591	203.75
1590	204.05
1590	204.2
1590	204.1
1590	204.25
1589	204.25
1589	204.3
1589	204.45
1588	204.65
1589	204.55
1588	204.75
1588	204.9
1588	204.85
1588	204.8
1588	204.95
1587	205
1587	205.05
1587	205
1587	205.15
1586	205.2
1587	205.25
1586	205.25
1585	205.45
1586	205.3
1586	205.35
1585	205.3
1585	205.4
1585	205.4
1584	205.5
1584	205.7
1584	205.6
1584	205.75
1583	206
1584	205.8
1583	206.1
1584	205.85
1582	206.25
1583	206.2
1583	206.35
1583	206.2
1583	206.35
1582	206.25
1583	206.35
1582	206.3
1582	206.35
1582	206.5
1581	206.5
1581	206.55
1581	206.6
1581	206.55
1580	206.75
1580	206.6
1581	206.75
1580	206.7
1580	206.8
1580	206.75
1580	206.9
1579	207.2
1579	207.35
1579	207.35
1578	207.35
1579	207.5
1578	207.4
1578	207.5
1578	207.5
1579	207.65
1577	207.6
1577	207.7
1577	207.8
1577	207.7
1577	207.8
1576	207.75
1576	207.95
1577	207.8
1576	207.95
1576	207.9
1575	208.1
1576	207.9
1575	208.1
1576	208
1575	208.05
1575	208.25
1574	208.4
1575	208.2
1574	208.6
1574	208.55
1573	208.95
1574	208.65
1573	208.95
1573	208.9
1573	208.85
1573	208.95
1572	208.85
1573	209
1572	208.9
1572	209.1
1572	208.95
1572	209.15
1571	209.3
1571	209.3
1571	209.35
1570	209.4
1571	209.45
1570	209.45
1570	209.7
1569	209.7
1570	209.75
1569	209.8
1569	209.9
1569	209.85
1568	210.05
1568	210.05
1568	210.05
1568	210
1568	210.2
1568	210.1
1567	210.45
1567	210.5
1567	210.45
1568	210.25
1567	210.65
1566	210.65
1566	210.75
1566	210.75
1565	210.9
1565	210.8
1565	210.9
1565	210.9
1565	211
1565	210.85
1565	211.05
1564	210.9
1564	211
1565	211
1563	211.3
1564	211
1563	211.25
1564	211.15
1563	211.25
1564	211.25
1562	211.55
1563	211.5
1563	211.4
1562	211.75
1562	211.75
1562	211.75
1561	211.9
1561	211.85
1562	211.9
1560	211.85
1561	212.05
1561	211.85
1560	212.05
1560	212
1560	212.15
1559	212.3
1559	212.25
1559	212.5
1558	212.6
1559	212.5
1558	212.6
1558	212.75
1558	212.7
1557	212.75
1557	212.8
1557	212.7
1558	212.85
1557	212.75
1557	213
1556	212.85
1556	213.05
1556	212.85
1555	213.3
1556	213.05
1555	213.3
1556	213.15
1555	213.3
1555	213.55
1554	213.5
1554	213.55
1554	213.6
1553	213.55
1554	213.75
1553	213.6
1553	213.85
1553	213.7
1553	213.8
1552	213.95
1553	213.95
1552	214
1552	214.2
1552	214.05
1551	214.4
1551	214.45
1551	214.35
1551	214.55
1550	214.5
1551	214.55
1550	214.6
1550	214.65
1550	214.6
1550	214.75
1549	214.75
1550	214.8
1549	214.8
1549	215.1
1549	214.9
1548	215.15
1548	215
1548	215.1
1548	215.1
1548	215
1548	215.2
1547	214.9
1547	215.15
1547	215
1546	215.45
1547	215.1
1546	215.45
1546	215.45
1546	215.4
1546	215.55
1545	215.75
1545	215.95
1545	215.9
1545	216
1544	216.15
1544	216.05
1544	216.25
1543	216.1
1544	216.3
1543	216.15
1543	216.3
1543	216.15
1543	216.4
1542	216.25
1542	216.4
1542	216.35
1542	216.55
1542	216.45
1542	216.6
1541	216.75
1541	217
1541	216.9
1540	217.15
1541	217.05
1540	217.05
1540	217.3
1540	217.1
1539	217.4
1539	217.35
1539	217.2
1539	217.45
1538	217.15
1538	217.3
1538	217.45
1538	217.25
1538	217.5
1537	217.35
1538	217.5
1537	217.45
1536	217.6
1537	217.5
1535	217.65
1536	217.6
1535	217.6
1536	217.65
1536	217.4
1536	217.7
1535	217.6
1536	217.75
1535	217.8
1535	217.95
1535	217.8
1535	218.05
1534	218.1
1534	218.4
1534	218.25
1534	218.5
1533	218.4
1533	218.5
1533	218.45
1532	218.45
1533	218.6
1532	218.45
1532	218.7
1532	218.5
1531	218.65
1532	218.75
1531	218.65
1531	218.8
1531	218.85
1531	218.9
1530	218.85
1531	219.05
1529	218.95
1530	219.1
1529	219
1529	219.15
1529	219.25
1529	219.1
1529	219.35
1528	219.3
1528	219.35
1528	219.4
1528	219.3
1528	219.5
1527	219.45
1527	219.7
1527	219.6
1527	219.8
1526	219.55
1527	219.85
1527	219.65
1526	219.9
1525	219.75
1526	220
1525	219.9
1525	220.1
1525	220
1525	220.05
1525	220.15
1525	219.95
1525	220.15
1524	220.1
1524	220.4
1524	220.1
1524	220.35
1523	220.5
1524	220.3
1523	220.65
1523	220.55
1523	220.6
1523	220.7
1523	220.75
1522	220.4
1522	220.75
1522	220.55
1522	220.8
1521	220.9
1521	220.75
1521	220.9
1521	220.6
1521	220.95
1521	220.75
1521	220.9
1520	221.15
1521	220.85
1521	221
1520	221.15
1520	221.25
1519	221.1
1519	221.35
1519	221
1519	221.35
1518	221.35
1519	221.3
1518	221.4
1518	221.4
1518	221.55
1518	221.5
1517	221.55
1518	221.55
1518	221.7
1517	221.4
1517	221.7
1516	221.5
1516	221.7
1516	221.65
1515	222.05
1516	221.75
1515	221.9
1515	222.05
1515	222.15
1515	222.05
1515	222.2
1515	221.95
1515	222.25
1514	221.9
1514	222.25
1513	221.95
1514	222.3
1513	222.05
1513	222.25
1513	222.2
1513	222.25
1513	222.25
1513	222.45
1512	222.25
1512	222.6
1511	222.65
1512	222.6
1511	222.65
1511	222.9
1511	222.75
1511	222.7
1511	223
1511	222.8
1511	223
1510	222.75
1511	223.05
1510	222.75
1510	222.95
1509	222.9
1510	223.05
1509	222.8
1509	223.2
1508	223.25
1509	223.2
1508	223.35
1508	223.4
1508	223.5
1507	223.4
1508	223.6
1507	223.4
1507	223.6
1507	223.7
1506	223.55
1507	223.8
1506	223.35
1506	223.65
1506	223.3
1506	223.65
1505	223.6
1505	223.95
1505	223.6
1505	223.9
1504	223.7
1505	224
1504	223.75
1504	224.05
1504	223.95
1504	223.95
1504	224.1
1503	223.6
1504	224.15
1502	224.2
1503	223.95
1502	224.3
1502	224.1
1502	224.45
1502	224.1
1502	224.4
1502	224.2
1502	224.3
1501	224.5
1501	224.25
1502	224.55
1500	224.35
1501	224.65
1501	224.65
1500	224.35
1500	224.55
1500	224.6
1500	224.55
1500	224.5
1499	224.65
1499	224.55
1499	224.55
1498	224.65
1499	224.75
1498	224.7
1498	225
1498	224.85
1498	224.85
1498	224.9
1497	224.75
1497	224.95
1496	224.7
1497	224.95
1496	224.9
1496	224.7
1496	225.05
1496	224.7
1496	225.15
1496	224.9
1496	225.15
1495	224.95
1495	224.75
1496	225.25
1494	224.8
1495	225.1
1494	224.75
1494	225.1
1494	224.7
1495	225.1
1494	224.75
1494	225.2
1493	224.875
1494	225.2
1492	225.6
1493	225.325
1492	225.55
1493	225.425
1492	225.6
1492	226
1492	225.65
1491	226.2
1491	226.05
1491	226.25
1491	226
1491	226.25
1490	225.95
1490	226.05
1490	226
1489	226.1
1490	225.9
1489	226.2
1489	225.85
1489	226.3
1489	225.9
1489	226.3
1488	226.35
1488	226.75
1488	226.55
1489	226.4
1487	226.4
1488	226.8
1487	226.65
1487	226.85
1487	226.75
1487	226.45
1487	226.9
1486	226.45
1487	226.85
1486	226.5
1486	226.9
1485	226.65
1486	226.95
1485	226.65
1485	226.9
1485	227.1
1484	227.05
1485	227.15
1484	227.25
1484	227.4
1484	227.2
1484	227.45
1483	227.5
1484	227.15
1484	227.55
1483	227.4
1483	227.35
1483	227.55
1482	227.25
1483	227.55
1482	227.25
1482	227.55
1483	227.65
1482	227.25
1482	227.75
1481	227.5
1482	227.75
1481	227.7
1481	227.7
1481	227.9
1481	227.45
1481	227.85
1480	227.65
1481	227.95
1479	227.45
1480	227.95
1479	227.5
1479	227.85
1479	227.6
1479	227.9
1478	227.7
1479	227.9
1478	227.8
1478	228.2
1478	227.8
1478	228.3
1477	227.75
1478	228.3
1477	227.75
1477	228.2
1476	227.9
1476	228.2
1476	228
1476	228.25
1475	228.05
1476	228.25
1475	228.1
1475	228.45
1475	228.1
1475	228.5
1474	228.4
1475	228.4
1474	228.4
1474	228.55
1473	228.5
1474	228.6
1474	228.65
1473	228.6
1474	228.65
1472	228.45
1473	228.8
1472	228.6
1472	228.6
1472	228.85
1472	228.8
1472	228.9
1472	228.8
1472	229
1471	228.9
1471	228.85
1471	228.85
1470	228.9
1470	228.65
1470	229.05
1470	228.85
1470	229.1
1470	229
1470	229.2
1468	228.8
1469	229.15
1468	229
1468	229.1
1468	229
1468	229.1
1468	229.2
1467	228.95
1467	229.25
1467	228.85
1467	229.1
1467	229.3
1467	228.95
1467	229.3
1466	229.2
1466	229.7
1466	229.3
1466	229.7
1465	229.3
1466	229.75
1465	229.25
1465	229.7
1465	229.65
1464	229.25
1465	229.7
1463	229.4
1464	229.7
1463	229.45
1464	229.65
1463	229.45
1463	229.9
1463	229.55
1463	229.95
1462	229.6
1462	230.1
1462	229.55
1462	230.05
1461	229.7
1461	230.15
1461	229.85
1461	230.15
1460	229.7
1460	230
1460	229.9
1459	230.25
1460	230.05
1459	230.3
1459	230.2
1458	230.2
1459	230.3
1458	230.2
1458	230.25
1458	230.25
1458	230
1458	230.4
1457	230
1457	230.2
1457	230.25
1457	230
1458	230.45
1457	230.05
1457	230.5
1456	229.95
1456	230.45
1456	230.15
1456	230.45
1455	230.25
1456	230.45
1455	230.6
1455	230.4
1455	230.65
1454	230.45
1455	230.7
1454	230.4
1455	230.7
1453	230.3
1454	230.85
1453	230.45
1453	230.75
1453	230.45
1453	230.75
1452	230.5
1452	230.75
1451	230.6
1451	230.8
1451	230.55
1451	230.65
1451	230.65
1450	230.35
1451	230.7
1450	230.35
1451	230.85
1450	230.45
1450	230.9
1449	230.7
1450	230.9
1449	230.7
1449	230.95
1449	230.9
1448	231
1448	231
1448	230.95
1448	231.15
1448	230.8
1448	231.2
1447	230.95
1447	231.35
1446	231
1447	231.35
1446	231
1446	231.45
1446	231
1445	231.45
1445	231.35
1445	231.3
1445	231.45
1444	231.4
1445	231.65
1444	231.15
1444	231.6
1444	231.2
1444	231.55
1443	231.25
1444	231.6
1443	231.45
1442	231.5
1443	231.7
1442	231.6
1442	231.25
1442	231.7
1442	231.75
1441	231.2
1441	231.65
1440	231.45
1440	231.8
1440	231.45
1440	231.8
1440	231.6
1439	232
1439	231.9
1439	232.05
1438	231.35
1439	232.1
1438	231.7
1438	231.7
1438	231.85
1438	231.4
1438	231.8
1438	231.75
1437	231.75
1437	232.05
1437	231.7
1436	232
1436	232.05
1435	231.85
1436	232.15
1435	231.75
1435	232
1435	232.15
1434	231.8
1435	232.25
1434	232.3
1434	232.2
1433	232.1
1434	232.35
1433	232.45
1432	232.1
1432	232.55
1432	232.5
1431	232.6
1431	232.2
1432	232.55
1430	232.15
1430	232.55
1430	232.5
1430	232.35
1430	232.65
1429	232.35
1430	232.75
1429	232.6
1428	232.75
1429	232.8
1429	232.85
1428	232.7
1427	232.85
1428	233.1
1427	232.95
1426	232.65
1427	233.2
1426	232.55
1426	233
1426	232.8
1425	233.25
1425	233.25
1424	233
1425	233.4
1424	233
1424	233.45
1424	233.1
1424	233.4
1424	233.35
1423	232.85
1424	233.45
1423	232.75
1423	233.2
1422	233.55
1421	233.25
1422	233.65
1421	233.2
1422	233.75
1421	233.5
1420	233.4
1421	233.45
1420	233.35
1420	233.25
1419	233.4
1420	233.55
1419	233.45
1419	233.6
1419	233.75
1419	233.7
1418	233.5
1419	233.8
1418	233.3
1418	233.6
1418	233.2
1418	233.75
1417	233.55
1417	234
1417	233.55
1417	234
1416	233.6
1416	233.85
1416	233.7
1415	234
1416	233.85
1415	233.85
1415	234.2
1414	233.7
1415	234.2
1414	233.65
1415	234.3
1413	234.1
1414	234
1413	234.15
1414	233.9
1413	234.05
1413	234
1413	234.4
1413	234
1413	234.5
1412	234
1412	234.25
1411	234.3
1412	234.25
1411	234.35
1411	234.3
1411	234.4
1410	234.35
1410	234.45
1410	234.35
1410	234.55
1409	234
1409	234.4
1409	233.95
1409	234.35
1409	233.95
1409	234.45
1408	234.4
1408	234.85
1408	234.55
1407	234.8
1407	234.75
1407	234.55
1407	234.75
1406	234.45
1407	234.85
1405	234.55
1406	234.85
1406	234.35
1406	234.85
1405	234.65
1405	235.1
1405	234.7
1405	235.05
1404	234.45
1404	234.6
1404	234.55
1404	234.7
1403	234.9
1403	234.95
1403	235.05
1402	234.7
1403	235.05
1402	234.65
1402	234.95
1402	234.55
1402	235.05
1401	234.85
1402	235.05
1401	235
1400	235.15
1400	235.05
1400	235
1400	235.05
1399	235.1
1400	235.2
1399	234.9
1400	235.2
1399	234.95
1399	235.5
1398	234.75
1398	235.25
1398	234.75
1398	235.25
1397	235.05
1397	235.5
1397	235.25
1397	235.45
1397	235.35
1396	235.45
1396	235.6
1395	235.4
1396	235.65
1395	235.35
1395	235.65
1394	235.4
1395	235.7
1394	235.45
1395	235.7
1393	235.4
1394	235.9
1393	235.3
1393	235.7
1393	235.55
1392	235.55
1393	235.7
1392	235.6
1392	235.7
1391	235.7
1392	235.8
1391	235.45
1392	235.75
1391	235.7
1391	235.65
1390	235.35
1390	235.55
1390	235.2
1390	235.45
1389	235.2
1390	235.35
1389	234.95
1390	235.3
1388	234.9
1389	235.25
1388	234.85
1389	235.25
1388	234.75
1388	235.2
1387	234.625
1388	235.15
1386	234.65
1387	235.075
1386	234.65
1387	235.075
1386	234.65
1386	235.1
1386	234.75
1386	235.2
1385	234.95
1385	235.1
1385	235.25
1384	234.9
1384	235.35
1384	235.1
1383	235.05
1383	235.1
1383	234.9
1383	235.1
1382	235.05
1383	235.25
1381	235.1
1383	235.3
1382	235.05
1382	235.55
1381	235.15
1382	235.55
1381	235.2
1381	235.55
1380	235.4
1379	235.1
1380	235.6
1380	235.3
1379	234.95
1380	235.65
1378	235.4
1378	235.7
1379	235.35
1378	235.3
1378	235.75
1377	235.35
1378	235.75
1377	235.45
1377	235.75
1377	235.7
1376	235.35
1376	235.65
1376	235.2
1376	235.7
1375	235.4
1376	235.75
1374	235.6
1375	235.85
1374	235.6
1374	235.95
1374	235.65
1374	235.8
1373	235.8
1373	235.8
1373	235.8
1372	235.75
1373	235.9
1372	235.45
1372	235.9
1372	235.45
1372	235.9
1371	235.65
1371	236.05
1371	235.7
1371	236.1
1371	235.85
1370	236.05
1370	235.85
1370	235.95
1370	236
1369	235.6
1369	235.9
1368	235.85
1369	236
1368	235.85
1369	236.1
1367	235.8
1367	236.1
1367	235.9
1367	236.05
1367	235.95
1367	236
1366	236.1
1366	236.2
1366	236.1
1365	236
1365	236.25
1364	235.95
1365	236.2
1364	235.95
1365	236.2
1364	235.85
1365	236.35
1364	235.9
1364	236.4
1363	236.1
1364	236.4
1363	236.1
1363	236.5
1362	236.15
1362	236.5
1362	236.3
1362	236.5
1361	236.2
1362	236.5
1361	236.35
1360	236.05
1361	236.45
1360	236.1
1360	236.4
1359	236.05
1360	236.45
1359	236.1
1360	236.4
1359	236.1
1359	236.6
1358	236.15
1358	236.5
1357	236.25
1357	236.55
1358	236.3
1357	236.35
1357	236.35
1357	236.45
1357	236.45
1356	236.25
1356	236.65
1356	236.2
1356	236.65
1355	236.2
1355	236.7
1355	236.25
1355	236.65
1354	236.4
1355	236.65
1354	236.55
1354	236.65
1354	236.6
1353	236.75
1353	236.55
1353	236.6
1353	236.65
1352	236.4
1352	236.5
1352	236.4
1352	236.6
1351	236.4
1351	236.7
1350	236.3
1351	236.75
1350	236.25
1351	236.8
1350	236.2
1351	236.75
1349	236.65
1349	236.9
1349	236.9
1348	236.95
1349	236.85
1348	236.9
1349	237
1348	236.9
1348	236.8
1348	237.05
1347	236.8
1347	236.95
1347	236.9
1346	236.825
1347	237
1346	236.825
1346	237.025
1345	236.7
1346	237.025
1345	236.65
1346	237.025
1344	236.7
1345	237.05
1344	236.8
1345	237.1
1344	236.75
1344	237.25
1343	236.65
1343	237.1
1342	236.6
1343	237.05
1342	236.55
1343	237.1
1342	236.6
1342	237.1
1342	236.75
1341	237.3
1341	237.05
1341	237.25
1341	237.15
1340	237
1340	237.2
1339	236.85
1340	237.25
1339	236.85
1340	237.35
1339	236.8
1339	237.25
1338	237
1339	237.25
1338	236.95
1338	237.4
1337	236.9
1338	237.45
1337	236.95
1337	237.4
1337	237.15
1336	237.05
1336	236.85
1335	237.25
1336	237.05
1335	237
1335	237.25
1334	237.05
1335	237.35
1334	237
1335	237.3
1334	236.95
1334	237.45
1333	236.8
1333	237.15
1333	236.95
1333	237.15
1333	237
1332	237.15
1332	237.1
1331	236.85
1332	237.25
1330	236.95
1331	237.1
1330	236.85
1331	237
1330	237.1
1330	237.05
1329	237.05
1330	237.2
1329	236.95
1330	237.2
1328	236.9
1329	237.2
1328	236.8
1329	237.25
1327	236.9
1328	237.2
1327	236.95
1328	237.15
1327	236.85
1328	237.2
1326	236.9
1327	237.35
1326	236.95
1326	237.45
1326	237.15
1325	237.3
1325	237.15
1324	237.3
1325	237.4
1324	237.1
1325	237.5
1324	237.3
1323	237.45
1324	237.4
1323	237.5
1323	237.5
1322	237.4
1323	237.65
1322	237.3
1322	237.7
1321	237.3
1322	237.7
1321	237.25
1321	237.65
1320	237.1
1321	237.65
1320	237.3
1320	237.4
1320	237.4
1319	237.55
1319	237.55
1318	237.45
1319	237.65
1318	237.3
1319	237.7
1318	237.3
1318	237.75
1317	237.35
1318	237.75
1317	237.3
1317	237.8
1317	237.45
1316	237.8
1316	237.6
1316	237.7
1316	237.75
1315	237.25
1315	237.4
1315	237.35
1315	237.45
1314	237.35
1315	237.6
1313	237.4
1314	237.8
1313	237.35
1313	237.75
1313	237.4
1313	237.8
1312	237.15
1313	237.85
1312	237.2
1311	237.8
1311	237.7
1311	237.5
1311	237.85
1310	237.4
1311	237.9
1310	237.45
1311	237.9
1310	237.6
1309	237.65
1309	237.6
1308	237.55
1309	237.75
1308	237.45
1308	237.95
1308	237.5
1308	237.85
1307	237.8
1307	237.75
1307	237.85
1306	237.5
1306	237.85
1305	237.4
1306	237.75
1305	237.35
1306	237.8
1305	237.35
1306	237.85
1305	237.4
1305	237.9
1304	237.25
1304	237.65
1303	237.65
1303	238
1303	237.6
1303	237.95
1303	237.8
1302	237.95
1302	237.7
1302	238
1302	237.8
1301	237.85
1301	237.7
1301	237.85
1301	237.7
1300	237.8
1300	237.9
1299	237.7
1300	238.05
1299	237.55
1299	238.05
1299	237.6
1299	238
1298	237.7
1298	238
1298	237.9
1297	237.75
1298	238
1297	237.65
1298	238.1
1296	237.7
1297	238.05
1296	237.65
1297	238.1
1296	237.75
1296	238.1
1295	237.7
1295	238.05
1295	237.7
1295	237.95
1294	237.8
1294	238
1294	237.8
1294	237.9
1294	237.9
1293	237.75
1293	237.9
1292	237.85
1293	237.9
1292	237.9
1292	238
1291	237.85
1291	238
1290	237.8
1291	238.1
1291	237.65
1291	238.05
1289	237.75
1290	238.05
1289	237.7
1290	238.05
1289	237.7
1289	238.15
1288	237.75
1289	238.2
1288	237.75
1288	238.05
1288	238.1
1287	237.75
1286	237.5
1287	238.2
1286	237.75
1286	237.45
1285	238.05
1286	237.85
1285	237.85
1285	238.2
1285	238
1283	237.9
1284	238
1283	237.8
1283	238
1283	238.1
1283	237.9
1282	238.15
1282	238.05
1281	237.85
1282	238.2
1281	237.65
1282	238.25
1281	237.75
1280	238.1
1280	238.1
1279	237.85
1280	238.1
1278	237.8
1279	238
1278	237.65
1279	238
1279	237.7
1278	237.9
1278	238.2
1277	237.7
1278	238.2
1277	237.7
1276	237.85
1276	237.5
1275	237.85
1276	237.7
1275	237.75
1276	237.75
1275	237.75
1276	237.9
1275	237.7
1275	238.15
1274	237.65
1274	238
1274	238
1273	237.75
1273	237.9
1272	237.75
1273	237.95
1272	237.6
1273	238
1272	237.6
1272	238.05
1271	237.55
1271	238
1271	237.55
1271	238
1271	237.7
1270	238
1270	237.75
1269	238
1269	237.85
1268	237.4
1269	237.95
1268	237.35
1269	238
1268	237.2
1268	237.65
1267	237.45
1268	237.65
1267	237.5
1267	237.95
1267	237.6
1267	237.95
1266	237.5
1266	237.8
1265	237.6
1265	237.7
1265	237.6
1264	237.65
1265	237.8
1264	237.6
1264	237.85
1263	237.625
1264	237.95
1263	237.375
1264	237.95
1263	237.375
1263	237.875
1262	237.55
1261	237.8
1261	237.5
1261	237.75
1262	237.7
1261	237.55
1261	237.65
1260	237.45
1261	237.75
1259	237.4
1260	237.7
1259	237.35
1260	237.8
1259	237.25
1260	237.75
1259	237.2
1259	237.75
1258	237.45
1258	237.8
1258	237.5
1257	237.65
1257	237.6
1256	237.5
1257	237.65
1256	237.45
1257	237.75
1255	237.4
1256	237.8
1255	237.4
1256	237.8
1255	237.45
1254	237.9
1254	237.45
1254	237.85
1254	237.45
1254	237.85
1253	237.35
1253	237.75
1253	237.5
1252	237.6
1252	237.6
1251	237.5
1252	237.55
1251	237.55
1252	237.6
1250	237.45
1251	237.65
1250	237.35
1251	237.65
1250	237.25
1250	237.6
1249	237.35
1250	237.6
1249	237.3
1250	237.65
1248	237.3
1249	237.8
1248	237.35
1247	237.7
1247	237.55
1246	237.5
1247	237.5
1246	237.4
1247	237.65
1246	237.35
1246	237.65
1245	237.35
1246	237.7
1245	237.3
1246	237.7
1244	237.3
1244	237.75
1244	237.4
1244	237.7
1244	237.4
1243	237.5
1243	237.5
1242	237.3
1243	237.55
1242	237.15
1243	237.7
1241	237.15
1242	237.65
1241	237.15
1242	237.6
1241	237.15
1241	237.65
1240	237
1240	237.4
1240	237.05
1239	237.6
1239	237.15
1239	237.55
1239	237.2
1239	237.55
1238	237.2
1238	237.6
1238	237.15
1237	237.45
1237	237.2
1236	237.35
1236	237.15
1235	237.15
1236	237.3
1235	237.05
1236	237.35
1234	236.85
1235	237.35
1233	236.65
1234	237.15
1233	236.55
1234	237.05
1233	236.45
1234	237.05
1233	236.45
1234	237.15
1233	236.6
1233	237.15
1232	236.9
1233	237.15
1232	236.9
1232	237.35
1231	236.5
1232	237.35
1231	236.55
1231	237
1230	236.95
1230	237.3
1230	237
1229	237.1
1229	237.15
1228	236.8
1229	237.2
1228	236.6
1229	237.3
1228	236.6
1228	237.05
1228	236.65
1227	237.15
1227	236.95
1226	237.25
1227	237.05
1226	237.05
1226	237.15
1224	236.95
1225	237.25
1224	236.7
1225	237.2
1224	236.75
1225	237.25
1224	236.7
1225	237.35
1223	236.65
1224	237.2
1223	236.75
1223	237.15
1222	236.75
1223	237.15
1222	236.8
1222	237.15
1221	236.8
1222	237.15
1221	236.85
1222	237.15
1220	236.85
1221	237.25
1219	236.85
1220	237.25
1220	236.75
1220	237.25
1219	236.75
1220	237.25
1219	236.75
1219	237.25
1218	236.7
1218	237.15
1217	236.8
1217	237.1
1217	236.9
1216	237
1216	236.7
1216	237
1216	236.8
1216	237
1216	236.8
1215	237
1215	236.9
1214	236.95
1215	236.9
1214	236.85
1214	237
1213	236.6
1214	237
1212	236.65
1213	237
1212	236.6
1213	237.05
1212	236.55
1212	237.05
1212	236.6
1211	237
1211	236.6
1210	237
1211	236.75
1210	236.95
1210	236.85
1209	236.7
1210	236.95
1209	236.65
1209	236.9
1208	236.55
1209	237
1208	236.55
1209	236.95
1208	236.5
1208	237
1207	236.55
1207	237
1207	236.5
1207	236.95
1206	236.5
1206	236.9
1206	236.6
1205	236.6
1205	236.4
1204	236.75
1205	236.55
1203	236.6
1205	236.55
1203	236.55
1204	236.9
1203	236.5
1204	236.9
1202	236.15
1203	236.85
1202	236.1
1202	236.6
1202	236.1
1202	236.6
1201	236.45
1201	236.9
1200	236.4
1201	236.9
1200	236.4
1200	236.8
1200	236.4
1199	236.85
1199	236.6
1198	236.7
1199	236.5
1198	236.75
1198	236.5
1198	236.8
1198	236.45
1197	236.75
1197	236.65
1196	236.5
1197	236.8
1196	236.55
1197	236.8
1195	236.3
1195	236.75
1195	236.45
1194	236.35
1195	236.7
1194	236.55
1193	236.35
1194	236.7
1193	236.35
1192	236.4
1193	236.65
1192	236.4
1191	236.45
1192	236.65
1191	236.25
1190	236.25
1191	236.65
1190	236.2
1190	236.65
1190	236.4
1189	236.5
1189	236.6
1188	236.05
1189	236.7
1188	235.95
1188	236.4
1187	236.15
1187	236.55
1187	236.15
1187	236.4
1187	236.5
1185	236.1
1186	236.55
1185	236.05
1185	236.45
1185	236.1
1184	236.1
1184	235.9
1183	236.1
1184	236.1
1182	235.8
1183	236.45
1181	236.05
1181	236.25
1181	235.95
1180	235.8
1182	235.7
1181	235.6
1182	235.9
1181	236.05
1180	235.75
1181	236.35
1180	235.85
1180	236.4
1180	236.25
1178	236.05
1180	236.4
1178	235.95
1178	236.4
1178	236
1178	236.4
1177	236
1176	236.15
1176	235.85
1175	236
1176	235.65
1176	235.8
1176	235.7
1175	235.85
1176	235.8
1175	235.9
1175	236.15
1174	235.9
1175	236.3
1174	236
1173	236.05
1173	236.05
1172	235.65
1172	236.05
1172	235.8
1171	235.6
1172	235.9
1171	235.5
1172	236
1171	235.7
1170	236
1170	235.95
1169	235.6
1170	236
1169	235.55
1170	236.05
1168	235.55
1169	235.8
1167	235.3
1169	235.8
1168	235.55
1168	236
1167	235.25
1167	235.7
1167	235.3
1166	235.8
1166	235.5
1165	235.85
1166	235.55
1164	235.6
1165	235.95
1165	235.45
1165	235.9
1164	235.55
1163	235.75
1164	235.8
1162	235.4
1163	235.8
1162	235.35
1163	235.8
1162	235.4
1162	235.8
1162	235.35
1161	235.8
1161	235.45
1160	235.7
1161	235.6
1160	235.6
1160	235.7
1159	235.5
1160	235.8
1158	235.45
1159	235.9
1158	235.4
1158	235.8
1158	235.35
1158	235.75
1157	235.25
1157	235.7
1157	235.6
1155	235.35
1156	235.55
1155	235.3
1156	235.55
1155	235.15
1156	235.6
1154	235.15
1155	235.65
1154	235.15
1154	235.6
1153	234.95
1153	235.2
1153	234.95
1153	235.25
1153	234.9
1152	235.25
1152	235.1
1151	235.55
1151	235.45
1150	235.35
1151	235.45
1150	235.1
1151	235.45
1150	235.05
1150	235.55
1149	234.9
1149	235.25
1149	235.2
1148	235.1
1148	235.25
1147	235.05
1148	235.3
1147	235.05
1147	235.3
1146	235
1147	235.3
1146	234.8
1147	235.3
1145	234.95
1146	235.25
1144	234.875
1146	235.25
1145	234.9
1145	235.4
1144	234.825
1144	235.325
1143	235
1143	235.3
1143	235
1143	235.35
1143	234.9
1143	235.35
1142	234.95
1142	235.4
1141	234.5
1141	234.95
1141	234.55
1141	234.95
1140	234.85
1141	234.95
1139	234.9
1140	235.3
1139	234.85
1140	235.3
1138	234.85
1139	235.25
1138	234.75
1139	235.25
1137	234.75
1138	235.15
1137	234.75
1138	235.2
1136	234.65
1137	235.2
1136	234.65
1136	235.1
1135	234.4
1136	235.05
1135	234.45
1136	235.05
1135	234.35
1134	234.95
1134	234.8
1134	234.9
1134	234.8
1132	234.75
1133	234.85
1132	234.8
1133	234.85
1131	234.45
1132	234.9
1131	234.55
1132	234.85
1130	234.5
1131	234.75
1130	234.55
1131	234.7
1130	234.65
1130	234.75
1129	234.75
1129	234.65
1128	234.6
1129	234.55
1128	234.65
1129	234.45
1128	234.6
1128	234.5
1128	234.75
1127	234.5
1127	234.9
1127	234.5
1127	234.9
1126	234.3
1127	234.85
1125	234.3
1126	234.75
1124	234.25
1125	234.75
1125	234.3
1125	234.75
1124	234.15
1124	234.7
1123	234.3
1124	234.7
1123	234.25
1124	234.65
1122	234.3
1123	234.75
1121	234.05
1122	234.65
1121	234.15
1121	234.3
1120	234.35
1121	234.1
1120	234.5
1121	234.1
1120	234.5
1120	234.3
1119	234.55
1119	234.25
1119	234.55
1118	234.15
1119	234.6
1118	234.1
1118	234.55
1118	234.05
1118	234.5
1117	233.95
1117	234.4
1116	234.1
1116	234.4
1116	234.05
1116	234.4
1116	234.05
1115	234.4
1115	233.95
1114	234.4
1114	234.15
1114	234.3
1114	234
1113	234.15
1114	234
1113	234.2
1113	234.1
1112	234.1
1113	234.1
1111	234
1112	234.15
1110	233.8
1112	234.2
1110	233.8
1111	234.1
1110	233.6
1111	234.2
1109	233.8
1110	234.1
1109	233.8
1109	234.2
1109	233.9
1108	233.85
1108	233.95
1107	233.7
1107	234.15
1106	233.4
1106	233.8
1106	233.3
1107	234
1106	233.4
1106	233.75
1105	233.65
1105	234.1
1105	233.65
1105	234.05
1104	233.6
1104	233.95
1104	233.6
1103	233.8
1103	233.5
1102	233.85
1102	233.7
1101	233.7
1102	233.75
1101	233.65
1102	233.8
1100	233.65
1101	233.65
1100	233.45
1101	233.8
1099	233.3
1099	233.75
1099	233.4
1098	233.2
1099	233.55
1098	233.25
1098	233.15
1097	233.35
1098	233.3
1096	233.3
1097	233.5
1096	233.4
1097	233.45
1096	233.45
1096	233.4
1095	233.35
1096	233.45
1094	233.45
1095	233.2
1094	233.4
1094	233.15
1094	233.4
1094	233
1094	233.4
1093	233.05
1093	233.45
1092	232.9
1092	233.3
1091	232.95
1091	233.2
1092	232.85
1091	233.15
1091	233.05
1090	233.05
1091	233.05
1089	232.75
1090	233.15
1088	232.75
1090	233.2
1088	232.65
1089	232.95
1088	232.65
1088	233.05
1087	232.55
1087	233
1087	232.7
1087	233
1086	232.3
1086	232.55
1086	232.45
1085	232.8
1085	232.85
1084	232.85
1085	232.8
1084	232.8
1084	232.7
1083	232.8
1084	232.8
1083	232.75
1083	232.8
1082	232.6
1083	232.85
1081	232.5
1082	232.75
1081	232.45
1082	232.7
1080	232.5
1081	232.6
1080	232.55
1081	232.5
1080	232.5
1080	232.5
1079	232.3
1080	232.65
1078	232.5
1080	232.65
1078	232.35
1078	232.8
1077	232.3
1078	232.7
1077	232.25
1078	232.7
1076	232.05
1077	232.7
1076	232.05
1076	232.5
1075	232.25
1076	232.45
1074	232.1
1075	232.65
1074	232.1
1075	232.6
1073	232.15
1074	232.5
1072	232.15
1074	232.45
1072	232.1
1073	232.45
1072	232.1
1072	232.5
1071	231.9
1072	232.5
1071	232
1071	232.35
1070	232.15
1070	232.45
1070	232.1
1069	232.3
1069	232.2
1068	232.05
1069	232.2
1067	231.75
1068	232.3
1067	231.7
1068	232.25
1066	231.95
1067	231.9
1066	231.9
1067	231.95
1065	231.9
1066	232.2
1065	231.8
1066	232.15
1064	231.65
1065	232.15
1064	231.7
1065	232.05
1063	231.75
1064	232.05
1062	232.05
1063	231.85
1062	232.1
1063	231.8
1062	232.05
1062	231.9
1061	231.95
1062	231.9
1061	231.95
1061	231.7
1060	232.05
1060	231.8
1060	232
1060	231.7
1060	232
1059	231.65
1058	232
1058	231.6
1059	231.9
1058	231.55
1058	232
1057	231.45
1057	231.75
1056	231.65
1057	231.65
1056	231.75
1057	231.5
1055	231.65
1056	231.6
1055	231.75
1055	231.3
1055	231.7
1054	231.2
1055	231.7
1053	231.3
1054	231.6
1053	231.25
1054	231.55
1052	231.25
1053	231.55
1052	231.4
1053	231.35
1052	231.45
1052	231.1
1051	231.55
1051	231.1
1051	231.55
1050	231.05
1051	231.45
1050	231.1
1050	231.45
1049	231.05
1050	231.5
1048	230.9
1049	231.3
1047	231
1048	231.3
1047	230.95
1048	231.15
1047	231.1
1048	231.05
1047	231.2
1047	230.9
1046	231.45
1046	231.1
1046	231.5
1045	231
1046	231.45
1044	230.95
1045	231.35
1044	231.2
1044	231.1
1043	231.05
1044	231.1
1044	231.3
1043	230.7
1044	231.35
1042	230.7
1043	231.15
1041	230.75
1043	231.05
1041	230.9
1042	231.05
1041	231.1
1041	230.8
1041	231.15
1040	230.85
1041	231.05
1039	230.7
1040	231.25
1038	231
1039	231
1038	231.1
1039	230.85
1038	231.1
1038	230.8
1038	231.15
1038	230.75
1038	231.2
1037	230.7
1037	231.15
1035	230.65
1036	231.05
1035	230.85
1036	230.85
1035	230.95
1035	230.6
1035	231.05
1034	230.5
1035	231
1034	230.5
1034	230.85
1032	230.6
1033	230.8
1032	230.6
1033	230.65
1032	230.8
1033	230.55
1032	230.95
1031	230.5
1032	230.85
1031	230.45
1032	230.8
1029	230.3
1031	230.7
1029	230.55
1030	230.4
1030	230.7
1029	230.15
1029	230.6
1028	230.25
1029	230.55
1027	230.15
1029	230.45
1027	230.25
1028	230.45
1027	230.4
1027	230.15
1027	230.45
1026	230.05
1027	230.4
1025	230.4
1026	230.35
1024	230.4
1026	230.15
1024	230.45
1025	230.45
1025	230.8
1023	230.1
1024	230.5
1023	230.1
1024	230.45
1022	230.35
1023	230.4
1021	230.15
1022	230.35
1022	230.55
1022	230.2
1022	230.6
1021	229.9
1021	230.3
1020	230.1
1021	230.3
1019	230.1
1020	230.45
1018	230
1019	230.4
1017	230.1
1019	230.35
1017	230.05
1018	230.1
1017	230.1
1018	229.9
1017	230.2
1017	230.05
1017	230.3
1016	229.6
1016	229.95
1015	229.75
1016	229.9
1014	229.9
1015	230.05
1014	229.9
1015	230
1013	230.05
1014	229.85
1013	230.1
1013	229.8
1013	230.05
1013	229.65
1013	230.05
1012	229.35
1012	229.7
1010	229.7
1011	229.6
1010	229.7
1011	229.4
1010	229.8
1011	229.3
1010	229.9
1009	229.45
1010	229.85
1009	229.45
1009	229.85
1007	229.55
1009	229.75
1007	229.65
1008	229.55
1007	229.75
1007	229.35
1007	229.75
1006	229.15
1007	229.7
1006	229.15
1007	229.65
1005	229.2
1005	229.1
1004	229.4
1005	229
1005	229.3
1004	229.1
1004	229.5
1003	229.2
1004	229.4
1002	229.4
1004	229.3
1003	229.5
1003	229.2
1003	229.55
1002	229.15
1002	229.5
1000	229
1002	229.4
1000	229.2
1001	229.2
1001	229.4
1000	228.9
1001	229.35
999	229.2
1000	229.35
998	229.25
999	229.4
998	229.35
999	229.2
998	229.5
998	229.15
998	229.45
997	228.95
998	229.35
996	229.05
997	229.25
995	229.15
996	229.2
994	229.15
995	228.95
994	229.1
994	228.6
995	229.15
994	228.7
994	229.05
993	228.9
993	228.95
992	229
993	228.7
993	228.95
992	228.6
993	228.95
991	228.35
992	228.95
990	228.6
991	228.35
991	228.65
990	228.3
991	228.65
989	228.55
990	228.6
989	228.75
990	228.55
989	228.9
989	228.6
989	228.95
988	228.5
989	228.9
987	228.55
988	228.8
986	228.65
987	228.7
986	228.7
986	228.35
985	228.6
986	228.6
984	228.5
985	228.7
984	228.4
985	228.5
984	228.6
984	228.3
984	228.65
983	228.2
984	228.65
982	228.55
983	228.5
982	228.8
982	228.55
981	228.6
981	228.2
982	228.75
980	228.275
981	228.55
979	228.45
980	228.425
979	228.65
980	228.225
980	228.575
978	228.2
979	228.6
977	228
979	228.5
977	228.2
978	228.25
977	228.3
977	227.9
977	228.25
975	227.8
977	228.15
976	228.1
977	228.05
975	228.15
976	228.05
975	228.2
974	227.9
975	228.15
973	227.6
974	228.2
973	227.8
974	227.95
973	227.8
973	227.5
973	227.9
972	227.8
973	227.9
971	227.8
972	228.05
971	228.05
971	227.9
971	228.15
969	227.75
971	228
969	227.8
971	227.9
969	228
969	227.85
969	228.15
969	227.75
969	228.1
967	227.8
968	227.95
966	227.65
967	228.05
966	227.85
967	227.8
966	227.9
966	227.5
966	227.85
964	227.4
966	227.8
964	227.5
965	227.8
964	227.7
964	227.4
964	227.7
964	227.3
964	227.7
962	227.35
963	227.8
961	227.65
962	227.4
962	227.65
962	227.25
962	227.6
960	227.35
961	227.65
959	227.5
961	227.45
960	227.7
960	227.3
960	227.7
958	227.35
959	227.55
957	227.3
959	227.4
958	227.6
957	227.2
958	227.6
957	227.2
958	227.55
956	227.35
957	227.45
956	227.45
956	227.15
956	227.45
955	226.95
956	227.45
954	227.1
955	227.25
953	227.2
954	227.3
953	227.35
954	227.1
954	227.45
953	227.05
953	227.45
951	226.8
952	227
951	226.95
952	226.8
951	227.1
951	226.7
951	227.05
950	226.9
951	227.05
949	227.2
950	227.2
949	227.25
949	227
950	227.3
948	226.95
949	227.25
947	227.05
948	227.2
947	227.2
947	226.8
948	227.3
946	226.7
947	227.1
945	226.9
946	226.8
945	226.85
946	226.85
945	227.05
944	226.7
945	227.05
943	226.75
945	226.9
943	226.95
944	226.75
943	227
942	226.6
943	226.9
941	226.5
943	226.8
941	226.7
942	226.6
941	226.8
940	226.35
941	226.65
939	226.4
941	226.55
939	226.55
940	226.45
939	226.65
939	226.25
940	226.65
938	226.3
939	226.6
936	226.35
938	226.45
936	226.4
938	226.25
937	226.5
936	226.15
937	226.55
935	226.25
936	226.5
934	226.05
936	226.4
934	226.25
935	226.45
933	226.3
934	226
934	226.35
933	226
934	226.3
931	226.2
933	226.25
931	226.2
932	226.05
931	226.3
931	225.95
931	226.25
931	225.9
931	226.25
930	225.9
930	226.25
928	225.65
929	226.15
928	225.85
929	225.9
928	225.85
928	225.45
928	225.8
926	225.75
928	225.7
926	226
927	225.8
926	226.05
925	225.3
926	225.95
925	225.55
926	225.75
925	225.55
925	225.3
924	225.95
923	225.35
924	225.85
923	225.35
924	225.75
922	225.5
922	225.35
922	225.6
921	225.1
923	225.45
921	225.25
922	225.35
920	225.65
921	225.25
921	225.45
920	225.2
921	225.45
918	225.3
920	225.55
918	225.5
919	225.05
918	225.55
918	225.15
919	225.35
916	225.35
918	225.4
916	225.45
917	224.8
918	225.4
916	225.2
917	225.15
915	225.35
915	225.1
915	225.35
915	224.95
916	225.35
913	225.05
915	225.15
913	225.3
913	224.85
914	225
912	224.7
914	224.9
912	224.95
912	224.6
912	224.9
910	224.45
912	224.7
911	225.05
911	224.75
911	225.05
909	224.45
910	224.5
909	224.6
910	224.4
909	224.7
909	224.4
909	224.75
907	224.6
909	224.65
907	224.7
908	224.8
907	224.9
907	224.55
907	224.85
905	224.1
907	224.75
905	224.35
906	224.2
904	224.55
905	224.05
905	224.35
904	224.15
905	224.3
903	224.25
904	224.4
903	224.4
903	224.1
903	224.45
902	224.15
903	224.35
901	224.5
902	224.2
901	224.55
901	224.25
901	224.6
899	224.15
900	224.3
899	224.1
900	224.25
898	223.9
900	224.15
898	224.15
898	223.75
898	224.05
897	223.65
899	224.25
896	224.15
897	223.8
897	224.05
896	223.95
897	223.95
895	223.95
896	224
895	224.2
895	223.85
895	224.2
893	223.7
895	223.95
893	223.85
894	223.7
894	223.95
891	223.85
893	223.65
892	223.7
893	223.45
893	223.8
891	223.8
892	223.85
890	223.95
891	223.85
891	224.15
890	223.65
891	223.95
889	223.825
890	223.6
890	223.9
889	223.575
890	223.85
888	223.85
889	223.625
888	223.9
886	223.55
889	223.725
887	223.8
888	223.6
887	223.95
885	223.25
887	223.85
885	223.35
886	223.45
885	223.45
885	223.15
885	223.5
882	223.4
884	223.3
884	223.4
884	223.1
884	223.4
882	223.35
883	223.5
881	223.7
882	223.3
883	223.5
881	223.4
882	223.5
881	223.7
881	223.4
881	223.7
879	223.2
881	223.55
879	223.4
880	223.5
878	223.55
878	223.2
879	223.4
877	222.95
878	223.2
877	223.15
877	222.85
877	223.1
876	223.05
878	223.25
876	223.3
877	222.95
875	223.3
875	222.95
875	223.2
874	222.9
875	223.05
874	223.15
874	222.85
874	223.15
872	222.75
874	223
872	222.9
873	222.8
872	223.1
871	223
872	223.1
870	223.05
872	222.7
871	223.15
870	222.75
871	223.05
869	222.9
870	222.8
869	222.95
870	222.7
869	222.95
867	222.4
869	222.9
867	222.65
868	222.65
868	222.95
867	222.4
868	222.9
865	222.85
867	222.45
865	222.85
866	222.5
866	222.85
864	222.6
865	222.85
863	222.55
864	222.55
864	222.75
864	222.45
864	222.75
862	222.55
863	222.6
861	222.65
863	222.45
862	222.8
862	222.45
861	222.8
860	222.4
861	222.7
859	222.4
861	222.6
859	222.45
860	222.35
859	222.5
858	222.35
859	222.4
857	222.35
859	222.35
856	222.35
858	222.4
857	222.5
855	222.05
857	222.3
855	222.3
856	222
856	222.35
854	222
856	222.15
855	222.35
854	221.85
855	222.3
853	222.4
854	221.9
854	222.15
852	222
854	221.95
852	222.2
852	221.85
852	222.2
850	221.75
852	222
851	221.95
851	221.55
852	222
849	221.85
851	221.85
849	222.05
850	221.55
850	221.85
848	221.7
850	221.8
847	221.65
849	221.8
848	221.95
847	221.4
849	221.95
846	221.6
847	221.5
846	221.65
845	221.4
847	221.5
845	221.6
846	221.3
845	221.7
844	221.475
845	221.65
843	221.25
845	221.5
843	221.55
844	221.475
843	221.55
841	221.3
843	221.45
841	221.45
842	221.325
842	221.575
840	221.3
842	221.375
840	221.5
840	221.2
841	221.35
839	221.5
840	221.35
839	221.65
838	221.3
839	221.55
837	221.35
839	221.4
838	221.5
838	221.25
838	221.55
836	221.15
837	221.3
836	221.3
837	221.1
837	221.4
834	221.1
836	221.15
834	221.25
835	220.95
834	221.25
833	220.65
834	221.15
832	220.85
834	220.9
833	220.9
833	220.65
833	220.85
831	220.8
832	220.75
831	220.95
831	220.65
832	220.9
829	220.9
831	220.75
829	220.95
830	220.6
830	220.9
828	220.6
830	220.7
829	220.95
828	220.6
828	220.85
826	220.55
828	220.6
827	220.75
826	220.35
827	220.7
825	220.9
827	220.5
825	220.8
825	220.45
826	220.55
823	220.8
825	220.6
824	220.6
825	220.65
822	220.55
822	220.25
822	220.55
823	220.7
821	220.8
820	220.45
820	220.7
819	220.2
820	220.5
818	219.95
819	220.4
817	220.15
818	219.9
818	220.1
817	219.9
817	220.2
815	220.1
817	220.1
815	220.3
816	220.1
816	220.35
815	220.05
815	220.35
814	220
815	220.4
813	220
814	220.35
812	220.25
813	220.3
810	220.35
812	220.15
812	220.35
811	220.3
812	220.4
809	220.3
811	220.4
810	220.5
810	220.2
811	220.5
808	220.2
809	220.1
809	220.25
808	220
809	220.2
806	220.1
808	220
808	220.2
807	220
808	220.2
805	220.1
807	220.05
806	220.1
805	219.9
806	220.1
804	220
805	219.85
804	219.95
804	219.6
805	220
802	219.35
804	219.9
801	219.7
803	219.85
802	219.65
801	219.55
802	219.65
800	219.4
801	219.6
801	219.8
799	219.05
801	219.75
798	219.55
800	219.35
799	219.45
798	219.4
799	219.35
796	219.5
798	219.3
798	219.45
796	219.3
798	219.4
796	219.55
796	219.25
797	219.55
794	219.3
796	219.35
795	219.35
794	219.15
795	219.3
793	219.15
795	219
794	219.4
793	218.95
793	219.2
792	218.8
793	219.1
791	219.3
793	218.95
791	219.35
791	219.1
791	219.35
789	218.75
791	219.2
789	219
790	218.9
790	219.2
787	218.95
789	218.75
789	218.95
787	218.75
789	218.9
786	218.8
788	218.9
787	218.95
785	218.55
787	218.75
786	218.75
786	218.5
786	218.8
784	219
785	218.6
784	218.95
784	218.65
786	218.65
783	218.75
784	218.85
784	219.1
781	218.8
783	218.55
782	218.75
782	218.45
783	218.55
780	218.4
782	218.6
781	218.9
779	218.35
781	218.7
780	218.45
780	218.2
780	218.45
777	218.5
779	218.2
778	218.35
777	218.3
779	218.3
777	218.55
778	218.2
778	218.45
775	218.5
777	218.3
776	218.3
775	218.25
776	218.05
775	218.45
775	218.15
775	218.4
773	218.3
775	218.1
774	218.25
772	217.9
774	218.2
771	218.25
772	217.85
773	218.35
770	218
773	218.1
771	218.15
770	217.95
771	218.2
769	217.8
771	217.95
770	218.15
769	217.65
771	218.15
768	218
769	217.75
769	218
766	217.95
769	217.7
768	217.85
767	217.7
768	217.8
765	217.65
767	217.65
767	217.85
765	217.5
766	217.75
765	217.6
764	217.7
765	217.5
763	217.7
764	217.45
765	217.5
762	217.65
764	217.6
763	217.85
761	217.3
763	217.6
762	217.7
762	217.4
762	217.65
760	217.3
761	217.1
760	217.25
759	217.2
761	217.1
759	217.4
759	217.5
759	217.3
757	217.35
758	217.15
758	217.4
756	217.25
757	217.3
754	217.2
756	217.4
756	217.1
756	217.45
754	217.05
754	217.3
754	217
752	217.05
754	217.15
751	217.1
753	217.15
750	217.1
753	217.1
749	216.8
751	217.05
749	216.75
750	217.05
748	217
750	217.05
747	216.75
749	216.45
747	216.7
747	216.4
748	216.85
745	216.85
747	216.65
744	216.55
746	216.65
745	217
745	216.65
746	216.9
742	216.45
744	216.5
743	216.6
744	216.35
743	216.8
742	216.45
744	216.65
740	216.3
742	216.5
740	216.3
742	216.2
742	216.6
739	216.2
741	216.85
739	216.25
739	215.95
740	216.3
737	216.35
739	215.85
740	216.2
737	216.2
739	215.85
738	216.15
735	216.3
737	215.95
738	216
735	216.25
737	216.25
736	216.3
734	216.15
735	216.4
733	216.3
736	215.85
736	216.15
732	216.5
734	216.15
732	216.5
731	216.45
734	215.9
733	216.2
732	216.1
733	216.15
731	216.75
730	216.25
731	216.55
729	217
730	216.05
731	216.5
729	216.95
731	216.45
731	216.7
728	216.85
729	216.9
729	217.1
727	216.75
729	216.85
728	216.85
725	216.3
728	216.6
726	217
726	216.65
727	216.55
725	216.3
726	216.75
726	217
723	216.2
725	216.25
723	216.3
722	216.1
725	216.2
722	216.25
722	216
723	216.15
721	216.1
722	215.85
722	216.1
720	216.25
722	215.8
721	216.05
719	215.75
721	215.9
719	215.9
718	215.9
720	216.15
718	216.1
718	215.85
719	215.75
717	215.85
718	215.85
718	216.1
716	215.95
718	215.8
718	216.1
715	216.05
717	215.6
717	215.85
714	215.95
716	215.8
716	216
713	215.85
715	215.9
714	216.1
712	215.75
714	215.85
713	215.85
711	215.65
714	215.75
712	215.8
711	215.45
713	215.65
710	215.95
712	215.55
713	215.75
709	215.8
711	215.65
710	216.15
707	215.85
710	215.85
709	215.75
707	215.6
710	215.6
709	215.8
707	215.6
709	215.75
707	215.9
705	214.9
707	215.6
706	215.25
705	214.65
708	215.15
705	214.9
705	214.65
705	214.95
702	214.95
704	214.45
706	215
703	214.75
705	214.6
704	214.85
701	214.9
703	214.75
703	214.85
701	214.7
703	214.6
702	214.85
699	214.6
702	214.65
700	214.75
699	214.6
701	214.75
699	214.9
699	214.55
701	214.7
698	214.8
699	214.5
698	214.8
696	214.9
699	214.3
699	214.65
695	214.85
697	214.85
698	214.65
695	214.75
697	214.75
696	215
693	214.35
696	214.55
696	214.8
692	214.45
695	214.45
695	214.7
692	214.3
694	214.25
692	214.55
691	214.15
694	214.15
692	214.6
690	214.3
692	214.2
691	214.35
689	214.1
692	214.25
691	214.45
688	213.95
691	214.4
690	214.65
687	213.85
690	214.3
689	214.3
687	213.75
689	213.95
688	213.95
685	213.95
688	213.85
686	213.9
685	213.9
687	213.85
685	214.2
684	213.9
686	213.7
685	214
683	213.7
685	213.85
684	214.05
682	213.75
685	213.9
683	213.9
681	213.7
683	213.55
683	213.7
680	213.65
682	213.7
683	213.8
680	213.75
681	213.5
682	213.8
679	213.8
680	213.5
680	213.75
678	213.7
680	213.25
680	213.55
677	213.55
678	213.45
680	213.65
676	213.5
676	213.25
679	213.75
676	213.4
677	213.2
677	213.45
674	213.15
676	213
676	213.35
672	213.5
676	212.95
676	213.2
673	213.05
674	212.85
673	213.15
671	212.55
674	212.8
673	213.2
670	212.65
672	213.35
672	213.5
670	212.55
672	213.35
670	212.75
668	212.95
672	213.05
671	212.5
669	212.6
670	212.25
668	213.05
667	212.75
670	212.25
668	212.95
668	212.8
668	213.2
665	212.35
667	213
668	213.05
665	212.25
667	213.1
668	213.25
664	212.65
664	212.4
665	212.35
663	212.5
663	212.15
666	213.15
663	212.45
663	212.3
665	212.3
663	212.65
661	212.45
663	212.4
661	212.4
659	211.85
662	211.65
661	211.95
658	211.6
661	211.5
662	211.7
659	211.75
660	211.45
661	212.15
658	212.05
659	211.9
660	212
657	212.4
657	212.15
659	212
656	212.05
655	211.5
658	211.6
656	211.8
654	211.4
657	211.85
656	211.85
653	211.25
656	211.6
655	211.7
652	211.35
655	211.2
655	211.45
652	211.35
653	210.9
654	211.45
651	211.85
651	211.5
653	211.05
651	211.85
651	211.6
652	211.45
650	211.8
649	211.25
651	211.8
649	211.45
648	211.95
650	211.65
648	212.25
647	211.75
649	211.1
647	211.8
645	211.4
648	211.7
648	211.85
645	211.3
648	211.55
648	211.8
645	211.45
647	211.55
647	211.75
643	211.59
644	211.35
645	211.3
643	211.39
644	211.15
646	210.75
643	211.49
642	211.5
644	211.35
641	211.65
640	211.1
643	211.19
643	211.39
640	211.3
643	211.44
641	211.75
637	211.3
640	211.1
640	211.2
638	211.1
641	211.3
640	211.35
636	211.1
638	211.1
638	211.15
636	210.8
639	210.65
638	211.45
634	211.25
636	210.8
638	211.3
635	211.15
635	210.95
636	211.15
633	211.1
635	210.9
636	211.1
632	211.05
632	210.7
635	211.05
634	211.25
631	210.8
633	211.05
632	210.9
630	210.85
633	210.85
632	210.9
629	210.7
631	210.5
632	210.8
628	210.6
628	210.3
632	210.5
630	210.85
626	210.6
629	210.3
630	210.75
626	210.65
628	210.2
629	210.4
626	210.5
625	210.5
628	210.1
626	210.35
624	210.2
627	210.058
626	210.4
622	210.55
626	210.15
626	210.3
622	210.5
624	209.95
625	210.5
622	210.5
623	210
625	210.45
621	210.2
621	210
623	210.05
621	210.15
619	210.35
622	210.2
621	210.05
618	209.9
621	209.85
621	210.05
618	209.95
619	210.2
621	210
617	209.85
616	209.6
619	210.25
617	209.85
615	209.95
618	209.7
618	209.85
614	209.65
616	209.5
618	209.85
615	209.95
614	209.45
617	209.6
614	209.65
612	209.6
615	209.75
614	209.55
611	209.4
614	209.3
614	209.45
611	209.4
611	209.25
613	209.45
611	209.4
609	209.45
613	209.35
611	209.3
609	209.4
612	209.3
610	209.6
607	209.7
610	209.3
611	209.3
607	209.65
608	209.35
610	209.45
607	209.65
606	209.5
609	209.35
607	209.65
604	209.6
607	209.4
607	209.65
604	209.55
605	209.2
607	209.5
604	209.5
602	209.5
606	209.3
604	209.5
601	209.4
605	209.15
604	209.6
601	209.5
603	209.15
604	209.45
600	209.25
600	209.05
603	209.1
601	209.4
598	209.2
602	209.35
600	209.25
597	209.4
600	208.95
600	209.15
597	209.35
599	209.2
600	209.1
596	209.5
597	209.2
599	209.35
597	209.35
594	209.05
597	209.1
597	209.4
594	209.15
596	209.2
597	209.25
593	209.45
592	209
595	209.35
594	209
592	209.05
594	208.8
595	209.55
591	209.3
591	209.05
594	208.9
591	209.2
589	208.9
593	209.3
592	209.35
588	209.25
592	209.1
591	209.65
588	209.45
589	209.2
591	209.5
588	209.4
587	209.55
590	209.15
587	209.75
586	209.35
589	209.05
588	209.3
584	209.45
587	209.4
587	209.7
584	209.45
585	208.9
587	209.6
583	209.1
582	208.85
586	209.1
583	208.95
583	208.6
583	208.95
580	208.75
584	209.1
580	208.9
581	208.55
582	209.1
578	208.75
582	208.75
579	208.8
578	208.45
580	208.6
577	208.9
577	208.55
580	208.65
576	208.75
575	208.45
578	208.6
575	208.7
575	208.4
577	208.7
573	208.6
574	208.2
576	208.55
572	208.4
574	208.15
575	208.55
571	208.6
573	208.15
574	208.35
570	208.4
573	208.1
572	208.3
569	208.25
572	208
571	208.5
567	208.1
571	208.45
567	207.95
569	208.25
569	207.9
564	208.15
568	208.4
564	208.25
566	207.85
565	208.25
564	208
565	208.25
561	208.55
565	207.85
563	208.45
560	208.1
563	208.15
560	208.35
561	208.25
563	208.2
559	208.05
560	207.95
562	208.25
558	208
560	207.95
558	207.9
556	208.1
560	208.05
555	208.25
558	207.35
557	207.8
555	207.9
557	207.8
553	207.8
556	208.05
551	208
556	207.9
551	208.05
552	207.5
553	207.85
550	207.4
554	207.85
548	207.75
552	207.5
550	207.65
548	207.5
552	207.6
547	207.87
549	207.5
547	207.77
547	207.27
548	207.6
544	207.35
548	207.25
546	207.55
543	207.4
545	207.6
546	207.3
542	207.75
543	207
545	207.85
540	207.55
544	206.9
544	207.3
540	207.6
540	207.25
543	207
542	207.7
538	207.3
541	207.15
542	207.5
539	207.5
538	207.1
541	207.1
541	207.5
537	207.45
537	207
540	207.1
539	207.45
535	207.35
537	206.9
539	207.25
536	207.2
533	207.05
537	206.9
538	207.2
533	207.15
533	206.85
537	206.85
535	207.25
533	206.75
536	207
531	207.05
530	207.3
535	206.9
532	207.5
528	207.15
533	206.55
533	207
528	207.3
529	206.45
533	206.8
528	207.35
526	206.8
531	206.55
528	207.3
526	206.8
530	207.05
529	206.75
525	206.75
525	206.4
529	206.45
525	206.8
523	206.3
528	206.75
527	206.7
522	206.35
525	206.25
524	206.7
523	206.1
525	206.6
520	206.15
525	206.25
522	206.3
518	206
524	206.15
522	206.35
517	206.25
522	205.85
521	206.4
517	206.15
520	205.85
519	206.7
515	206.2
518	205.65
520	206
516	206.15
515	205.9
518	205.65
516	206.15
513	205.95
515	205.65
518	205.85
512	206.65
514	206.1
516	206.05
511	206.45
513	205.6
515	206.1
510	206.3
512	206.1
514	206.55
508	205.8
510	205.75
513	205.6
508	205.7
508	205.4
511	205.9
510	206.15
505	205.75
511	205.85
508	205.6
504	206.2
511	205.75
506	206.45
503	205.69
509	205.35
507	206.3
503	205.94
504	205.95
507	206.15
502	205.4
502	205.05
506	205.9
504	206.3
499	205.8
503	205.24
504	206.25
499	205.9
500	205.3
504	205.95
500	205.7
498	205.05
503	205.19
500	205.7
497	205.75
497	205.25
503	205.29
497	205.8
495	204.95
499	205.25
499	205.8
495	205.1
495	204.6
500	205.3
493	205.85
493	205.5
497	205.1
496	205.55
492	205.8
493	205.1
498	204.85
492	205.85
490	204.65
496	204.95
493	205.65
490	204.9
490	204.6
492	205.35
494	204.9
487	204.75
490	204.25
495	204.45
487	204.8
487	204.35
493	205.1
487	204.8
486	204.7
488	204.4
489	204.8
487	204.55
484	204.4
488	204.35
489	204.8
481	204.15
486	204
490	204.45
480	204.95
483	204
490	204.2
482	204.55
479	204.65
487	203.8
484	204.7
478	204.2
481	203.55
486	204.1
478	204.05
477	204.45
484	203.75
483	204.05
476	203.85
478	203.4
484	203.8
478	203.9
474	204.15
478	203.15
483	203.8
475	205.75
472	204.35
479	203.6
482	203.6
473	204.65
470	204.7
480	203.5
482	203.6
471	205.1
467	204.25
479	203.15
480	204.1
469	205.85
468	204.65
476	202.55
476	202.95
471	204.45
471	204.35
469	205.35
469	205
473	203.4
477	204.1
468	205.7
461	204.3
470	203.35
477	203.5
470	204.7
463	204.75
467	203.95
468	204.55
466	204.1
467	203.6
472	203.45
469	205.6
460	205.75
459	204.85
467	203.05
468	204.25
464	203.3
467	203.85
468	205.1
460	205.65
457	203.25
463	203.1
464	202.9
461	203.55
462	203.1
467	203.85
463	204.75
455	204.25
459	204.7
462	203.25
457	203.3
453	203.25
459	203.75
463	203.15
459	204.75
456	203.35
461	203.5
459	205.6
453	204.35
456	203.4
460	204.85
455	203.95
450	203.45
457	202.45
452	202.75
448	202.4
453	202.4
455	202.6
450	202.6
447	202.65
450	201.85
454	202.55
452	202.15
448	202.3
446	201.95
450	201.7
453	202.5
450	202.4
446	202.2
446	201.75
451	201.75
451	202.2
447	202.7
444	201.8
447	202
452	201.55
450	202.4
444	202.15
443	202.75
448	201.7
452	201.95
448	202.75
442	202.4
444	201.95
451	202.35
449	203.65
443	203.7
441	202.6
447	202.7
450	202.8
446	203.2
440	203.7
444	202.25
447	203.2
442	202.95
437	204.15
441	202.05
437	203.5
442	201.1
446	202
437	204.2
438	203.05
444	202.05
436	204
431	202.5
439	201.6
440	202.35
435	203.65
437	203.2
441	201.95
438	203.4
432	202.95
428	203.15
431	201.7
438	202.05
438	202.65
433	203.05
431	202.3
436	202.95
436	203.3
428	203.3
425	202.6
433	201.85
440	202
433	203.5
426	203.25
425	202.8
429	202.1
433	202.35
431	202.1
428	202.65
430	202.3
431	202.1
425	203
423	203
426	201.75
433	201.9
433	202.75
424	203.55
418	203.85
422	201.9
433	201.55
434	201.55
426	203.1
417	203.3
419	202.2
429	201.25
434	201.25
427	202.4
416	203.3
417	202.25
429	201.25
432	201.45
422	203.1
414	202.65
416	202.05
428	201.3
429	202.05
419	203
412	202.4
417	201.8
428	201.3
427	201.55
416	203
411	203.35
418	202.5
427	200.55
424	202.4
414	202.5
411	203.15
418	202.5
423	201.75
420	202.1
414	202.15
414	201.85
416	201.5
417	202.4
410	201.9
413	201.85
421	201.1
419	202.15
410	202.05
408	201.85
416	201.25
418	202.45
414	201.9
409	201.55
408	201.4
415	202.3
417	201.8
410	201.85
404	201.45
410	200.75
415	202.15
413	202
409	201.5
406	202.1
405	201.2
413	201.3
414	201.2
406	202.3
402	201.1
406	201.3
410	200.3
412	200.95
409	201.35
401	201.4
402	200.7
410	200.4
409	200.7
405	201.95
402	201.3
400	200.9
407	201.6
410	200.7
403	201.75
399	201.15
400	200.45
407	201.4
397	202.05
397	201.6
401	200.15
407	201.45
405	201.35
396	201.2
395	201.05
398	200.85
404	199.85
406	201.25
395	201.5
394	201.4
397	200.75
404	199.85
403	201
395	201.45
392	200.8
399	199.6
396	200.9
391	200.7
400	199.65
399	200.35
392	201
389	200.9
395	200.1
398	201
393	201.05
387	201.3
392	199.65
398	200.7
394	201.35
386	200.7
395	199.8
392	200.6
386	200.85
384	200.25
391	199.65
394	200.75
386	200.8
383	200.8
387	200.25
394	200.4
387	201.5
381	201.2
386	199.55
392	199.45
386	200.5
380	201.2
382	199.65
389	199.45
389	200.2
383	201
378	200.65
379	200.15
387	199.9
388	200.4
384	200.5
377	200.7
378	199.9
387	199.85
384	200.1
375	201.3
377	199.65
384	199.05
384	199.85
377	200.7
373	200.2
379	199.5
385	200.05
379	200.85
373	200.5
373	199.8
379	199.35
379	200.4
373	200.55
370	200.2
375	199.65
382	199.05
378	200.25
370	200.65
368	199.8
374	199.1
379	199.5
376	200.3
369	202.25
366	200.55
372	199.2
378	199.2
374	200.1
368	200.45
365	200
369	200.7
376	198.8
374	199.8
367	200.5
364	199.9
370	199.05
375	199.6
367	200.4
361	201.15
364	199.4
372	198.8
371	199.85
363	200.4
360	200
366	199.35
372	199.1
367	200.25
359	200.3
359	199.5
367	198.85
369	200.85
362	200.45
357	200.25
360	199.35
368	198.6
366	200.15
359	200.25
356	199.55
361	199.8
366	199.3
363	199.8
355	199.85
355	199.1
360	198.9
364	198.8
362	199.8
355	199.85
351	199.65
355	198.45
361	199.5
363	199.1
353	200.15
351	199.6
354	198.3
361	199.6
359	199.45
352	200.4
348	201.35
354	198.25
360	198.85
356	199.75
348	201.85
346	201.1
353	198.55
358	198.85
354	199.45
347	199.7
345	200.1
352	198.6
357	198.85
352	200
344	199.75
345	199.75
352	198.4
355	198.3
349	199
344	199.65
342	199.4
345	199.15
354	197.85
351	199.15
340	199.85
341	199.5
348	199.85
352	198.8
344	199.5
339	200
341	199.05
346	199.7
348	200.6
340	199.8
338	199.15
341	198.7
349	197.85
339	200.15
335	198.75
342	198.2
344	198.35
339	200.05
331	198.65
341	198.15
347	197.7
337	200.4
331	199.25
335	198.3
340	198.15
339	198.85
336	199.7
335	199.05
333	199.1
333	198.6
334	198.25
336	199
335	198.5
334	198.95
333	198.8
334	198.55
334	198.55
331	198.6
329	199.6
327	198
330	197.95
336	198.15
338	198.7
331	199.35
324	200.25
326	198.85
334	197.85
335	197.8
327	199.1
322	201
323	198.3
329	198.3
332	197.3
330	198.65
322	200.85
322	199.95
327	197.45
332	197.55
329	199.5
321	199.75
322	200.3
327	197.75
331	198
328	199.95
319	201.05
317	199.45
319	198.85
324	197.9
327	197.5
323	198.85
318	199.25
318	198.75
319	198.95
321	198.1
319	199.7
316	199.2
315	197.9
322	199.3
325	198.4
318	199.65
310	199.3
310	198.45
319	198.35
326	197.8
320	199.5
309	200.85
310	198.35
316	198.05
318	197.45
320	198.45
314	199.6
306	200.05
310	198.1
315	197.25
317	197.95
316	199.5
306	200
306	199.15
312	197.55
319	198.8
304	199.8
304	198.25
314	197.55
309	199.55
306	199.9
303	198.8
304	197.95
310	197.35
312	197.95
307	198.7
303	199.3
300	198.65
303	197.9
308	197.35
308	197.95
305	198.95
299	198.9
301	197.8
305	197.45
306	198.95
299	199.2
296	198.75
300	197.55
305	197.65
297	199.1
296	198.45
299	197.5
303	197.6
302	198.5
295	200.55
292	199.25
297	197.4
302	197.5
299	198.35
292	199.85
290	198.65
295	198.75
299	197.45
297	198.55
290	199.5
288	198.6
293	197.7
297	197.4
294	199.3
289	199.3
286	198.35
292	198.05
295	198.65
289	199.1
284	198.95
291	197.8
293	197.95
288	199.2
283	199
285	198.4
288	197.65
292	198.25
288	198.7
284	199.55
280	199.35
283	197.6
289	197.45
289	198
283	199.05
278	198.7
278	197.7
285	197.7
285	197.95
285	198.9
278	198.95
276	198.6
280	198.1
284	197.7
285	198.2
281	198.7
277	199.55
276	198.4
276	197.85
278	197.15
283	197.3
279	198.3
276	199
273	198.4
274	198.95
277	197.7
281	197.2
278	198
272	198.85
273	197.75
273	197.45
277	197.8
279	198.05
269	199.4
267	198.85
270	197.8
276	197.3
274	198.95
272	198.55
270	199
267	198.95
266	198.1
269	197.95
273	197.35
275	197.8
271	198.7
265	200.45
262	198.6
265	198.85
269	197.4
273	197.3
270	198.5
262	199.2
261	198.25
265	198.7
267	197.65
269	197.7
269	198.55
263	198.85
258	199.65
259	198.45
263	197.3
265	198.55
266	197.4
265	199.35
262	198.85
260	198.9
259	198.65
260	197.95
264	199.1
264	199.65
259	199.25
255	199.25
256	198.45
259	197.85
261	197.35
261	197.6
259	198.4
257	199.55
254	200.45
253	198.95
256	198.05
257	198.45
259	197.9
258	198.65
255	198.9
252	199.45
251	199.05
254	199.6
256	198.1
257	198.95
256	199.05
252	199.9
250	199.25
248	198.95
249	199
252	198
254	199.2
253	198.9
249	199.85
247	200.3
248	198.7
249	199.05
250	198
251	198.5
250	198.35
247	200.3
245	199.65
245	199.2
247	199.55
247	199.4
248	198.3
249	199.15
247	200.15
244	199.7
243	200.85
242	199.5
243	200
247	199.15
249	199.2
246	200.4
239	200.05
237	200.05
241	198.9
244	198.45
244	198.6
243	200.3
242	199.8
241	199.85
240	199.95
237	200.05
236	199.25
240	198.85
242	199.1
241	199
240	199.4
239	199.65
235	200.75
235	199.9
238	198.4
239	198.55
240	199.35
236	200.1
231	200.85
232	199.4
233	198.95
237	199.05
237	199.25
234	199.95
233	200.15
231	200.75
229	200.3
229	199.8
232	198.7
235	199.6
234	199.6
231	200.5
229	200.7
226	200.1
227	199.65
228	199.7
230	199
231	199.45
231	199.8
230	200
226	200.25
225	200.15
225	199.6
226	199.1
227	198.95
229	199.55
226	200.15
222	200.55
222	200
222	199.5
223	199.35
224	199.05
226	199.25
220	200.75
219	199.45
222	198.95
222	199.95
217	201.05
217	200.1
220	199.4
221	199.25
217	200.9
214	200.65
214	199.85
215	199.8
217	199.55
218	199.35
215	200.8
212	200.6
211	200.45
211	199.95
212	199.3
215	199.65
215	199.85
212	200.35
208	200.8
208	200.25
208	199.7
209	199.75
211	199.45
212	199.45
211	200.3
207	200.65
205	200.45
205	199.85
206	199.95
208	199.3
209	199.75
209	200.1
208	200.3
204	200.7
202	200.8
203	200.3
203	199.95
205	199.35
206	199.9
206	200.35
203	200.9
201	200.75
199	202
199	201.2
201	199.3
202	199.55
203	199.9
202	200.25
200	200.4
197	200.75
196	200.15
197	199.7
198	200.35
199	200.75
200	199.35
199	201.35
197	200.45
194	200.5
194	200.15
194	199.7
193	200.1
196	199.15
196	199.3
197	199.8
195	200.05
192	200.85
191	201.1
190	200.3
190	199.95
193	199.75
194	199.2
192	200.3
189	200.75
188	200.7
186	200.25
187	199.85
190	199.55
190	199.8
189	200.15
187	201
185	200.65
184	200.2
184	199.8
186	199.55
187	199.85
186	200.55
182	200.95
181	200.2
181	199.75
181	199.25
184	199.3
184	199.75
181	200.35
178	201.95
177	200.35
178	200.85
179	199.55
180	199.15
180	199.3
181	199.75
180	200.25
177	200.85
175	201.7
175	201.15
174	199.55
175	200.15
177	199.65
176	200.25
173	201.3
173	201.25
170	200.6
170	200.1
171	199.55
172	199.35
174	199.2
173	200.2
172	200.5
170	200.95
169	201.45
169	201.3
167	201.65
166	201
167	201.05
168	199.75
169	200.05
170	199.75
169	200.65
167	201.85
165	201.45
166	201.7
165	200.95
164	200.45
164	200.25
164	200
165	199.95
166	200.45
166	200.8
165	200.9
164	201.1
162	201.8
161	201.45
162	201.2
161	200.8
161	200.6
161	200.35
161	200.3
162	200.5
162	200.75
162	201.15
160	201.25
159	201.55
158	201.7
157	201.1
157	200.75
157	200.5
157	200.25
158	200.25
158	200.25
159	200.3
159	200.7
158	201.3
156	201.35
154	202.2
154	201.95
154	201.55
154	201.2
154	201.1
153	200.2
154	200.6
155	200.55
155	200.75
155	201.15
153	201.1
152	201.45
150.5	201.5
150.5	201.3
150.5	201.05
0	192.65
