Speed 1 (RPM)	Torque 1 (oz.in)
1797	2.483
1786	20.085
1786	20.185
1786	20.36
1786	20.44
1786	20.615
1786	20.695
1786	20.79
1786	20.785
1786	20.82
1785	22.115
1786	21.005
1786	21.01
1785	22.47
1786	21.28
1786	21.315
1785	22.61
1784	22.87
1785	22.765
1785	22.815
1785	23.03
1785	23.095
1785	23.14
1785	23.155
1784	23.445
1784	23.605
1785	23.42
1785	23.425
1784	23.73
1784	23.88
1784	23.965
1784	23.995
1783	25.16
1783	25.26
1784	24.265
1784	24.255
1784	24.31
1783	25.455
1783	25.595
1784	24.53
1784	24.55
1783	25.73
1783	25.805
1783	25.935
1783	25.965
1783	26.045
1783	26.08
1782	26.165
1783	26.29
1783	26.38
1782	26.45
1782	26.565
1782	26.645
1783	26.69
1783	26.77
1782	26.805
1782	26.96
1782	27.01
1783	27.055
1781	25.78
1781	25.91
1782	27.385
1782	27.425
1781	26.075
1781	26.135
1781	26.28
1782	27.73
1782	27.8
1781	26.44
1781	26.7
1782	28.095
1780	27.79
1780	27.92
1781	27.05
1781	27.09
1780	28.17
1780	28.255
1780	28.37
1781	27.395
1780	28.435
1780	28.505
1779	39.17
1780	28.76
1780	28.8
1779	39.72
1780	29.195
1780	29.27
1779	39.84
1779	39.97
1779	40.125
1780	29.57
1779	40.2
1778	40.015
1778	40.18
1779	40.56
1778	40.37
1778	40.48
1778	40.62
1779	40.875
1778	40.73
1777	35.09
1777	35.26
1777	35.525
1777	35.675
1778	41.36
1777	35.775
1776	35.055
1776	35.23
1777	36.075
1777	36.14
1776	35.465
1776	35.61
1777	36.43
1776	35.755
1776	35.79
1775	38.43
1776	36.055
1776	36.045
1775	38.67
1775	38.785
1775	38.95
1776	36.5
1775	39.095
1774	42.895
1775	39.335
1775	39.385
1774	43.11
1774	43.26
1775	39.72
1775	39.785
1774	43.52
1774	43.63
1774	43.765
1774	43.815
1774	43.91
1773	42.74
1774	44.17
1774	44.295
1773	43.065
1773	43.23
1773	43.355
1774	44.695
1773	43.535
1772	44.045
1773	43.825
1773	43.885
1772	44.365
1772	44.485
1772	44.645
1773	44.28
1772	44.755
1771	45.015
1771	45.335
1771	45.53
1772	45.465
1772	45.59
1770	48.815
1770	49.045
1770	49.485
1770	49.55
1770	49.685
1770	49.73
1769	50.86
1770	50.01
1769	51.38
1770	50.45
1770	50.555
1769	51.52
1768	52.925
1769	51.775
1769	51.865
1768	53.115
1768	53.275
1768	53.37
1768	53.54
1767	56.64
1768	53.78
1768	53.865
1767	56.96
1767	57.105
1767	57.22
1768	54.26
1767	57.36
1766	56.085
1767	57.605
1767	57.68
1766	56.425
1766	56.575
1767	58.105
1766	56.755
1766	56.805
1765	55.93
1766	57.135
1766	57.25
1765	56.275
1765	56.48
1766	57.64
1765	56.66
1764	57.895
1765	56.98
1765	57.025
1765	57.15
1764	58.25
1764	58.43
1765	57.48
1764	58.57
1764	59.005
1763	60.13
1763	60.375
1764	59.41
1763	60.54
1762	59.89
1762	60.005
1763	60.85
1763	61.005
1762	60.26
1762	60.44
1762	60.49
1762	60.61
1761	61.355
1761	61.56
1762	60.89
1761	61.725
1761	61.78
1761	61.97
1761	62.01
1761	62.105
1760	62.88
1761	62.37
1761	62.44
1760	63.235
1760	63.34
1760	63.505
1761	62.89
1760	63.65
1759	66.005
1760	63.995
1760	64.11
1759	66.415
1759	66.605
1760	64.435
1759	66.77
1758	67.295
1758	67.485
1759	67.175
1759	67.25
1758	67.8
1758	67.96
1759	67.605
1758	68.12
1757	68.445
1757	68.58
1758	68.5
1757	68.82
1757	68.91
1757	69.05
1757	69.15
1757	69.235
1756	70.82
1756	70.955
1757	69.57
1757	69.645
1756	71.185
1756	71.355
1756	71.41
1756	71.5
1755	71.825
1755	71.94
1756	71.81
1755	72.125
1754	73.09
1755	72.355
1756	72.195
1755	72.55
1754	73.52
1754	73.66
1755	72.88
1755	72.955
1754	73.95
1754	74.105
1755	73.38
1754	74.315
1753	75.72
1754	74.63
1754	74.785
1753	76.095
1753	76.3
1753	76.365
1753	76.48
1752	76.75
1752	76.97
1753	76.845
1752	77.16
1751	77.63
1752	77.39
1753	77.22
1752	77.525
1751	77.93
1751	78.115
1752	77.79
1751	78.305
1751	78.385
1751	78.49
1751	78.555
1751	78.665
1750	80.33
1750	80.47
1751	78.96
1751	79.03
1750	80.69
1750	80.855
1750	80.9
1750	81
1750	81.045
1749	81.53
1750	81.31
1749	81.755
1749	81.855
1749	82.015
1749	82.13
1748	82.515
1748	82.655
1749	82.445
1749	82.545
1748	82.995
1748	83.165
1748	83.245
1748	83.33
1747	84.825
1747	84.95
1748	83.685
1747	85.175
1746	85.63
1747	85.4
1747	85.5
1747	85.55
1746	85.975
1746	86.125
1747	85.81
1747	85.9
1746	86.28
1746	86.39
1747	86.205
1746	86.575
1745	87.24
1745	87.415
1746	86.91
1746	86.97
1745	87.65
1745	87.83
1745	87.905
1745	88.05
1744	89.48
1744	89.625
1745	88.385
1745	88.485
1744	89.88
1744	90.03
1744	90.105
1744	90.215
1743	90.995
1743	91.11
1744	90.505
1744	90.58
1743	91.32
1742	91.845
1743	91.555
1742	92.275
1743	91.905
1742	92.385
1742	92.46
1742	92.61
1742	92.655
1742	92.765
1741	94.11
1741	94.26
1742	93.05
1742	93.155
1741	94.5
1741	94.68
1742	93.455
1741	94.85
1740	95.225
1740	95.365
1741	95.21
1741	95.33
1740	95.655
1740	95.775
1740	95.875
1740	95.915
1739	96.45
1739	96.75
1738	97.995
1739	96.95
1740	96.515
1739	97.1
1738	98.345
1738	98.445
1739	97.35
1738	98.545
1738	98.695
1738	98.745
1739	97.65
1738	98.895
1737	99.575
1738	99.145
1738	99.245
1738	99.395
1737	100.025
1737	100.225
1738	99.745
1737	100.325
1736	100.77
1737	100.625
1737	100.675
1736	101.07
1736	101.17
1736	101.27
1737	101.025
1736	101.42
1735	101.945
1736	101.62
1736	101.62
1735	102.145
1735	102.195
1735	102.295
1736	101.92
1735	102.395
1734	103.9
1735	102.595
1736	102.27
1735	102.795
1734	104.3
1734	104.45
1735	103.095
1734	104.65
1733	104.9
1734	104.85
1735	103.545
1734	105
1733	105.25
1733	105.35
1733	105.45
1733	105.6
1732	106.15
1733	105.75
1733	105.8
1733	105.85
1732	106.4
1733	106
1733	106.05
1732	106.6
1732	106.7
1732	106.8
1733	106.35
1732	106.95
1732	107.05
1732	107.15
1732	107.25
1731	108.25
1731	108.35
1732	107.6
1732	107.65
1731	108.65
1730	109.55
1731	108.9
1731	108.95
1730	109.85
1730	109.95
1730	110.05
1731	109.3
1729	110.3
1729	110.45
1729	110.6
1729	110.65
1730	110.6
1730	110.65
1729	110.85
1729	110.95
1730	111
1729	111.15
1728	111.45
1728	111.55
1729	111.5
1729	111.55
1728	111.8
1728	111.9
1728	112.05
1728	112.1
1727	113.2
1727	113.3
1728	112.35
1727	113.4
1726	114.1
1727	113.5
1728	112.6
1727	113.7
1726	114.35
1727	113.8
1727	113.9
1726	114.55
1726	114.75
1727	114.2
1726	114.9
1725	115.1
1726	115.1
1726	115.2
1726	115.3
1725	115.5
1725	115.6
1726	115.6
1725	115.75
1724	116
1725	116
1725	116.05
1724	116.25
1724	116.3
1724	116.45
1725	116.3
1724	116.5
1723	117.8
1724	116.7
1725	116.6
1724	116.85
1723	118.15
1724	117
1724	117.1
1723	118.4
1723	118.5
1723	118.55
1724	117.45
1723	118.75
1722	119.15
1723	119
1722	119.35
1722	119.45
1722	119.5
1723	119.3
1722	119.6
1721	120.1
1722	119.75
1723	119.55
1722	119.9
1721	120.35
1721	120.45
1722	120.15
1722	120.2
1721	120.65
1721	120.8
1722	120.5
1721	120.95
1720	122
1720	122.1
1721	121.3
1720	122.3
1719	122.65
1720	122.4
1720	122.55
1719	122.85
1720	122.65
1720	122.7
1719	123
1719	123.05
1720	122.9
1720	122.95
1719	123.3
1719	123.45
1720	123.25
1719	123.65
1718	123.9
1718	124.05
1719	123.9
1718	124.2
1717	125.3
1718	124.45
1718	124.45
1717	125.5
1717	125.6
1718	124.65
1718	124.7
1717	125.75
1717	125.85
1718	124.9
1717	125.9
1716	126.15
1717	126.1
1717	126.15
1717	126.2
1716	126.4
1716	126.5
1717	126.5
1716	126.75
1715	126.95
1715	127
1716	126.95
1716	127
1715	127.2
1715	127.3
1716	127.2
1715	127.35
1714	127.75
1715	127.45
1715	127.5
1715	127.6
1715	127.65
1715	127.75
1715	127.8
1714	128.2
1714	128.3
1714	128.4
1714	128.45
1714	128.5
1713	129.25
1714	128.6
1714	128.7
1713	129.45
1713	129.5
1714	128.85
1713	129.55
1712	129.85
1713	129.7
1714	129.05
1713	129.8
1712	130.15
1713	129.95
1713	130
1712	130.3
1712	130.45
1713	130.25
1712	130.55
1711	130.8
1711	130.9
1712	130.75
1711	130.95
1710	131.75
1711	131.1
1712	130.9
1710	131.85
1710	131.9
1711	131.2
1712	131
1710	132
1710	132.1
1711	131.4
1711	131.45
1710	132.2
1710	132.3
1711	131.65
1710	132.4
1709	132.8
1709	132.95
1710	132.65
1709	133
1709	133.05
1709	133.1
1709	133.15
1709	133.15
1709	133.2
1710	132.95
1709	133.25
1708	133.55
1709	133.4
1709	133.45
1708	133.65
1708	133.75
1708	133.8
1708	133.9
1708	133.9
1707	134.1
1707	134.15
1708	134.05
1707	134.2
1707	134.25
1708	134.15
1707	134.35
1707	134.35
1707	134.45
1708	134.35
1707	134.55
1706	134.8
1706	134.85
1707	134.7
1706	134.95
1705	135.8
1706	135.1
1706	135.15
1706	135.1
1705	135.95
1705	136.05
1706	135.25
1705	136.05
1705	136.1
1705	136.15
1706	135.3
1705	136.2
1705	136.2
1705	136.3
1706	135.5
1705	136.4
1704	136.65
1705	136.6
1704	136.8
1703	137
1704	136.95
1704	136.95
1703	137.15
1703	137.25
1704	137.1
1704	137.05
1703	137.25
1703	137.35
1704	137.2
1704	137.2
1703	137.35
1703	137.45
1704	137.35
1703	137.55
1702	138.25
1702	138.35
1703	137.7
1701	138.8
1701	138.9
1702	138.55
1702	138.55
1701	138.95
1701	139
1703	137.95
1702	138.65
1701	139.1
1701	139.2
1702	138.8
1701	139.2
1700	139.35
1701	139.35
1701	139.4
1700	139.5
1700	139.55
1701	139.55
1700	139.6
1699	139.8
1701	139.6
1701	139.6
1700	139.65
1699	139.9
1700	139.8
1700	139.85
1699	140
1699	140.1
1700	140
1699	140.2
1698	140.55
1699	140.3
1699	140.35
1698	140.65
1698	140.65
1698	140.75
1699	140.45
1698	140.75
1698	140.75
1699	140.55
1699	140.5
1698	140.85
1697	141.9
1698	141
1698	141
1697	142
1697	142.1
1697	142.2
1697	142.15
1696	142.3
1696	142.4
1698	141.3
1697	142.25
1696	142.45
1697	142.4
1697	142.4
1696	142.5
1696	142.6
1697	142.55
1697	142.55
1695	142.8
1695	142.9
1696	142.9
1695	142.95
1694	143.2
1695	143.05
1696	142.95
1695	143.05
1695	143.1
1696	143.05
1696	143.05
1694	143.4
1695	143.25
1695	143.3
1694	143.55
1693	143.9
1694	143.7
1694	143.7
1693	143.95
1693	144
1694	143.8
1694	143.8
1693	144.05
1693	144.15
1694	143.9
1694	143.85
1693	144.2
1693	144.35
1694	144.05
1693	144.35
1692	145.15
1692	145.25
1693	144.5
1692	145.25
1691	145.75
1693	144.6
1692	145.35
1692	145.35
1692	145.4
1693	144.75
1693	144.75
1692	145.5
1691	146.05
1692	145.65
1691	146.1
1690	146.3
1691	146.2
1691	146.25
1691	146.25
1690	146.45
1691	146.3
1691	146.35
1690	146.5
1690	146.6
1691	146.45
1691	146.4
1689	146.85
1690	146.75
1690	146.8
1689	146.9
1689	147.05
1690	146.95
1689	147.05
1688	147.15
1689	147.15
1690	147
1689	147.1
1689	147.15
1689	147.3
1690	147.1
1688	147.35
1688	147.4
1688	147.5
1689	147.4
1688	147.5
1687	148.45
1688	147.65
1688	147.6
1687	148.5
1687	148.55
1688	147.7
1688	147.7
1687	148.55
1687	148.65
1688	147.85
1687	148.75
1686	149
1687	148.85
1687	148.85
1686	149.1
1686	149.15
1687	149
1687	148.95
1686	149.15
1686	149.2
1687	149.05
1686	149.25
1685	149.4
1686	149.35
1686	149.35
1685	149.55
1685	149.55
1685	149.65
1685	149.7
1684	149.9
1684	149.95
1685	149.8
1684	150
1684	150.05
1685	149.9
1685	149.85
1684	150.1
1684	150.25
1685	150.05
1684	150.3
1683	150.95
1684	150.4
1684	150.4
1683	151
1683	151.05
1684	150.5
1683	151.1
1683	151.15
1683	151.2
1684	150.6
1683	151.25
1682	151.6
1683	151.35
1683	151.4
1682	151.65
1682	151.7
1683	151.45
1682	151.75
1681	151.85
1682	151.8
1683	151.6
1682	151.85
1681	152
1682	152
1682	152.05
1681	152.1
1680	152.5
1681	152.3
1681	152.3
1680	152.55
1680	152.6
1681	152.35
1681	152.3
1680	152.55
1680	152.65
1681	152.45
1681	152.45
1680	152.7
1680	152.9
1681	152.6
1679	153
1679	153.1
1680	153
1679	153.1
1678	153.6
1679	153.2
1680	153.05
1679	153.2
1679	153.2
1679	153.3
1679	153.3
1678	153.8
1678	153.85
1679	153.4
1678	153.9
1677	154.55
1677	154.6
1679	153.5
1679	153.45
1677	154.6
1678	154
1679	153.6
1678	154.05
1677	154.8
1678	154.2
1678	154.25
1676	154.925
1676	155.075
1677	155.05
1677	155
1676	155.075
1677	155.1
1678	154.5
1676	155.175
1676	155.275
1676	155.325
1677	155.3
1676	155.325
1675	155.95
1676	155.475
1676	155.425
1675	155.95
1675	156.05
1676	155.475
1676	155.425
1675	156.05
1676	155.625
1676	155.625
1674	155.95
1674	156
1675	156.35
1674	156.1
1673	156.7
1674	156.2
1675	156.45
1674	156.2
1674	156.25
1674	156.35
1675	156.55
1674	156.3
1673	157
1674	156.45
1673	157.1
1672	157.25
1673	157.15
1674	156.65
1673	157.15
1672	157.35
1673	157.25
1674	156.65
1673	157.25
1672	157.5
1673	157.4
1673	157.45
1671	158.1
1671	158.25
1672	157.75
1671	158.25
1671	158.25
1672	157.8
1672	157.8
1671	158.25
1671	158.35
1672	157.9
1672	157.9
1670	158.85
1670	158.95
1671	158.5
1670	158.95
1670	159
1671	158.6
1671	158.6
1671	158.55
1670	159.1
1671	158.65
1671	158.7
1670	159.2
1669	159
1670	159.35
1669	159
1669	159.1
1670	159.45
1670	159.4
1669	159.1
1669	159.15
1670	159.5
1669	159.2
1668	160.05
1669	159.3
1669	159.35
1668	160.2
1668	160.25
1668	160.35
1668	160.3
1668	160.25
1668	160.3
1669	159.5
1668	160.35
1667	160.2
1668	160.5
1668	160.55
1667	160.35
1666	161.05
1667	160.45
1667	160.4
1666	161.1
1667	160.45
1668	160.65
1667	160.45
1666	161.2
1667	160.6
1667	160.6
1665	161.8
1665	161.85
1667	160.7
1666	161.35
1665	161.85
1666	161.45
1667	160.75
1665	161.95
1665	161.95
1666	161.55
1666	161.55
1664	161.85
1664	161.95
1665	162.2
1664	161.95
1664	162
1664	162.05
1665	162.25
1664	162
1664	162.1
1665	162.35
1665	162.35
1663	162.55
1663	162.65
1664	162.25
1663	162.65
1663	162.65
1664	162.35
1664	162.3
1663	162.7
1663	162.8
1664	162.45
1663	162.85
1662	163.35
1663	162.95
1662	163.45
1662	163.4
1662	163.45
1663	163
1663	162.95
1662	163.5
1662	163.55
1663	163.15
1662	163.6
1661	164
1661	164.1
1662	163.75
1661	164.1
1661	164.15
1661	164.2
1661	164.25
1661	164.2
1661	164.3
1662	163.95
1661	164.35
1660	164.4
1660	164.5
1661	164.45
1660	164.45
1659	164.85
1661	164.5
1661	164.45
1659	164.85
1660	164.6
1661	164.6
1660	164.65
1659	165
1659	165.1
1660	164.8
1658	165.3
1658	165.4
1660	164.9
1660	164.85
1659	165.2
1658	165.5
1659	165.4
1659	165.35
1657	165.85
1658	165.65
1659	165.5
1658	165.65
1657	166
1658	165.7
1659	165.55
1658	165.65
1657	166.1
1658	165.85
1658	165.8
1656	166.3
1657	166.25
1657	166.25
1656	166.4
1656	166.5
1658	166.05
1657	166.3
1656	166.5
1657	166.45
1657	166.45
1655	167.1
1655	167.15
1656	166.75
1656	166.75
1655	167.15
1656	166.75
1657	166.6
1656	166.75
1655	167.25
1656	166.9
1656	166.9
1654	167.5
1654	167.55
1655	167.45
1655	167.4
1654	167.6
1655	167.45
1655	167.5
1654	167.6
1654	167.65
1655	167.6
1654	167.75
1652	168.45
1653	168.1
1654	167.85
1653	168
1653	168.1
1654	167.95
1654	167.9
1652	168.65
1653	168.3
1653	168.3
1652	168.75
1652	168.8
1653	168.4
1653	168.3
1652	168.8
1652	168.9
1653	168.45
1652	168.95
1651	169.075
1652	169.1
1652	169.05
1651	169.075
1651	169.175
1652	169.15
1652	169.1
1651	169.175
1651	169.275
1651	169.275
1650	169.55
1650	169.65
1651	169.375
1651	169.325
1650	169.65
1650	169.75
1651	169.475
1650	169.7
1650	169.8
1651	169.575
1650	169.85
1649	169.95
1649	170.1
1650	170
1649	170.05
1649	170.15
1650	170.05
1649	170.1
1648	170.7
1649	170.3
1648	170.7
1647	170.8
1648	170.85
1649	170.3
1648	170.75
1648	170.85
1649	170.4
1648	170.85
1647	170.9
1648	171
1648	170.95
1647	170.95
1647	171.05
1648	171.05
1647	171.05
1647	171.1
1647	171.2
1647	171.25
1646	171.55
1646	171.65
1647	171.3
1647	171.25
1646	171.6
1646	171.7
1647	171.35
1646	171.65
1645	172.2
1646	171.85
1645	172.25
1644	172.35
1645	172.35
1646	171.9
1645	172.3
1645	172.35
1646	172
1645	172.4
1644	172.5
1645	172.55
1645	172.55
1643	172.9
1644	172.65
1645	172.6
1644	172.6
1644	172.7
1645	172.75
1644	172.75
1643	173.05
1643	173.25
1644	172.9
1643	173.15
1643	173.25
1644	172.95
1643	173.25
1642	173.45
1643	173.4
1643	173.35
1642	173.5
1642	173.6
1643	173.5
1642	173.55
1642	173.6
1643	173.55
1643	173.55
1641	174.05
1641	174.15
1642	173.8
1641	174.05
1641	174.2
1642	173.9
1641	174.15
1640	174.3
1641	174.35
1641	174.3
1639	174.7
1640	174.45
1641	174.3
1640	174.4
1640	174.5
1641	174.4
1640	174.45
1639	174.9
1640	174.65
1639	174.95
1639	174.95
1639	175.05
1640	174.7
1639	175
1639	175.1
1640	174.8
1638	175.6
1638	175.65
1639	175.2
1639	175.2
1638	175.65
1639	175.3
1639	175.3
1638	175.75
1637	175.55
1638	175.9
1637	175.5
1637	175.6
1638	175.95
1638	175.9
1637	175.6
1638	176.05
1638	176.05
1636	176.35
1636	176.45
1637	175.85
1637	175.8
1636	176.4
1637	175.9
1637	175.9
1636	176.45
1636	176.55
1636	176.65
1636	176.6
1635	176.65
1635	176.8
1637	176.05
1636	176.65
1635	176.8
1636	176.8
1635	176.85
1634	177.3
1635	176.95
1635	176.9
1634	177.4
1635	177
1636	176.95
1634	177.45
1634	177.6
1634	177.7
1634	177.6
1633	177.75
1634	177.7
1635	177.2
1633	177.7
1633	177.85
1634	177.8
1632	178.25
1632	178.3
1634	177.9
1633	177.9
1632	178.3
1633	178
1634	177.9
1632	178.35
1632	178.45
1633	178.15
1631	178.2
1631	178.3
1633	178.2
1632	178.5
1631	178.35
1632	178.65
1632	178.65
1631	178.4
1631	178.5
1632	178.75
1632	178.7
1630	179
1631	178.6
1632	178.8
1630	179.1
1630	179.25
1631	178.75
1630	179.15
1630	179.2
1631	178.75
1631	178.7
1629	179.35
1630	179.4
1629	179.45
1628	179.55
1630	179.5
1629	179.55
1629	179.5
1629	179.65
1629	179.65
1628	179.65
1628	179.8
1629	179.8
1628	179.75
1628	179.8
1629	179.8
1628	179.8
1627	180.3
1628	179.95
1628	179.95
1627	180.3
1627	180.4
1629	179.95
1628	179.95
1627	180.45
1628	180.1
1627	180.55
1626	180.7
1626	180.85
1627	180.65
1626	180.75
1626	180.85
1627	180.7
1626	180.85
1625	181.15
1626	181.05
1626	180.9
1625	181.1
1626	181
1626	181
1625	181.15
1625	181.3
1625	181.25
1624	181.4
1625	181.35
1626	181.15
1624	181.45
1624	181.6
1625	181.45
1624	181.6
1623	181.9
1624	181.75
1624	181.65
1623	181.9
1624	181.8
1624	181.8
1623	181.95
1623	182.05
1624	181.9
1623	182
1623	182.1
1624	181.9
1623	182.1
1622	182.15
1622	182.2
1622	182.25
1621	182.5
1622	182.3
1623	182.3
1621	182.5
1621	182.65
1622	182.35
1621	182.6
1620	182.75
1622	182.35
1622	182.25
1620	182.7
1621	182.7
1621	182.75
1620	182.75
1620	182.85
1621	182.8
1621	182.7
1620	182.85
1621	182.85
1621	182.85
1619	183.25
1620	183.15
1619	183.4
1619	183.5
1621	183.15
1619	183.45
1618	183.65
1619	183.7
1619	183.65
1618	183.7
1619	183.75
1619	183.7
1618	183.7
1618	183.85
1619	183.85
1617	183.85
1617	183.95
1619	183.9
1618	183.8
1617	183.95
1618	184
1618	183.9
1616	184.35
1617	184.05
1618	184.05
1617	184
1617	184.1
1618	184.15
1617	184.1
1615	184.4
1617	184.25
1617	184.25
1616	184.55
1616	184.7
1617	184.35
1616	184.65
1615	184.55
1616	184.85
1615	184.55
1615	184.5
1615	184.65
1616	184.8
1615	184.55
1615	184.7
1615	184.75
1614	185.1
1614	185.2
1615	184.8
1615	184.7
1613	185.4
1614	185.35
1614	185.3
1613	185.45
1613	185.6
1615	184.95
1614	185.3
1613	185.6
1614	185.5
1613	185.65
1612	185.8
1613	185.75
1613	185.75
1613	185.65
1612	186
1613	185.85
1612	185.9
1612	186.05
1613	185.9
1612	185.95
1612	186.05
1613	186
1612	186.15
1610	186.65
1611	186.5
1611	186.35
1611	186.45
1612	186.35
1610	186.75
1610	186.9
1611	186.6
1610	186.8
1610	186.9
1611	186.6
1610	186.85
1609	187.2
1610	187.05
1609	187.1
1609	187.25
1611	186.75
1610	187
1609	187.25
1609	187.4
1609	187.35
1608	187.45
1609	187.4
1610	187.25
1609	187.35
1608	187.6
1609	187.55
1608	187.7
1607	187.85
1608	187.75
1609	187.55
1608	187.65
1607	188.1
1608	187.85
1607	188
1607	188.1
1608	187.95
1608	187.85
1607	188.05
1607	188.25
1607	188.25
1606	188.55
1606	188.7
1607	188.35
1607	188.2
1606	188.65
1607	188.35
1606	188.75
1605	188.6
1607	188.5
1606	188.75
1605	188.65
1606	188.9
1605	188.7
1604	189
1605	188.8
1606	188.95
1605	188.7
1605	188.85
1605	188.95
1604	189.15
1604	189.25
1605	189
1605	188.9
1604	189.25
1604	189.4
1604	189.35
1603	189.35
1603	189.5
1604	189.5
1603	189.4
1603	189.55
1604	189.5
1602	189.6
1602	189.75
1603	189.65
1602	189.65
1602	189.8
1603	189.7
1602	189.75
1601	190.3
1602	189.95
1602	189.85
1601	190.3
1602	190
1602	190
1601	190.35
1601	190.5
1602	190.1
1601	190.35
1601	190.5
1602	190.15
1601	190.45
1599	190.75
1600	190.75
1600	190.65
1600	190.65
1601	190.7
1600	190.8
1599	190.85
1599	191.05
1600	190.85
1599	190.9
1599	191
1600	190.95
1599	190.95
1598	191.25
1599	191.15
1599	191.05
1598	191.3
1599	191.2
1599	191.15
1597	191.4
1598	191.45
1599	191.25
1598	191.3
1598	191.45
1599	191.35
1597	191.5
1597	191.6
1598	191.6
1597	191.55
1597	191.65
1598	191.65
1597	191.6
1596	191.9
1597	191.8
1597	191.7
1596	191.9
1597	191.85
1596	192
1595	192.05
1595	192.2
1596	192.1
1595	192.05
1595	192.15
1596	192.15
1595	192.1
1594	192.25
1596	192.2
1595	192.2
1594	192.2
1595	192.35
1595	192.3
1593	192.55
1594	192.45
1595	192.4
1594	192.3
1594	192.45
1595	192.5
1593	192.65
1593	192.75
1594	192.65
1594	192.5
1593	192.75
1593	192.9
1593	192.9
1592	192.8
1592	192.95
1594	192.7
1592	192.85
1592	192.95
1593	193.1
1592	192.95
1591	193.3
1593	193.15
1592	193
1591	193.3
1591	193.5
1592	193.15
1591	193.4
1591	193.5
1592	193.25
1591	193.4
1591	193.65
1590	193.55
1590	193.55
1591	193.65
1591	193.6
1590	193.55
1590	193.75
1591	193.7
1589	194
1589	194.1
1591	193.8
1589	194.05
1589	194.1
1590	193.95
1589	194.1
1588	194.15
1590	193.95
1589	194.25
1588	194.15
1588	194.3
1589	194.35
1588	194.15
1588	194.3
1589	194.4
1587	194.35
1587	194.45
1588	194.35
1587	194.4
1588	194.5
1587	194.45
1586	194.6
1588	194.55
1587	194.55
1586	194.65
1587	194.75
1587	194.65
1585	194.8
1586	194.85
1587	194.75
1586	194.7
1586	194.9
1586	194.95
1585	194.9
1585	195.05
1586	195.05
1585	195
1584	195.2
1586	195.1
1585	195.05
1584	195.2
1585	195.2
1585	195.2
1584	195.2
1584	195.4
1585	195.3
1584	195.25
1584	195.45
1585	195.3
1583	195.45
1583	195.6
1584	195.55
1583	195.45
1583	195.65
1584	195.6
1583	195.5
1582	195.9
1584	195.65
1583	195.65
1582	195.9
1583	195.8
1582	195.95
1581	196.1
1583	195.85
1583	195.8
1582	195.9
1581	196.3
1582	196.15
1581	196.2
1581	196.3
1582	196.2
1581	196.25
1580	196.45
1581	196.5
1580	196.45
1580	196.45
1581	196.45
1580	196.45
1580	196.6
1581	196.6
1580	196.5
1579	196.75
1581	196.6
1579	196.7
1578	196.85
1580	196.8
1579	196.75
1579	196.85
1580	196.9
1579	196.8
1578	197
1579	197
1579	196.85
1578	197
1578	197.2
1578	197.1
1577	197.1
1578	197.2
1579	197.05
1577	197.15
1577	197.3
1578	197.3
1577	197.3
1577	197.3
1577	197.5
1577	197.35
1576	197.45
1576	197.65
1577	197.5
1576	197.5
1576	197.65
1577	197.6
1576	197.55
1575	197.7
1577	197.65
1576	197.6
1575	197.75
1576	197.85
1575	197.75
1574	197.9
1576	197.85
1575	197.8
1574	197.95
1575	197.95
1574	198
1574	198.05
1575	198.05
1574	198.05
1573	198.2
1574	198.25
1574	198.15
1573	198.15
1573	198.35
1573	198.3
1572	198.35
1573	198.35
1574	198.25
1572	198.35
1573	198.4
1573	198.45
1572	198.55
1574	198.4
1572	198.5
1571	198.75
1572	198.7
1572	198.6
1571	198.8
1572	198.8
1572	198.7
1570	198.9
1572	198.85
1571	198.85
1570	199
1571	199.1
1571	199
1570	199.05
1570	199.25
1571	199.05
1570	199.05
1570	199.3
1570	199.25
1569	199.25
1570	199.3
1570	199.35
1569	199.3
1569	199.5
1570	199.4
1569	199.4
1568	199.5
1570	199.5
1568	199.45
1568	199.5
1569	199.6
1568	199.45
1568	199.6
1569	199.7
1568	199.5
1567	199.7
1569	199.75
1567	199.65
1567	199.7
1568	199.85
1568	199.7
1567	199.75
1568	199.9
1567	199.85
1566	199.9
1567	200.05
1567	199.9
1566	199.9
1566	200.15
1566	200.05
1565	200.1
1567	200.15
1566	200
1565	200.05
1565	200.25
1565	200
1565	200.15
1566	200.25
1565	200.1
1564	200.5
1565	200.4
1564	200.45
1564	200.65
1565	200.4
1563	200.75
1564	200.65
1565	200.45
1563	200.8
1563	200.95
1564	200.9
1563	200.9
1563	201
1564	200.9
1563	201
1562	201.1
1563	201.2
1563	201
1562	201.1
1562	201.3
1562	201.2
1561	201.3
1562	201.3
1563	201.2
1561	201.35
1561	201.6
1562	201.35
1561	201.5
1562	201.5
1561	201.55
1560	201.6
1561	201.7
1560	201.6
1560	201.8
1561	201.75
1560	201.65
1560	201.75
1561	201.8
1560	201.7
1559	201.95
1559	201.95
1559	201.95
1559	202.15
1559	202.05
1558	202.15
1559	202.15
1559	202.1
1558	202.15
1558	202.35
1558	202.35
1558	202.15
1558	202.35
1559	202.25
1557	202.3
1557	202.45
1559	202.3
1557	202.3
1557	202.45
1558	202.5
1557	202.4
1556	202.6
1558	202.55
1557	202.5
1556	202.65
1556	202.85
1557	202.65
1556	202.85
1557	202.8
1556	202.7
1555	202.9
1557	202.8
1556	202.8
1554	203.05
1556	203
1555	202.95
1554	203.05
1555	203.15
1555	203
1554	203.05
1555	203.15
1555	203.1
1554	203.1
1554	203.3
1554	203.25
1553	203.2
1554	203.3
1554	203.3
1553	203.3
1554	203.45
1553	203.35
1553	203.5
1553	203.5
1552	203.45
1553	203.55
1553	203.6
1552	203.5
1552	203.75
1553	203.65
1552	203.55
1552	203.75
1552	203.8
1551	203.6
1551	203.75
1552	203.85
1551	203.65
1550	203.85
1551	203.9
1550	203.75
1551	203.9
1551	203.8
1549	203.7
1550	204
1551	203.9
1550	203.8
1550	204.1
1550	203.9
1549	203.9
1550	204.15
1549	203.9
1548	204
1550	204.15
1549	203.95
1548	204.05
1549	204.2
1548	204.05
1548	204.1
1549	204.25
1548	204.1
1547	204.2
1548	204.3
1548	204.2
1547	204.2
1547	204.45
1548	204.35
1546	204.45
1548	204.4
1546	204.4
1546	204.55
1547	204.4
1546	204.45
1546	204.7
1546	204.65
1545	204.7
1546	204.75
1546	204.7
1545	204.7
1545	204.9
1546	204.75
1545	204.75
1545	204.95
1545	205
1544	204.85
1545	205.1
1545	204.95
1544	204.95
1545	205.15
1544	205.1
1543	205.45
1544	205.25
1543	205.3
1543	205.35
1544	205.25
1543	205.3
1543	205.55
1543	205.5
1542	205.5
1543	205.55
1543	205.5
1542	205.5
1543	205.65
1543	205.5
1541	205.75
1542	205.85
1542	205.7
1541	205.9
1542	205.95
1541	205.8
1541	205.9
1542	205.95
1541	205.85
1540	206
1541	206.1
1540	205.95
1540	206.15
1541	206.15
1540	206
1539	206.45
1541	206.15
1539	206.35
1540	206.25
1540	206.15
1539	206.35
1539	206.6
1539	206.55
1538	206.45
1539	206.65
1538	206.45
1538	206.55
1539	206.55
1538	206.5
1538	206.7
1538	206.65
1537	206.5
1539	206.75
1537	206.5
1537	206.6
1538	206.85
1537	206.6
1536	206.75
1537	206.8
1536	206.7
1537	206.9
1536	206.8
1535	206.85
1536	207
1536	206.85
1535	206.95
1536	207.05
1535	206.8
1535	206.95
1536	207.05
1535	206.9
1534	207
1536	207.15
1535	206.9
1534	207.05
1535	207.05
1534	207.05
1534	207.25
1534	207.25
1533	207.05
1533	207.25
1535	207.2
1533	207.1
1533	207.3
1534	207.35
1533	207.15
1532	207.4
1533	207.35
1532	207.2
1532	207.4
1533	207.45
1531	207.7
1532	207.5
1532	207.3
1531	207.85
1532	207.6
1531	207.75
1531	207.85
1532	207.65
1531	207.8
1530	208.05
1532	207.65
1531	207.85
1530	208.05
1531	208.1
1530	208.05
1530	208.1
1530	208.3
1530	208.15
1529	208.3
1531	208.2
1529	208.15
1528	208.45
1530	208.4
1528	208.4
1529	208.45
1529	208.4
1528	208.4
1528	208.65
1529	208.4
1527	208.6
1529	208.5
1527	208.5
1527	208.75
1528	208.65
1527	208.55
1527	208.75
1527	208.65
1526	208.7
1528	208.75
1527	208.7
1526	208.7
1526	208.9
1526	208.7
1526	208.85
1527	208.9
1525	208.85
1525	208.9
1527	208.95
1525	208.85
1525	209.05
1526	209
1525	208.9
1524	209.1
1525	209
1524	208.95
1524	209.2
1524	209.05
1523	209.05
1525	209.25
1524	209
1523	209.15
1524	209.15
1523	209.1
1523	209.35
1523	209.15
1523	209.25
1524	209.4
1523	209.2
1522	209.4
1523	209.4
1522	209.2
1522	209.4
1523	209.45
1522	209.25
1521	209.55
1522	209.55
1520	209.45
1522	209.55
1520	209.4
1520	209.6
1522	209.55
1521	209.35
1520	209.55
1521	209.65
1520	209.5
1520	209.7
1520	209.65
1519	209.55
1519	209.8
1520	209.55
1518	209.75
1520	209.75
1519	209.6
1518	209.85
1519	209.9
1518	209.7
1518	209.85
1518	209.8
1517	210.2
1519	209.9
1518	209.85
1517	210.2
1518	210.05
1518	209.9
1517	210.25
1517	210.45
1518	210.05
1516	210.4
1517	210.45
1517	210.4
1516	210.4
1516	210.6
1517	210.35
1515	210.55
1517	210.6
1516	210.55
1515	210.6
1516	210.75
1515	210.55
1515	210.7
1515	210.65
1514	210.65
1515	210.85
1516	210.7
1514	210.7
1515	210.9
1515	210.8
1513	210.85
1514	210.95
1514	210.8
1513	210.85
1513	211.05
1513	210.85
1513	210.95
1514	210.95
1513	210.85
1513	211.1
1513	210.9
1512	210.95
1512	211.15
1513	210.95
1512	211.1
1513	211.15
1511	211
1512	211.25
1511	210.95
1511	211.15
1512	211.3
1511	211
1510	211.3
1511	211.3
1510	211.2
1510	211.4
1510	211.2
1510	211.3
1511	211.35
1510	211.2
1509	211.6
1511	211.4
1509	211.45
1509	211.65
1510	211.5
1509	211.5
1508	212
1509	211.6
1508	211.85
1509	211.8
1508	211.9
1508	212.1
1509	211.7
1507	212.05
1508	212.2
1508	211.95
1507	212.1
1508	212.2
1507	212.1
1507	212.25
1506	212.05
1505	212
1506	212.2
1505	211.95
1505	212.05
1506	212
1505	211.85
1505	212.05
1506	212.05
1505	211.85
1505	212.1
1505	211.95
1504	211.9
1505	212.1
1504	211.9
1504	212.15
1505	212
1503	212
1505	212.2
1504	211.95
1503	212.15
1504	212.05
1503	212.1
1503	212.3
1503	212.15
1503	212.25
1504	212.35
1502	212.6
1502	212.75
1503	212.35
1501	212.6
1501	212.85
1502	212.65
1501	212.8
1502	212.8
1501	212.6
1500	212.75
1501	212.65
1500	212.6
1501	212.8
1500	212.55
1500	212.7
1501	212.8
1500	212.55
1499	212.75
1501	212.75
1499	212.7
1500	212.85
1499	212.6
1499	212.85
1499	212.7
1498	212.8
1499	212.85
1498	212.75
1500	213
1498	212.8
1498	213.05
1499	212.95
1497	213.35
1498	213.15
1496	213.5
1497	213.55
1497	213.35
1497	213.5
1498	213.15
1496	213.6
1497	213.6
1496	213.6
1495	213.6
1496	213.85
1496	213.65
1495	213.75
1496	213.8
1494	213.55
1495	213.8
1495	213.6
1494	213.65
1495	213.7
1494	213.7
1495	213.85
1493	213.6
1494	213.85
1494	213.75
1493	213.65
1494	213.95
1493	213.7
1493	213.75
1494	214
1493	213.7
1492	213.85
1493	213.9
1492	213.75
1493	214.05
1492	213.85
1492	214
1492	214
1490	214.2
1492	214.1
1491	214.05
1490	214.25
1491	214.3
1491	214.1
1490	214.25
1491	214.3
1490	214.2
1490	214.4
1490	214.3
1490	214.3
1490	214.5
1490	214.3
1489	214.45
1490	214.5
1489	214.5
1489	214.75
1490	214.45
1488	214.55
1488	214.8
1489	214.65
1488	214.6
1488	214.8
1488	214.65
1487	214.6
1488	214.8
1487	214.6
1488	214.85
1487	214.6
1487	214.9
1487	214.7
1486	214.6
1488	214.9
1486	214.65
1486	214.9
1486	214.7
1485	214.85
1486	214.85
1485	214.75
1486	214.95
1485	214.8
1485	214.9
1486	215
1484	214.8
1485	215
1485	215.05
1484	214.85
1484	215.05
1484	214.9
1483	215
1484	215.05
1483	214.95
1483	215.2
1484	214.9
1482	215.35
1483	215.2
1482	215.3
1482	215.5
1482	215.4
1482	215.5
1483	215.2
1481	215.2
1483	215.25
1481	215.25
1481	215.35
1482	215.65
1480	215.35
1481	215.55
1480	215.3
1480	215.45
1480	215.35
1479	215.5
1480	215.45
1479	215.45
1480	215.6
1479	215.45
1479	215.55
1480	215.6
1478	215.45
1478	215.6
1479	215.65
1478	215.45
1479	215.7
1478	215.55
1477	215.9
1479	215.75
1477	215.9
1478	215.85
1478	215.65
1476	215.95
1478	215.75
1476	215.9
1476	216.1
1476	215.95
1475	215.9
1477	216.15
1476	215.9
1476	216.15
1475	215.8
1475	215.95
1476	216.1
1475	215.8
1476	216.2
1474	215.85
1474	216.05
1474	215.9
1473	216
1475	216
1474	215.9
1474	216.15
1475	216.05
1473	216
1474	216.15
1472	216.45
1473	216.3
1473	216.1
1472	216.6
1473	216.25
1472	216.4
1473	216.3
1472	216.4
1472	216.55
1473	216.25
1471	216.35
1472	216.7
1471	216.4
1471	216.55
1472	216.6
1470	216.4
1472	216.75
1470	216.4
1471	216.7
1469	216.55
1470	216.75
1470	216.5
1469	216.7
1469	216.7
1468	216.9
1469	216.7
1468	216.75
1468	216.95
1468	216.75
1468	216.85
1469	216.75
1467	216.75
1468	217.05
1467	216.75
1467	216.95
1467	216.85
1466	216.95
1468	217.05
1466	216.95
1467	217.1
1467	216.9
1465	217.1
1467	217.05
1465	216.95
1466	217.2
1466	217
1465	217.05
1466	217.15
1464	217.35
1465	217.25
1465	217
1465	217.25
1465	217.1
1464	217.45
1465	217.25
1464	217.35
1463	217.7
1464	217.45
1463	217.6
1464	217.6
1462	217.55
1463	217.85
1463	217.8
1462	217.6
1463	217.9
1462	217.6
1461	217.65
1462	217.7
1461	217.5
1462	217.85
1461	217.5
1461	217.75
1462	217.75
1460	217.6
1461	217.8
1460	217.55
1460	217.7
1461	217.6
1459	218.05
1460	217.7
1459	218.05
1460	217.8
1459	218.05
1459	218.25
1460	217.75
1458	218
1459	218.3
1458	217.9
1458	218.15
1458	217.95
1458	218
1458	218.1
1457	218.05
1458	218.2
1456	217.95
1457	218.2
1456	217.95
1456	218.1
1457	218.1
1455	218.35
1457	218.15
1456	217.95
1457	218.25
1456	218
1455	218.55
1455	218.4
1454	218.55
1455	218.55
1453	218.35
1455	218.65
1453	218.2
1453	218.4
1453	218.15
1453	218.3
1454	218.35
1453	218.2
1453	218.45
1453	218.2
1453	218.45
1452	218.25
1453	218.4
1451	218.6
1452	218.35
1451	218.75
1451	218.55
1451	218.8
1450	218.4
1451	218.75
1450	218.55
1451	218.65
1449	218.65
1449	218.5
1450	218.7
1449	218.5
1450	218.7
1448	218.8
1449	218.65
1448	218.9
1448	218.8
1449	218.85
1447	218.825
1448	219
1446	218.95
1447	218.875
1446	219
1446	218.8
1446	219
1446	218.75
1446	219.05
1445	219.1
1445	219.3
1445	219.15
1444	219.15
1446	219
1444	219.2
1445	219.35
1443	219.2
1445	219.4
1443	219.1
1444	219.35
1444	219.2
1443	219.3
1444	219.3
1442	219.4
1443	219.3
1442	219.5
1443	219.45
1442	219.45
1443	219.45
1442	219.45
1441	219.45
1442	219.6
1441	219.4
1441	219.65
1441	219.45
1440	219.5
1441	219.6
1440	219.6
1441	219.6
1439	219.8
1440	219.6
1439	219.7
1440	219.7
1438	219.6
1439	219.95
1438	219.65
1438	219.7
1439	219.8
1438	219.65
1439	220
1438	219.7
1438	219.9
1438	219.7
1436	220.05
1438	219.8
1436	220.1
1437	219.7
1436	220.1
1437	219.9
1435	220
1437	219.85
1435	220.05
1436	220.3
1435	220
1435	220.15
1435	220
1435	220.2
1434	219.95
1434	220.05
1435	220.15
1434	220
1435	220.2
1433	220.3
1435	220.35
1433	220.35
1433	220.6
1433	220.35
1432	220.35
1433	220.45
1432	220.4
1433	220.65
1431	220.15
1433	220.6
1431	220.15
1432	220.4
1430	220.15
1432	220.5
1431	220.1
1432	220.55
1431	220.2
1430	220.3
1430	220.3
1429	220.65
1430	220.45
1429	220.6
1430	220.45
1429	220.65
1429	220.85
1429	220.65
1428	220.75
1429	220.9
1428	220.6
1428	220.9
1428	220.7
1427	220.65
1428	220.65
1427	220.75
1428	220.8
1426	220.6
1427	220.8
1426	220.55
1427	220.85
1427	220.65
1425	220.9
1427	220.75
1425	221
1426	220.75
1424	221.05
1426	220.7
1424	221.2
1424	221.05
1423	221
1425	221
1423	220.9
1424	221.1
1423	220.85
1424	221.2
1423	220.95
1423	221.15
1422	220.9
1423	221.15
1422	220.95
1422	221.1
1422	221
1421	221.25
1422	221.15
1421	221.2
1422	221.2
1420	221.15
1420	221.3
1421	221.25
1420	221.2
1421	221.25
1419	221.25
1420	221.15
1420	221.4
1419	221.1
1419	221.3
1420	221.3
1418	221.2
1419	221.2
1418	221.15
1419	221.3
1418	221.15
1418	221.45
1417	221.2
1417	221.4
1417	221.25
1416	221.45
1416	221.2
1416	221.3
1417	221.25
1416	221.3
1417	221.4
1415	221.5
1416	221.45
1414	221.5
1416	221.45
1415	221.5
1416	221.5
1415	221.5
1414	221.65
1414	221.45
1413	221.65
1415	221.6
1413	221.7
1414	221.65
1412	221.7
1414	221.75
1412	221.65
1412	221.85
1412	221.7
1412	221.8
1413	221.6
1412	221.7
1413	221.7
1412	221.7
1412	221.95
1412	221.75
1411	221.85
1411	221.7
1410	221.8
1411	221.85
1409	222.05
1410	221.75
1409	222.05
1410	221.85
1409	221.9
1410	221.85
1409	221.85
1410	221.85
1408	221.925
1409	222.15
1407	222.1
1408	222.125
1407	222.15
1408	222.225
1407	222.05
1408	222.225
1406	222
1407	222.3
1406	222
1407	222.3
1406	222.05
1406	222.25
1407	222.2
1405	221.9
1406	222.25
1405	222
1406	222.35
1404	222.1
1405	222.25
1404	222.1
1404	222.3
1404	222.05
1404	222.3
1404	222.1
1403	222.25
1404	222.3
1402	222.05
1404	222.25
1401	222.45
1403	222.3
1401	222.3
1403	222.3
1401	222.35
1402	222.15
1401	222.3
1401	222.5
1401	222.4
1400	222.4
1400	222.1
1400	222.35
1400	222.15
1399	222.3
1399	222.1
1399	222.25
1400	222.15
1399	222.4
1399	222.3
1398	222.55
1398	222.55
1398	222.6
1398	222.4
1397	222.5
1397	222.35
1397	222.55
1397	222.3
1397	222.6
1396	222.3
1397	222.65
1396	222.3
1397	222.6
1395	222.55
1396	222.6
1395	222.55
1395	222.8
1394	222.55
1394	222.65
1394	222.5
1394	222.7
1394	222.5
1394	222.75
1393	222.8
1394	222.8
1392	222.6
1394	222.8
1392	222.6
1392	222.85
1392	222.65
1392	222.9
1391	222.55
1392	222.85
1391	222.6
1392	222.85
1390	222.85
1391	222.8
1390	222.8
1391	222.75
1390	222.8
1390	223
1389	222.7
1390	223.05
1389	222.7
1390	223.05
1389	222.75
1388	222.9
1388	222.9
1388	223.05
1387	223.05
1387	223.25
1387	222.95
1386	223.15
1387	222.95
1386	223.2
1387	223
1386	223.3
1387	223.15
1385	223.1
1386	223.1
1385	223.1
1385	222.95
1385	223.15
1385	223.05
1384	223.4
1385	222.95
1384	223.45
1385	223.05
1383	223.15
1384	223.4
1383	223.1
1384	223.45
1383	223
1383	223.2
1382	223.2
1383	223.2
1381	223.05
1383	223.15
1381	223.2
1382	223.25
1381	223.1
1382	223.4
1380	223.4
1381	223.15
1379	223.3
1381	223.25
1379	223.2
1380	223.35
1379	223.15
1380	223.4
1378	223.4
1380	223.4
1378	223.5
1379	223.3
1377	223.4
1378	223.45
1378	223.6
1379	223.4
1377	223.4
1378	223.55
1376	223.7
1377	223.35
1376	223.8
1377	223.4
1375	223.5
1376	223.6
1375	223.55
1375	223.4
1375	223.6
1374	223.35
1375	223.65
1374	223.3
1376	223.85
1374	223.4
1374	223.65
1373	223.55
1373	223.8
1372	223.45
1373	223.75
1372	223.4
1372	223.65
1372	223.4
1372	223.65
1371	223.65
1372	223.7
1371	223.75
1372	223.65
1370	223.6
1371	223.85
1370	223.55
1371	224
1370	223.6
1371	223.9
1369	223.7
1370	223.7
1368	223.6
1370	223.8
1368	223.55
1369	223.85
1368	223.65
1369	223.85
1367	223.85
1368	223.85
1367	223.75
1368	223.85
1366	223.7
1367	224.05
1366	223.7
1367	224.05
1366	223.7
1365	223.9
1365	223.65
1366	223.95
1365	223.65
1366	223.9
1364	223.75
1365	223.85
1363	223.65
1365	223.85
1363	223.65
1364	223.9
1362	223.8
1363	223.7
1362	223.85
1363	223.7
1362	223.85
1362	223.8
1362	223.9
1362	223.75
1361	224.3
1361	224.1
1361	224.35
1360	223.95
1361	224.3
1360	224
1360	224.2
1360	223.95
1361	224.35
1359	224.15
1359	224.4
1359	224.2
1359	224.5
1358	224.1
1359	224.45
1357	224.25
1358	224.25
1357	224.3
1357	224.5
1357	224.2
1356	224.2
1357	224.3
1356	224.2
1356	224.1
1355	224.2
1357	224.35
1355	224.25
1356	224.2
1354	224.15
1355	224.2
1354	224.2
1354	224
1354	224.25
1354	223.95
1354	224.2
1353	224.15
1354	224.15
1353	224.2
1353	224.4
1352	224
1353	224.45
1353	224.2
1352	224.2
1352	224.05
1351	224.5
1351	224.25
1351	224.5
1350	224.5
1351	224.5
1350	224.5
1350	224.7
1350	224.4
1350	224.65
1350	224.4
1350	224.7
1349	224.3
1349	224.6
1349	224.35
1349	224.55
1348	224.15
1349	224.6
1348	224.2
1347	224.55
1347	224.35
1347	224.55
1347	224.4
1346	224.6
1347	224.4
1346	224.6
1346	224.4
1345	224.7
1345	224.4
1345	224.65
1345	224.4
1345	224.7
1345	224.5
1344	224.65
1345	224.55
1344	224.55
1345	224.7
1343	224.45
1344	224.55
1342	224.65
1343	224.4
1342	224.65
1343	224.55
1341	224.6
1343	224.4
1342	224.45
1343	224.6
1341	224.5
1342	224.75
1340	224.45
1342	224.7
1340	224.4
1341	224.75
1339	224.85
1340	224.55
1339	224.85
1340	224.5
1339	224.85
1339	224.75
1338	224.95
1338	224.75
1338	224.95
1338	224.75
1338	224.95
1337	224.5
1337	224.7
1338	224.7
1337	224.8
1336	224.55
1336	224.8
1336	224.55
1336	224.7
1335	224.6
1336	224.75
1335	224.6
1334	224.9
1335	224.7
1334	225
1335	224.8
1333	224.8
1334	224.85
1333	224.75
1334	224.8
1333	224.85
1333	224.65
1332	225
1332	224.8
1332	225.05
1332	224.8
1332	225.05
1331	224.6
1332	225.05
1331	224.55
1332	224.95
1330	224.8
1331	224.7
1329	224.9
1331	224.65
1329	224.95
1330	224.85
1328	224.85
1329	224.95
1328	224.9
1328	224.75
1327	224.95
1328	224.7
1327	224.95
1328	224.65
1328	224.9
1326	224.9
1327	224.95
1326	224.9
1327	224.95
1325	224.8
1327	224.9
1325	224.75
1326	225.05
1324	224.95
1325	224.8
1324	225
1325	224.75
1324	225.1
1324	224.9
1324	225.15
1323	224.75
1323	225
1323	224.8
1323	225.1
1323	224.85
1323	225.15
1322	224.9
1323	225.15
1321	224.8
1322	225.1
1320	225.1
1322	225.05
1320	224.95
1321	224.95
1320	225
1321	224.95
1319	224.8
1320	225.2
1318	225
1320	225.1
1318	225.05
1319	224.85
1318	225.05
1319	224.85
1317	224.95
1318	225.05
1317	225
1317	224.85
1317	225
1316	224.95
1316	225.2
1316	224.95
1316	225.2
1315	224.9
1316	225.25
1315	224.9
1316	225.2
1314	224.9
1315	225.15
1313	225.15
1315	225.1
1313	225.15
1314	225.05
1312	224.75
1314	225
1312	224.8
1313	225.25
1312	224.8
1313	225.2
1311	224.9
1312	224.95
1311	224.8
1312	224.9
1310	224.8
1311	224.9
1310	224.9
1310	224.8
1310	224.95
1310	224.7
1309	225.05
1309	224.8
1309	225.05
1309	224.8
1309	225.1
1308	224.7
1309	225.15
1307	224.9
1309	225.1
1307	224.95
1308	224.9
1306	225.25
1307	225.05
1306	225.25
1306	225.1
1305	225.1
1305	224.9
1305	225.15
1305	224.9
1306	225.4
1304	225
1305	225.15
1304	225
1305	225.1
1303	225
1304	225.2
1302	225.1
1304	225.15
1302	225.1
1303	224.95
1301	225.05
1302	225.05
1301	225.05
1302	225
1301	225.1
1301	224.85
1301	225.15
1300	225.05
1301	225.05
1300	225.05
1301	225.15
1299	224.85
1300	225.3
1298	225.1
1299	224.95
1298	225.15
1299	224.9
1297	224.85
1299	224.85
1297	225
1298	225.1
1296	225
1297	224.85
1296	225.05
1296	224.9
1296	225.1
1295	225
1296	225.1
1295	225
1296	225.05
1294	225.1
1295	225.15
1293	225
1295	225.1
1293	225
1294	225.25
1292	224.9
1294	225.25
1292	224.85
1293	224.95
1292	225
1292	224.85
1291	225.15
1291	224.95
1291	225.15
1290	224.8
1291	225.1
1290	224.75
1291	225.05
1290	224.8
1291	225.1
1289	224.8
1290	224.95
1288	225.05
1290	224.9
1288	224.95
1289	224.85
1287	224.9
1288	224.9
1287	224.95
1287	224.75
1287	224.95
1287	224.75
1287	225
1286	224.75
1287	225
1285	224.9
1287	224.95
1285	225
1286	224.95
1284	225
1285	225.05
1284	225.05
1284	224.9
1283	225
1283	224.8
1283	225
1283	224.7
1283	225
1282	224.65
1283	225.05
1282	224.65
1283	224.95
1281	224.7
1282	224.85
1280	224.7
1282	224.8
1280	224.8
1281	224.8
1280	224.75
1280	224.7
1279	224.8
1280	224.7
1279	224.9
1279	224.7
1279	224.95
1278	224.55
1279	224.9
1278	224.55
1278	224.75
1278	224.65
1277	224.75
1277	224.45
1277	224.7
1276	224.75
1277	224.6
1276	224.65
1277	224.6
1275	224.5
1276	224.8
1274	224.9
1275	224.55
1274	225
1275	224.55
1274	225.1
1274	224.9
1273	224.85
1273	224.65
1273	224.9
1273	224.6
1273	224.85
1272	224.55
1273	224.85
1272	224.55
1273	224.9
1271	224.95
1272	224.9
1270	224.75
1272	224.85
1270	224.9
1271	225.1
1269	224.85
1270	224.8
1269	224.8
1269	224.6
1268	225.05
1269	224.5
1269	224.8
1268	224.85
1269	224.85
1267	224.6
1268	225.1
1266	224.8
1268	225
1266	224.8
1267	224.7
1265	224.7
1267	224.65
1265	224.7
1265	224.55
1264	225.15
1265	224.5
1265	224.8
1264	224.85
1265	224.8
1263	224.55
1264	225.15
1263	224.6
1264	225.2
1262	224.75
1263	224.85
1261	224.9
1262	224.95
1261	224.85
1262	224.8
1260	224.75
1262	224.75
1260	224.75
1261	224.85
1260	224.8
1260	224.65
1259	224.7
1259	224.5
1259	224.75
1259	224.5
1259	224.8
1258	224.4
1259	224.8
1258	224.4
1258	224.6
1257	224.5
1258	224.55
1256	224.5
1258	224.5
1256	224.6
1257	224.6
1256	224.65
1257	224.65
1255	225
1255	224.85
1254	225.05
1254	224.8
1254	225
1254	224.7
1254	225
1253	224.7
1254	225
1253	224.75
1254	225
1252	224.6
1253	224.95
1252	224.55
1253	224.95
1251	224.75
1252	224.8
1250	224.65
1252	224.75
1250	224.65
1251	224.85
1250	224.7
1251	224.8
1249	224.7
1250	224.65
1249	224.7
1249	224.45
1249	224.8
1249	224.5
1249	224.8
1248	224.75
1248	225.05
1247	224.85
1248	224.95
1246	224.65
1248	224.85
1246	224.65
1247	224.95
1245	224.6
1247	224.95
1245	224.65
1246	224.7
1244	224.7
1245	224.55
1244	224.8
1244	224.55
1243	224.85
1244	224.5
1243	224.9
1243	224.6
1243	224.85
1242	224.6
1242	224.9
1242	224.6
1242	224.9
1241	224.3
1242	224.9
1241	224.35
1242	224.85
1240	224.5
1241	224.6
1239	224.55
1240	224.75
1239	224.45
1240	224.65
1238	224.45
1240	224.55
1238	224.45
1239	224.5
1237	224.65
1238	224.35
1237	224.55
1238	224.4
1236	224.4
1237	224.4
1236	224.5
1236	224.25
1235	224.65
1235	224.4
1236	224.5
1235	224.35
1235	224.65
1234	224.4
1235	224.65
1234	224.35
1235	224.65
1233	224.2
1235	224.6
1233	224.25
1234	224.65
1232	224.25
1233	224.45
1231	224.3
1232	224.45
1231	224.2
1233	224.3
1230	224.45
1232	224.3
1230	224.55
1231	224.3
1229	224.6
1230	224.5
1229	224.6
1230	224.45
1229	224.65
1229	224.4
1229	224.7
1228	224.15
1229	224.75
1228	224.15
1229	224.7
1228	224.2
1227	224.4
1227	224.15
1227	224.4
1226	224.1
1226	224.4
1226	224.15
1225	224.375
1225	224.075
1225	224.325
1224	223.95
1225	224.325
1224	223.95
1225	224.225
1224	223.9
1225	224.225
1223	224.15
1224	224.2
1222	224.05
1224	224.15
1222	224.05
1223	224.2
1221	224.2
1223	224.2
1221	224.3
1222	224.05
1220	224.15
1221	224.25
1220	224.15
1220	223.95
1220	224.2
1219	223.95
1219	224.2
1219	223.9
1220	224.3
1219	223.95
1219	224.3
1217	224.05
1218	224.5
1217	224
1218	224.3
1216	224.05
1218	224.25
1216	224.05
1217	224
1216	224.2
1216	224.1
1215	224.35
1215	224.15
1215	224.4
1215	224.1
1214	224.1
1214	223.85
1214	224.1
1213	223.85
1214	224.15
1212	224
1214	224.05
1212	224.05
1213	224.05
1211	223.85
1213	224
1211	223.8
1213	224
1210	224.1
1212	224.15
1209	223.95
1211	223.8
1209	223.9
1210	224
1209	224
1209	223.75
1208	224.25
1209	223.75
1208	224.3
1208	223.95
1209	224.05
1207	223.7
1208	224.15
1206	223.65
1208	224.15
1206	223.7
1207	223.9
1205	223.95
1207	223.9
1205	223.9
1206	223.75
1204	223.65
1206	223.75
1204	223.65
1205	223.85
1203	224
1204	223.6
1203	224.1
1203	223.9
1203	224.15
1202	223.65
1202	223.9
1202	223.5
1202	223.9
1202	223.55
1202	223.85
1200	223.65
1201	223.85
1200	223.6
1201	223.8
1199	223.55
1200	223.8
1198	223.4
1200	223.75
1198	223.4
1200	223.75
1197	223.6
1199	223.6
1197	223.6
1198	223.4
1196	223.25
1197	223.45
1196	223.4
1197	223.45
1196	223.35
1196	223.15
1195	223.85
1195	223.5
1195	223.8
1194	223.4
1195	223.75
1194	223.35
1195	223.75
1194	223.4
1195	223.7
1192	223.35
1194	223.55
1192	223.4
1193	223.35
1192	223.4
1193	223.4
1191	223.65
1192	223.35
1191	223.6
1192	223.35
1190	223.25
1191	223.5
1189	223.5
1191	223.45
1189	223.5
1190	223.1
1189	223.5
1190	223.1
1188	223.6
1188	223.3
1188	223.6
1188	223.3
1188	223.55
1187	222.95
1188	223.5
1187	222.95
1188	223.5
1186	223.1
1187	223.2
1185	222.95
1187	223.15
1184	223.05
1186	223.25
1184	223.05
1186	223.2
1184	223.05
1185	223.05
1183	223.3
1184	223.05
1183	223.3
1184	223.05
1182	223
1183	223.15
1181	223.15
1183	223.1
1181	223.1
1182	222.85
1180	223.2
1181	223
1180	223.2
1180	222.85
1180	223.1
1180	222.8
1179	223.25
1179	222.95
1179	223.35
1178	222.7
1179	223.35
1178	222.65
1179	223.25
1177	222.7
1178	223
1177	222.7
1178	222.9
1176	222.9
1177	223
1175	222.65
1177	222.85
1175	222.65
1176	223.1
1174	222.75
1176	223
1174	222.7
1176	223.05
1173	222.95
1175	222.7
1173	222.95
1174	222.7
1172	222.75
1173	222.8
1172	222.75
1173	222.8
1171	222.9
1172	222.6
1171	222.9
1172	222.6
1170	223
1171	222.6
1170	223
1171	222.6
1169	222.7
1170	222.7
1169	222.7
1169	222.5
1169	222.75
1169	222.45
1168	222.85
1168	222.5
1168	222.8
1167	222.5
1168	222.8
1167	222.5
1168	222.8
1166	222.5
1167	222.85
1165	222.35
1166	222.65
1165	222.3
1166	222.65
1164	222.3
1166	222.6
1164	222.35
1165	222.6
1163	222.5
1165	222.5
1163	222.5
1164	222.45
1162	222.5
1164	222.45
1161	222.5
1163	222.6
1161	222.4
1163	222.6
1160	222.7
1162	222.55
1160	222.7
1161	222.4
1159	222.8
1161	222.4
1159	222.8
1161	222.4
1158	222.5
1159	222.7
1157	222.6
1159	222.6
1157	222.5
1159	222.6
1157	222.45
1158	222.3
1156	222.6
1158	222.25
1156	222.65
1156	222.45
1155	222.7
1156	222.4
1155	222.7
1155	222.35
1155	222.7
1154	222.35
1154	222.7
1154	222.35
1154	222.6
1153	222.15
1154	222.6
1153	222.2
1154	222.55
1152	221.95
1153	222.5
1151	222.15
1152	222.2
1151	222.1
1151	222.4
1151	222
1151	222.3
1150	222.1
1151	222.3
1149	222.1
1151	222.25
1149	222.15
1150	222.45
1148	222.15
1150	222.35
1148	222.15
1149	222.3
1147	221.8
1148	222.3
1147	221.85
1148	222.3
1146	222
1147	222
1145	221.9
1147	222.05
1145	221.9
1147	221.95
1144	221.8
1146	222.15
1144	221.8
1145	222.1
1143	221.85
1145	222.1
1143	221.8
1144	221.95
1142	221.85
1144	221.95
1142	221.85
1143	222
1142	221.85
1143	222
1141	221.8
1142	222.1
1140	221.5
1141	222.1
1140	221.5
1141	222.05
1139	221.55
1141	222.1
1139	221.5
1140	221.7
1138	221.4
1140	221.7
1138	221.4
1139	221.75
1138	221.4
1139	221.8
1137	221.55
1138	221.75
1136	221.85
1137	221.8
1135	221.4
1137	221.7
1135	221.4
1137	221.65
1135	221.35
1136	222
1134	221.45
1135	221.75
1134	221.45
1135	221.7
1133	221.4
1134	221.8
1133	221.4
1134	221.75
1132	221.4
1133	221.75
1132	221.4
1133	221.75
1131	221.4
1132	221.75
1131	221.4
1131	221.7
1131	221.35
1131	221.75
1130	221.5
1130	221.85
1129	221.45
1129	221.75
1128	221.3
1129	221.65
1128	221.2
1129	221.7
1128	221.25
1128	221.6
1127	221.35
1128	221.6
1126	221.35
1127	221.65
1126	221.3
1127	221.7
1125	221.05
1126	221.7
1125	221.05
1125	221.4
1124	221.35
1125	221.35
1124	221.35
1124	221.7
1124	221.35
1124	221.7
1123	221.15
1123	221.5
1122	221.2
1122	221.6
1121	221
1121	221.3
1121	220.9
1120	221.35
1121	220.85
1120	221.3
1120	221.05
1120	221.35
1120	221.1
1119	221.25
1119	221
1119	221.3
1119	220.95
1118	221.3
1118	221
1117	221.15
1118	220.95
1117	221.1
1117	220.8
1117	221.15
1116	220.8
1116	221.15
1116	220.8
1116	221.1
1116	220.8
1115	221.3
1116	220.85
1114	221.05
1114	220.8
1113	221.2
1114	220.65
1113	221.05
1114	220.6
1112	220.7
1114	220.75
1112	220.85
1113	220.95
1111	220.8
1113	221
1111	220.65
1112	220.7
1110	220.6
1112	220.75
1110	220.5
1111	220.7
1109	220.75
1111	220.7
1109	220.7
1110	220.6
1108	220.45
1110	220.65
1108	220.45
1109	220.9
1107	220.75
1109	220.9
1106	220.65
1108	220.55
1105	220.55
1107	220.85
1106	220.5
1107	220.85
1105	220.4
1106	220.9
1105	220.4
1106	220.85
1104	220.15
1105	220.75
1104	220.15
1104	220.5
1103	220.4
1103	220.75
1103	220.4
1103	220.75
1102	220.15
1102	220.5
1102	220.1
1101	220.4
1102	220.2
1100	220.55
1102	220.25
1100	220.5
1102	220.3
1099	220.35
1100	220.5
1098	220.15
1100	220.45
1098	220.05
1100	220.45
1098	220
1099	220.35
1097	220.1
1099	220.4
1097	220.15
1098	220.25
1096	220.35
1097	220.45
1096	220.3
1096	220.65
1096	220.3
1095	220.55
1096	220.35
1094	220.05
1096	220.3
1094	219.95
1095	220.3
1093	220.15
1095	220.3
1092	219.85
1094	219.95
1091	219.85
1093	220.1
1091	219.65
1092	219.85
1091	219.55
1092	219.8
1091	219.5
1092	219.8
1090	219.8
1091	219.9
1090	219.8
1089	219.95
1090	219.8
1089	219.95
1089	219.7
1088	219.8
1090	219.85
1088	219.8
1089	219.8
1087	219.95
1089	219.8
1087	219.9
1089	219.9
1086	219.9
1088	219.9
1086	219.95
1088	219.95
1086	219.95
1087	220.15
1085	219.75
1086	220.2
1084	219.5
1085	219.95
1084	219.35
1085	219.9
1084	219.35
1084	219.75
1083	219.7
1083	220.05
1083	219.7
1082	219.85
1082	219.55
1081	219.7
1082	219.6
1080	219.45
1082	219.65
1080	219.35
1082	219.7
1079	219.65
1081	219.55
1079	219.55
1080	219.45
1078	219.4
1080	219.45
1079	219.45
1079	219.85
1078	219.4
1078	219.8
1077	219.25
1077	219.55
1077	219.1
1076	219.45
1077	219.05
1076	219.3
1077	219.15
1075	219.15
1077	219.3
1074	219.15
1076	219.4
1074	219.15
1076	219.4
1074	219.05
1075	219.3
1073	219.1
1074	219.35
1073	219.1
1073	219.5
1072	218.9
1073	219.5
1072	218.9
1072	219.25
1072	218.9
1071	219.4
1071	219.1
1070	219.45
1071	219.1
1069	219.25
1071	219.15
1068	219
1070	219.25
1068	218.95
1070	219.3
1068	218.85
1069	219.25
1067	219
1069	219.35
1067	219
1068	219.2
1067	219
1067	219.4
1067	219
1065	219.1
1067	219.05
1065	219
1066	219.05
1064	218.9
1066	219.1
1064	218.8
1066	219.15
1064	218.75
1065	219.05
1063	218.95
1064	219.05
1062	218.6
1063	219.15
1062	218.5
1063	219.1
1062	218.45
1063	219.1
1061	218.7
1062	218.85
1060	218.5
1061	219.05
1060	218.5
1060	218.9
1059	218.25
1060	218.9
1059	218.25
1059	218.55
1058	218.5
1057	218.55
1058	218.5
1057	218.5
1058	218.55
1056	218.65
1058	218.65
1056	218.55
1058	218.7
1055	218.7
1057	218.55
1055	218.6
1056	218.75
1054	218.4
1055	218.85
1055	218.45
1055	218.85
1054	218.4
1053	218.8
1054	218.45
1052	218.6
1054	218.45
1052	218.5
1053	218.55
1051	218.45
1053	218.6
1051	218.35
1053	218.7
1051	218.3
1052	218.65
1050	218.4
1051	218.65
1050	218.35
1050	218.75
1049	218.05
1049	218.45
1048	218.05
1048	218.45
1048	218
1046	218.25
1048	217.95
1046	218
1048	217.9
1046	217.95
1048	218
1045	217.825
1047	218.35
1045	217.725
1047	218.35
1045	217.675
1046	218.1
1044	217.9
1045	218.125
1044	217.9
1044	218.25
1044	217.9
1043	218.05
1044	217.95
1042	217.8
1043	217.8
1041	217.85
1043	217.85
1041	217.7
1043	217.95
1040	217.9
1041	218
1040	217.85
1040	218.25
1040	217.8
1039	217.9
1040	217.75
1038	217.5
1040	217.85
1038	217.5
1040	218
1037	217.5
1039	217.85
1037	217.4
1039	217.85
1037	217.35
1038	217.6
1036	217.5
1036	217.9
1036	217.55
1035	217.4
1037	217.6
1035	217.3
1036	217.8
1034	217.65
1036	217.8
1034	217.6
1035	217.6
1033	217.25
1033	217.65
1033	217.2
1032	217.75
1033	217.1
1032	217.55
1033	217.15
1031	217.45
1033	217.25
1030	217.2
1032	217.7
1030	217.1
1032	217.65
1030	216.95
1031	217.55
1029	217.2
1030	217.4
1029	217.2
1029	217.6
1029	217.15
1028	217.2
1028	216.85
1027	217.3
1028	216.95
1027	217.3
1028	216.95
1026	217.05
1027	217.2
1024	217
1026	217.1
1025	216.95
1026	217.05
1025	216.9
1025	217.35
1025	217
1024	217.15
1024	216.9
1022	216.85
1024	216.9
1022	216.75
1024	216.95
1022	216.65
1023	217.15
1021	216.85
1023	217.2
1021	216.75
1021	217.1
1021	216.7
1021	217.1
1020	216.8
1020	217.2
1021	216.8
1019	216.9
1020	217
1018	216.7
1019	216.8
1017	216.6
1019	216.75
1017	216.45
1019	216.8
1017	216.45
1017	216.9
1017	216.5
1016	216.65
1017	216.5
1015	216.75
1017	216.55
1014	216.35
1016	216.4
1014	216.3
1016	216.5
1014	216.2
1015	216.65
1013	216.35
1014	216.5
1013	216.3
1013	216.7
1013	216.3
1012	216.65
1013	216.4
1011	216.65
1012	216.5
1010	216.3
1012	216.5
1010	216.1
1011	216.7
1010	216.05
1010	216.5
1010	216.1
1008	216.35
1008	216
1007	216.35
1009	216
1007	216.15
1009	216
1007	216.1
1008	216.1
1006	215.7
1007	216.4
1006	215.6
1007	216.4
1006	215.6
1005	216.1
1006	215.7
1004	216.25
1006	215.75
1004	216.2
1006	215.85
1003	215.9
1005	216.1
1003	215.75
1004	216.3
1003	215.65
1003	216.1
1003	215.75
1002	216
1003	215.8
1001	216
1003	215.9
1000	215.7
1002	215.85
1000	215.65
1002	216
1000	215.5
1001	216.1
1000	215.5
999	215.9
999	215.5
998	215.8
999	215.55
997	215.7
1000	215.7
998	215.5
999	215.9
997	215.6
997	216
996	215.75
995	216.05
997	215.55
995	215.85
997	215.75
995	215.75
996	216.05
994	215.45
995	216.1
995	215.65
993	215.8
995	215.85
992	215.8
994	215.7
992	215.65
993	215.95
992	215.55
992	215.95
992	215.6
991	215.55
992	215.65
990	215.45
992	215.8
990	215.3
991	215.6
990	215.3
989	215.8
989	215.4
988	215.45
990	215.35
988	215.2
990	215.5
988	215.1
989	215.7
987	215.35
987	215.75
987	215.35
986	215.35
987	215.4
985	215.3
987	215.5
985	215.1
986	215.3
985	215.05
985	215.5
985	215.1
983	215.2
985	215.2
983	215.05
985	215.3
983	214.9
984	215.1
982	214.95
982	215.35
982	214.9
980	214.8
982	214.9
980	214.6
982	215.05
980	214.45
981	214.85
980	214.45
979	215.05
980	214.5
978	214.95
980	214.55
977	214.75
980	214.75
977	214.65
978	215
977	214.65
976	214.85
978	214.55
975	214.7
978	214.8
975	214.6
978	214.8
976	214.45
977	215.05
975	214.6
974	214.9
975	214.6
973	214.35
975	214.7
973	214.1
974	214.7
973	213.95
973	214.45
973	214.1
971	214.65
974	214.5
971	214.4
973	214.35
971	214.35
972	214.8
971	214.35
970	214.75
972	214.55
969	214.15
971	214.7
969	214.05
970	214.8
969	214.1
968	214.7
970	214.55
967	214.45
970	214.75
967	214.4
968	214.75
966	214.3
966	214.7
966	214.2
965	214.55
967	214.3
965	214.4
967	214.45
964	214.2
966	214.65
964	214.1
964	214.55
964	214.1
963	214.2
965	214.3
962	214.1
964	214.4
962	214
963	214.3
962	213.9
961	214.5
962	214
960	214.4
963	214.05
960	214.25
962	214.3
960	214.2
960	214.65
960	214.15
958	213.937
960	214.2
958	213.637
960	214.35
958	213.537
959	214
958	213.588
957	214.4
958	213.637
956	213.85
958	213.787
956	213.7
957	214.3
955	213.5
955	213.95
956	213.65
954	213.85
956	213.75
954	213.65
955	213.85
954	213.55
954	214
954	213.6
953	214.1
953	213.8
951	213.5
953	213.9
951	213.25
953	213.95
951	213.1
952	213.9
951	213.15
949	213.75
951	213.25
949	213.5
951	213.35
949	213.4
950	213.9
948	213.267
949	213.8
948	213.267
947	213.75
949	213.45
946	213.25
949	213.6
946	213.1
947	213.8
947	213.35
946	213.45
947	213.55
944	213.4
946	213.55
944	213.2
944	213.6
945	212.9
943	213.35
946	213.1
943	213.1
945	213.25
943	213.1
943	213.6
943	213.15
941	213.25
943	213.25
941	213.05
943	213.45
941	212.85
942	213.4
941	212.85
939	213.35
941	212.95
939	213.15
941	213.15
939	213
940	213.1
939	213
938	213.15
940	212.8
937	213.2
939	213.35
936	212.75
937	213.45
937	212.95
936	213
938	212.8
935	212.725
937	213.45
935	212.675
936	213.15
935	212.725
934	213.1
936	212.9
933	212.8
936	213
933	212.65
934	213.2
933	212.6
932	213
934	212.8
931	212.45
933	212.85
931	212.3
932	213
931	212.35
930	212.8
931	212.45
928	212.7
931	212.6
929	212.3
929	212.7
930	212.25
928	212.6
930	212.4
928	212.4
929	212.7
928	212.4
927	212.65
928	212.45
925	212.3
928	212.6
926	212.15
927	212.55
926	212.1
925	212.4
926	212.15
923	212.25
926	212.35
924	212.25
925	212.35
925	211.95
923	212.4
925	212.1
922	212.1
924	212.6
922	211.9
923	212.35
922	211.85
921	212.25
923	212.1
920	212.3
922	212.25
920	212.2
920	212.65
920	212.25
918	212.3
921	212.2
919	212
920	212.6
918	212.05
917	211.85
919	212.05
917	211.65
919	212.3
917	211.5
917	211.95
917	211.45
916	212.15
918	212.2
915	211.65
917	211.85
915	211.45
915	211.9
916	211.8
914	211.7
916	211.95
913	211.8
915	211.9
914	211.5
912	212.05
914	211.55
912	211.8
914	211.75
911	211.4
912	212.05
912	211.55
911	211.7
912	211.6
910	211.5
912	211.85
909	211.25
910	211.85
910	211.4
909	211.6
911	211.6
908	211.6
909	211.75
908	211.4
907	211.8
908	211.45
906	211.6
909	211.5
906	211.4
907	211.8
907	211.35
905	211.55
907	211.45
904	211.45
907	211.7
905	211.2
905	211.7
905	211.25
903	211.6
905	211.4
902	211.2
904	211.7
903	211.25
902	211.55
903	211.35
901	211.65
904	211.6
901	211.4
901	211.85
901	211.4
899	211.2
901	211.35
899	211
901	211.5
899	210.8
899	211.25
900	211.1
897	211.15
900	211.35
897	210.95
899	211.2
898	210.95
896	211
898	211.15
896	210.6
898	211.35
896	210.5
895	211.2
896	210.55
894	211.05
897	211.15
894	210.9
895	211.2
895	210.75
893	211.2
895	210.95
892	210.6
894	211.25
892	210.4
893	211.15
893	210.75
891	210.9
893	210.95
891	210.55
892	210.85
891	210.5
890	210.85
892	210.6
889	210.8
891	210.9
889	210.6
889	211.05
889	210.6
887	210.65
890	210.7
887	210.4
889	211.05
888	210.15
886	210.8
889	210.85
886	210.55
887	210.8
886	210.45
884	210.35
887	210.45
884	210
886	210.75
885	210.1
884	210.35
886	210.45
883	210.35
885	210.6
883	210.25
883	210.7
884	210
881	210.25
884	210.2
881	210.05
883	210.7
882	210.1
880	210.55
882	210.25
879	210.1
881	210.35
880	210.05
879	210.45
881	210.15
878	210.2
880	210.55
878	210.05
877	210.45
879	210.05
877	210.05
879	210.25
877	209.95
877	210.4
877	209.95
875	210.35
877	210.15
875	210
877	210.3
875	209.95
874	210.15
876	209.7
874	209.75
875	210.4
874	209.7
873	210.2
875	210.05
872	209.7
873	210.3
873	209.9
871	209.8
874	209.9
870	209.85
872	210.1
871	209.35
870	210.1
872	209.6
869	209.6
872	209.9
870	209.65
869	209.95
871	209.45
868	209.5
870	210.05
868	209.35
868	209.8
869	209.6
866	209.45
869	209.9
866	209.15
867	209.6
866	209.1
865	209.7
868	209.55
865	209.5
867	209.65
865	209.45
864	209.55
866	209.25
863	209.05
865	209.65
863	208.85
863	209.35
864	209.05
861	209.45
864	209.45
861	209.3
861	209.7
862	208.9
860	209.3
863	209.15
860	209.15
860	209.7
861	209.25
858	209.25
861	209.45
859	208.75
859	209.25
859	208.75
857	209.3
860	209.45
857	208.95
859	209.2
857	208.85
856	209.3
858	209.05
854	208.833
857	209.15
856	208.7
855	209.05
857	208.9
854	208.883
856	209.2
854	208.633
854	209.133
855	208.6
853	208.85
855	209
853	208.8
852	209.15
853	208.9
851	208.95
854	208.933
851	208.75
851	209.25
852	208.65
849	208.95
852	208.9
849	208.7
850	209.25
850	208.75
848	208.75
850	209.05
848	208.4
849	209.1
849	208.7
846	208.5
849	209
847	208.3
846	208.8
848	208.55
845	208.2
847	208.75
846	208.35
845	208.5
847	208.6
844	208.45
845	208.6
845	208.1
843	208.55
846	208.6
843	208.25
843	208.75
844	208.4
841	208.45
844	208.65
842	208.2
841	208.6
842	208.25
840	208.05
843	208.55
841	208.05
841	208.55
842	208.25
839	208.1
841	208.55
839	207.95
838	208.4
841	208.35
838	207.9
839	208.45
839	208.05
836	208.15
839	208.4
837	208.1
836	208.35
838	207.95
835	208
838	208.3
836	207.9
835	208.3
837	208.25
834	207.75
836	208.3
834	207.6
832	208.2
835	208.05
833	207.75
834	208
834	207.55
832	208
834	207.85
831	207.65
832	208.1
832	207.7
830	208.05
833	208.15
831	207.6
830	208.25
831	207.75
829	207.7
831	208
829	207.55
828	208.1
831	207.7
828	207.7
829	208.05
828	207.65
826	207.9
829	207.75
826	207.45
827	207.65
826	207.4
824	207.65
828	207.8
825	207.45
826	207.9
826	207.5
823	207.25
826	207.75
824	207.25
823	207.4
826	207.45
822	206.9
824	207.8
823	207
821	207.45
824	207.45
821	207.1
822	207.2
823	207
820	207.4
823	207.45
821	207.15
820	207.75
821	207.25
818	207
820	207.6
819	206.75
817	207.133
821	207.25
817	206.783
819	207.2
818	206.85
816	207.05
819	207.05
816	206.8
816	207.3
818	206.9
815	206.65
818	207.25
816	206.8
814	207.2
817	206.933
814	206.85
816	207.3
815	206.6
813	207.3
815	206.85
812	206.8
813	207.4
813	206.9
811	206.85
814	206.85
811	206.35
812	207.05
812	206.65
809	206.65
812	207
810	206.6
810	207.05
812	206.7
808	206.55
810	207.1
808	206.45
807	206.8
810	206.8
808	206.4
809	206.7
807	206.4
805	206.95
809	206.5
806	206.45
807	206.85
807	206.4
804	206.6
807	206.7
804	206.35
803	206.75
806	206.5
803	206.3
805	206.9
804	206.25
802	206.05
805	206.85
802	205.9
802	206.35
804	206.45
801	205.95
803	206.75
802	205.85
799	206.5
803	206.45
800	205.9
801	206.4
801	206
798	206.45
801	206.35
799	206.2
798	206.65
800	206
797	205.95
798	206.7
798	206.25
796	206.35
799	206.45
796	205.95
797	206.25
797	205.85
794	205.9
797	206.25
795	205.9
794	206.15
797	206
794	205.7
795	206.35
795	205.85
792	206.05
795	206.25
793	205.55
792	206.2
794	205.8
791	205.85
792	206.2
792	205.7
790	205.85
793	205.85
790	205.5
790	206
791	205.8
788	205.65
791	206.1
790	205.3
788	205.9
791	205.9
788	205.55
788	206.05
789	205.8
786	205.35
788	206
787	205.5
786	205.55
788	205.75
786	205.15
786	205.7
786	205.15
784	205.2
787	205.95
785	205.15
783	205.5
786	205.4
783	205.1
784	205.6
784	205.1
781	205.45
783	205.45
782	205.2
781	205.6
784	205.2
781	205.3
781	205.8
783	205.1
779	205.05
782	205.7
781	205.25
778	205
781	205.6
779	204.9
778	205.1
781	205.3
777	204.75
779	205.4
779	204.95
776	205.1
779	205.3
777	204.65
776	205.3
779	205.15
775	204.8
775	205.25
777	204.7
773	204.85
776	205.2
775	204.6
773	205
777	204.85
773	204.65
773	205.15
774	204.9
772	204.6
774	205.2
773	204.6
771	205
774	205
771	204.6
771	205.1
772	204.55
769	204.4
772	204.9
771	204.55
768	204.85
772	204.75
769	204.2
768	204.95
771	204.8
767	204.3
767	204.75
770	204.75
766	204.1
768	204.85
768	204.4
766	204.25
768	204.85
767	204.25
764	204.4
768	204.75
765	204.15
764	204.5
767	204.35
763	204.25
765	204.65
765	204.2
762	204.55
765	204.6
763	204.1
761	204.45
765	204.4
762	204.3
762	204.8
764	204.15
760	204
761	204.55
761	203.95
759	204.1
762	204.55
760	203.8
759	204.3
761	204.2
758	203.9
759	204.25
760	203.8
756	204
759	204.2
758	203.75
755	203.95
759	204.05
757	203.65
755	204.05
758	203.85
755	203.55
755	204.1
757	203.75
753	203.65
756	204.2
755	203.55
753	203.8
755	204
753	203.55
751	204.15
755	203.75
752	203.6
752	204.1
753	203.5
750	203.35
753	203.9
751	203.65
749	203.8
753	203.7
750	203.2
749	203.95
752	203.7
749	203.5
749	204.05
750	203.25
747	203.4
749	203.9
749	203.45
746	203.5
749	203.85
748	203.3
744	203.55
748	203.7
746	203.3
744	203.55
747	203.45
745	202.95
745	203.45
747	203.35
743	203.35
744	203.65
746	203.3
743	203.4
745	203.5
744	203.2
742	203.1
744	203.65
742	203.05
740	203.4
743	203.65
742	202.85
740	203.6
743	203.6
740	203.2
739	203.45
743	203.5
740	203.2
739	203.55
741	203.35
738	203.05
739	203.5
740	203.2
737	202.85
739	203.4
738	202.9
736	202.8
739	203.4
737	202.75
734	203.05
738	203.25
736	202.6
734	203.1
738	203.2
735	202.75
734	203.2
737	203.05
733	202.7
733	203.1
736	202.7
733	202.6
734	203.15
735	202.9
731	202.925
733	203.15
732	202.8
729	202.65
732	203.05
732	202.55
730	203
733	202.9
729	202.5
729	203
731	202.925
728	202.4
729	202.85
731	202.725
727	202.35
729	202.9
730	202.6
726	202.75
728	202.9
728	202.45
725	202.85
728	202.85
726	202.55
724	202.6
727	202.6
725	202.55
723	202.6
727	202.45
724	202.2
722	202.6
726	202.55
723	202.15
723	202.6
725	202.55
721	202.15
723	202.65
724	202.3
720	202.25
722	202.65
723	202.25
719	202.2
722	202.6
721	202.1
718	202.29
721	202.5
720	202.1
717	202.25
720	202.45
719	201.95
717	202.2
720	202.4
718	202.04
716	202.35
719	202.35
716	202
714	202.4
718	202.19
715	201.85
714	202.3
718	202.19
715	201.95
713	202.65
716	202
713	202.05
713	202.5
716	201.85
712	201.85
713	202.55
715	202
711	202.1
713	202.55
713	202.1
710	202
713	202.5
713	202.1
709	201.75
712	202.35
710	201.8
707	201.85
711	202.2
710	201.7
707	201.85
711	202.15
709	201.5
706	201.7
710	202.05
706	201.3
705	201.6
709	201.7
707	201.4
706	201.65
709	201.7
705	201.25
703	201.95
707	201.75
704	201.15
704	201.6
707	201.6
703	201.45
703	201.95
705	201.35
701	201.3
703	201.8
705	201.2
701	201.4
703	201.85
702	201.2
699	201.35
702	201.35
702	200.95
699	201.35
702	201.5
700	201.1
698	201.3
702	201.4
700	201
697	201.4
701	201.6
698	200.9
696	201.3
700	201.45
698	201
695	201.5
698	201.35
697	201
694	201.15
698	201.3
696	200.9
694	201.1
697	201.35
695	201.1
692	201.1
695	201.4
695	200.95
691	201.1
695	201.35
694	200.7
691	201.1
695	201.4
692	200.75
690	200.75
694	201.1
692	200.7
689	200.95
693	201
691	200.8
688	200.7
691	201.15
690	200.45
687	201.05
690	200.85
690	200.45
687	201.1
689	201.2
689	200.75
685	200.7
687	201.3
688	200.35
685	200.45
687	201.2
689	200.65
684	200.4
685	200.9
687	200.8
683	200.45
684	200.65
687	200.75
683	200.4
683	200.85
686	200.3
682	200.55
682	201.05
685	200.4
682	200.5
681	200.65
684	200.35
681	200.15
680	200.7
683	200.65
680	200.2
679	200.65
682	200.75
679	200.15
678	200.65
682	200.7
678	200.25
676	200.5
681	200.35
678	200.2
675	200.45
680	200.45
678	200.15
675	200.4
679	200.45
676	200.1
674	200.25
678	200.55
675	200
673	200.2
677	200.25
676	200.05
672	200.3
675	200.4
674	199.85
672	200.2
676	200.45
673	199.9
670	200.2
673	200.2
674	199.7
671	199.9
673	200.25
672	200
668	200
672	200.25
673	199.75
669	199.85
670	200.4
670	199.95
667	199.6
670	200.15
671	199.6
667	199.7
668	200.3
669	199.85
665	199.75
667	199.9
670	199.9
667	199.5
666	200.05
668	200
664	199.5
663	199.7
667	199.55
664	199.2
664	199.7
668	199.85
664	199.4
662	199.85
665	199.95
662	199.35
660	199.9
664	199.6
662	199.2
659	199.5
664	199.55
663	199.1
659	199.65
663	199.6
661	199.75
658	199.65
661	200.2
661	199.7
657	199.6
660	199.95
660	199.55
656	199.55
658	199.65
659	199.2
655	199.35
656	199.7
659	199.15
655	199.25
655	199.75
658	199.2
654	198.8
654	199.3
658	199.3
654	198.8
652	199.15
656	199.55
654	198.8
651	198.95
655	199.6
653	198.7
650	199.35
654	199.2
653	198.65
650	199.1
652	199.1
654	198.85
649	198.75
650	199.55
652	198.8
649	198.5
649	198.95
653	198.8
650	198.95
647	199.2
652	199.1
648	198.65
646	199.35
649	199.1
648	198.6
645	199.05
647	199.15
648	198.6
644	198.8
645	199.15
648	198.6
644	198.7
644	199.2
648	198.7
644	198.7
643	199.1
646	199.1
641	198.65
641	199
646	198.85
643	198.3
641	198.85
645	199
642	198.85
639	198.55
642	199.2
642	198.65
639	198.2
642	199.05
642	198.7
638	198.55
639	198.7
641	198.65
637	198.25
638	198.65
642	198.8
637	198.2
635	198.75
639	198.35
637	198.1
636	198.55
639	198.45
637	198.25
633	198.5
635	198.6
638	198.1
635	198.05
635	198.6
637	198.3
633	198.25
633	198.65
637	198.35
632	197.95
630	198.35
635	198.4
633	198.15
630	198.25
633	198.55
633	198.2
630	197.95
631	198.35
632	197.95
629	197.9
629	198.35
633	198.3
629	197.9
627	198.55
632	198.15
628	197.75
625	198.3
630	198
628	197.65
625	198.1
628	198.1
629	197.8
624	197.7
625	198.35
629	197.9
625	197.85
622	197.95
628	197.9
625	197.75
622	197.8
626	198
625	197.8
621	197.7
624	198
625	197.85
621	197.55
622	197.9
625	198
621	197.55
619	197.85
623	197.75
621	197.45
618	197.65
622	197.8
622	197.4
618	197.5
619	197.75
622	197.5
617	197.3
617	197.75
621	197.55
617	197.25
615	197.65
620	197.55
617	197.2
614	197.4
618	197.7
618	197.3
613	197.2
616	197.7
618	197.35
614	197.1
613	197.45
617	197.5
614	197.05
611	197.25
615	197.6
614	197
611	197
613	197.35
615	197.25
610	197
610	197.45
615	197.35
611	196.85
608	197.25
612	197.35
612	196.95
608	196.9
610	197.35
612	197.05
608	196.8
607	197.35
611	197.05
608	196.8
605	197.1
609	197.3
610	196.9
604	196.85
606	197.2
609	197
605	196.7
604	197
609	197.1
606	196.6
602	196.75
605	197.1
606	196.7
602	196.55
604	197
606	196.75
601	196.55
601	196.95
606	196.85
602	196.4
599	196.7
604	196.85
603	196.45
599	196.6
601	196.9
603	196.55
599	196.45
598	197.3
602	196.7
600	196.35
596	196.55
599	196.75
601	196.35
596	196.3
597	196.75
601	196.6
597	196.3
594	196.95
599	196.6
598	196.7
594	196.7
595	196.55
599	196.45
594	196.65
592	196.55
597	196.6
595	196.05
591	196.25
594	197
597	196.25
592	196.1
591	196.55
595	196.35
592	196.05
589	196.25
592	196.35
594	196.45
589	195.9
589	196.25
594	196.6
590	195.9
587	196.25
591	196.3
591	195.9
587	195.95
588	196.15
592	195.95
587	195.85
585	196.6
590	196.2
588	195.7
584	196.05
587	196.2
589	195.9
584	195.85
584	196.25
589	196.05
586	195.75
582	196
585	196.45
586	195.65
581	195.55
583	196.15
587	195.8
583	195.8
580	196.05
584	196
583	195.8
579	195.7
581	195.9
584	195.65
579	195.55
579	195.95
583	196
581	195.45
577	195.8
580	196
582	195.55
577	195.55
577	195.9
582	195.65
578	195.65
575	195.7
578	196
579	195.45
574	195.55
575	195.7
579	195.55
575	195.2
573	195.6
577	195.65
577	195.4
572	195.4
573	195.7
577	195.5
573	195.25
570	195.6
575	195.55
574	195.4
570	195.4
572	195.65
575	195.35
570	195.25
569	195.6
574	195.65
572	195.15
567	195.3
571	195.55
572	195.2
567	195
567	195.35
572	195.25
570	195.05
566	195.3
569	195.45
570	195.15
566	195.1
564	195.45
570	195.35
568	194.95
563	195.1
565	195.4
568	195.1
564	195.05
562	195.25
567	195.1
566	194.9
562	195
564	195.35
567	194.95
562	194.9
559	195.2
564	195.25
563	194.8
559	194.9
561	195.1
565	194.85
561	194.7
558	195.1
563	195.1
562	194.75
557	194.7
558	195.1
563	194.85
559	194.6
556	194.9
560	194.95
561	194.7
555	194.65
556	195
560	194.75
556	194.55
554	194.8
558	195
559	194.65
554	194.75
552	194.95
558	194.9
554	194.55
551	194.75
556	194.8
557	194.5
551	194.55
552	194.8
556	194.65
552	194.35
549	194.75
554	194.9
555	194.5
549	194.55
549	194.85
554	194.65
551	194.35
547	194.55
551	194.75
552	194.4
547	194.35
546	194.65
551	194.65
550	194.4
545	194.35
546	194.6
551	194.4
547	194.15
544	194.5
548	194.75
548	194.45
543	194.25
544	194.6
549	194.45
545	194.15
541	194.4
545	194.5
547	194.2
542	194.35
540	194.6
546	194.4
544	194.1
539	194.2
541	194.5
546	194.2
542	194.2
538	194.3
542	194.55
543	194.1
537	194.1
537	194.35
543	194.1
542	194
536	194.35
537	194.3
542	194.2
538	193.8
534	194.15
539	194.15
540	194
535	193.9
533	194.35
539	194.05
538	193.75
533	194.05
534	194.15
538	193.95
536	194.05
532	193.9
534	194.15
538	193.85
534	193.7
530	193.95
533	194.25
536	194
530	193.55
528	193.9
535	193.8
534	193.55
528	193.7
529	193.95
534	193.8
532	193.55
527	193.65
528	193.95
533	193.9
529	193.5
525	193.75
530	193.8
532	193.55
526	193.6
525	193.85
529	193.7
529	193.4
525	193.6
524	193.8
530	193.65
526	193.55
521	193.7
526	193.8
528	193.45
524	193.3
521	193.7
525	193.7
528	193.5
521	193.5
520	193.6
525	193.65
525	193.3
520	193.25
519	193.45
525	193.4
523	193.2
517	193.3
521	193.7
524	193.35
521	193.35
516	193.35
522	193.55
523	193.3
517	193.15
515	193.5
520	193.3
521	193.25
515	193.1
516	193.35
520	193.2
518	193
513	193.15
515	193.35
519	193.05
515	192.95
512	192.95
514	193.2
519	192.9
513	192.9
511	193.1
513	193.2
517	192.85
511	192.8
509	193.25
513	193.05
516	192.75
509	193
508	193.4
513	193.05
514	192.75
507	192.75
507	193
512	192.7
513	192.7
506	192.7
506	192.95
512	192.7
511	192.65
505	193.2
505	193.4
512	192.55
508	192.95
504	192.65
505	193.35
511	192.6
505	193
502	192.6
506	192.75
510	192.45
502	192.3
502	192.65
506	192.8
506	192.5
501	192.4
499	192.55
508	192.8
505	192.8
500	192.35
498	192.75
505	193
505	192.8
498	192.45
498	192.7
503	192.65
503	192.4
497	192.417
496	192.85
504	192.3
501	192.25
496	192.7
495	192.6
500	192.25
501	192.1
494	192.4
495	192.5
502	192.2
497	192.267
493	192.3
493	192.45
498	192.3
499	191.9
492	191.9
491	192.3
500	192.1
496	192.4
490	191.95
491	192.25
495	192.15
496	192.25
491	191.9
487	192.315
496	192.4
496	192.25
487	192.115
488	192.55
495	192.1
492	191.8
488	192.3
487	192.215
491	192
492	191.65
487	191.915
483	191.65
491	191.75
493	191.65
484	191.9
483	191.6
491	191.8
492	191.7
483	191.45
483	191.55
490	191.7
488	192.1
483	191.3
482	191.2
486	191.85
487	191.715
483	191.1
481	191.25
483	191.4
486	191.6
484	191.5
480	191.7
480	191.9
485	191.95
484	191.5
478	191.85
477	192.05
484	191.45
484	191.35
478	191.85
475	191.018
482	190.85
483	190.75
478	191.75
474	192.15
479	190.6
482	190.5
477	191.6
473	191.45
477	191.85
480	191.15
476	190.35
474	192
476	190.8
476	190.45
475	190.368
474	191.8
477	191.95
475	190.768
470	191.75
471	191.5
478	191.55
479	190.65
468	191.65
465	191.65
475	190.218
482	190.3
475	190.718
463	191.6
465	191.7
476	189.75
478	190.75
470	191.75
466	190.85
470	192
470	191.5
466	189.85
469	190.8
475	190.418
474	191.8
463	191.35
459	191.4
467	190.95
475	189.568
471	190.95
464	191.55
464	191.85
469	191.25
465	191.3
459	190.9
462	190.95
470	190.9
472	190.3
463	190.95
459	191.55
464	191.65
467	191.2
459	190.85
455	189.9
462	190.7
469	190.15
465	190.8
459	191
459	191.35
466	190.25
463	190.85
454	190.7
453	190.65
461	190.35
462	190.45
456	190.85
454	189.9
461	190.3
465	190.65
459	190.7
454	190.65
456	191.8
462	191.3
459	190.95
452	190.7
450	190.8
457	189.95
459	190.25
452	189.9
448	190.65
454	189.85
458	190
453	189.8
447	190.5
449	189.55
457	189.15
453	189.45
446	189
446	188.95
453	189.35
456	190.2
448	189.95
444	190.2
449	189.3
455	188.8
450	189.45
444	190.2
445	189.35
453	189.35
451	189.45
443	189.9
443	190
450	189.55
454	189.35
446	189.15
441	189.4
445	189.65
453	189.7
450	189.95
441	189.7
441	189.7
450	190
451	190.1
442	190.1
439	189.95
446	189.55
450	190.2
443	190.6
438	190.9
441	189.85
447	190.65
442	189.8
435	189.6
434	189.45
443	189.55
447	189.85
439	189.2
435	189.55
441	189.4
447	190.45
442	189.9
434	190.15
435	190
441	189.5
438	190.2
430	189.3
432	188.9
445	189
442	189.5
433	190
430	190.05
437	189.9
439	189.2
431	189.95
428	189.25
434	189
443	189.65
438	190.3
428	190.15
426	189.75
432	189.3
437	189.15
433	189.05
429	189.5
433	189.65
437	189.85
430	189.7
421	189.6
427	189
438	189.4
437	189.45
427	189.85
419	189.75
426	188.95
436	189.15
434	188.9
424	189.5
421	189.9
425	189.35
431	189.5
428	189.05
424	189.05
424	189.3
427	189.45
426	188.9
423	189.4
422	188.85
426	188.95
427	189.35
423	189.6
419	188.9
421	189.1
426	188.85
424	188.95
420	189.05
418	188.75
422	188.85
424	188.85
422	188.8
418	188.75
417	190.25
419	188.95
424	188.7
421	188.9
415	189
413	189
422	188.55
424	188.55
414	189.5
409	188.85
418	188.4
426	188.3
417	190.2
407	188.95
413	188.65
421	188.45
419	188.6
412	189.05
409	188.6
411	189.5
419	188.45
419	188.6
410	189.1
405	188.75
414	189
421	188.55
414	189.3
405	188.75
407	188.55
413	188.4
418	188.3
413	188.8
403	188.55
405	188.4
416	188.25
415	188.45
406	188.7
403	188.4
406	188.3
414	188.75
413	188.55
402	188.55
400	188.55
408	188.2
413	188.25
409	188.4
402	188.5
398	188.55
410	188.35
411	189.15
404	189.2
399	188.55
399	188.25
409	188
410	188.4
401	189.15
397	188.3
399	188.05
408	188.05
409	188.15
398	188.6
394	188.5
398	188.05
406	187.8
407	188.25
395	188.35
393	188.1
397	187.75
406	187.7
404	188.8
393	188.3
392	188.05
396	188.45
406	187.7
402	188.05
391	189.25
390	187.9
395	187.6
404	188.3
400	188.05
391	189.2
388	188.45
394	187.85
402	187.55
399	188.1
391	189.15
386	188.1
393	187.55
399	187.6
398	187.95
388	188.45
385	187.9
390	187.35
399	187.5
396	188.65
387	188.05
383	188.1
390	187.35
396	188.2
395	187.8
383	188.3
383	188.05
389	187.2
396	188.2
390	187.7
382	187.9
380	187.7
387	187.2
393	187.25
390	187.6
380	187.9
378	187.7
384	187.8
393	186.8
389	187.3
381	187.7
376	187.9
383	187.25
391	187.85
389	187.2
380	187.8
376	188
380	187.2
387	186.85
389	187.2
380	187.8
375	187.65
376	187.7
385	186.95
388	187.65
381	187.65
373	187.6
374	187.8
383	187.2
386	187.2
382	187.5
372	188.4
372	188
379	186.95
385	187
381	187.5
371	187.95
369	187.6
376	187.35
383	187.15
381	187.4
371	187.9
368	187.3
374	187.35
381	186.75
380	187.25
372	188.35
365	187.25
370	186.75
378	187
380	187.15
372	188.35
364	187.6
366	187.55
375	186.6
378	187.2
373	187.35
364	187.5
363	187.25
371	186.85
377	187
374	187.8
365	187.35
361	188
366	187.1
375	186.45
374	187.5
363	187.6
358	187.2
364	186.3
371	186.4
374	187.25
368	187.3
358	187.55
358	186.95
367	186.6
372	187.25
369	187.45
360	187.45
356	186.85
360	186.35
370	186.15
370	186.75
359	187.15
354	186.45
358	186.65
366	186.75
368	186.7
361	188.15
354	186.55
353	186.75
362	186.35
368	186.4
364	187.05
354	186.65
351	187.05
356	186.1
364	186.15
365	186.55
355	186.8
349	186.8
351	186.7
360	186.15
364	186.45
358	187.2
351	187.4
347	186.9
355	185.75
362	186.4
360	186.8
352	187.1
346	187.35
350	186.25
356	185.95
360	186.4
357	187.65
347	187.25
345	186.5
348	185.7
358	186.25
358	186.75
350	187
344	186.55
344	185.95
351	186.2
357	186.95
354	186.2
343	187
342	186.95
346	186.45
352	185.9
355	186.05
349	186.8
340	187.85
338	186.8
349	185.45
354	185.35
352	186.7
341	187.4
338	187.05
344	185.6
348	185.55
352	186.2
345	186.8
339	187.95
338	186.85
340	186.9
346	186.4
351	186.55
343	186.75
336	187.3
336	186.7
339	186.9
345	185.75
348	185.8
335	186.8
332	186.75
339	186.65
347	185.9
343	186.5
339	187.85
333	187.3
331	185.8
335	185.7
342	185.8
346	186.3
336	186.95
325	186
328	185.6
337	185.6
345	184.95
341	186.4
327	187.3
322	186.2
331	184.4
340	185.2
345	185.15
338	186.85
325	186.35
323	187.95
332	185.45
339	185.95
339	186.7
335	186.55
328	186.6
326	186.25
331	185.65
336	186.5
334	187.25
326	186.65
321	186
325	184.55
331	184.55
334	186.05
332	186.3
326	186.1
321	185.7
321	185.1
326	184.8
332	185.45
331	185.35
324	185.9
318	186.1
323	186.9
330	185.95
334	186.45
328	186.55
319	187
318	186.3
323	187.1
328	185.45
332	186.65
328	187
320	186.95
313	186.3
315	186.05
323	186.95
331	184.95
326	186.3
316	186.9
313	186.05
315	185.9
320	184.9
327	185.9
326	185.95
319	186.85
311	187.25
310	186.8
316	185.35
327	185.85
327	186.95
316	187.4
306	186.85
308	185.95
320	184.65
323	187.25
316	186.4
310	187.3
310	186.7
310	186.2
314	184.85
321	185.35
319	186.6
309	187.75
306	185.95
307	186.45
313	184.5
320	185.05
316	186.25
309	187.6
306	185.9
305	185.35
311	185.75
313	184.95
315	186.1
315	186.55
303	187.55
301	186.55
304	184.95
313	184.6
315	185.9
308	186.45
303	187.45
299	186
304	184.8
309	185.95
313	185.15
307	187.4
303	187.45
298	185.8
300	185.8
306	184.6
309	186.25
308	186
305	186.2
298	186.15
296	185.9
300	185.75
304	184.75
310	186.4
304	185.95
297	186.4
294	185.95
296	185.4
301	185.45
306	184.95
305	185.85
299	186.6
293	186.5
292	185.55
298	184.9
303	186.2
304	185.4
300	186.95
292	186.4
291	186.65
293	185.45
298	184.95
301	186
301	186.55
295	187.5
288	186.55
288	185.85
293	185.25
299	185.25
299	185.9
296	186.65
289	186.8
287	186.05
289	185.65
294	185.1
297	185.35
298	185.85
293	186.7
286	187.5
283	186.3
288	185.3
292	185
296	185.65
294	186.25
288	186.8
282	186.4
284	185
289	185.25
292	185.25
293	186.1
288	186.8
283	186.95
279	185.55
283	185.65
288	185.2
291	186.25
291	186.9
285	187
280	186.9
278	185.7
281	185
287	185.05
290	185.75
288	186.5
281	186.35
277	186.05
278	185.4
281	185
284	184.95
287	185.75
284	186
279	186.15
274	187
274	186.3
280	185.6
285	185.65
284	185.6
281	186.35
275	186.65
271	186.65
273	186
280	185.55
283	185.9
281	186
279	186.25
272	186.7
269	186.15
271	185.9
278	184.85
281	185.15
279	185.85
276	186.65
272	186.65
267	186.65
269	185.55
274	185.8
277	185.1
279	185.65
273	187.4
268	187.9
268	187.3
269	185.6
272	185.5
273	186.4
275	186.2
274	187.25
268	187.85
262	186.85
264	185.7
268	186.3
274	186.1
275	186.15
269	186.9
262	187.3
260	186.95
264	185.35
268	186.15
270	185.6
273	186.75
269	186.85
261	187.55
257	186.7
259	185.55
265	185.25
267	185.45
269	185.85
267	186.85
264	186.8
259	186.85
257	186.4
261	186.05
264	185.6
266	186.6
263	186.65
261	187.15
257	186.7
255	186.35
257	185.65
260	185.95
262	186
264	186.15
262	187
258	187.65
254	187
254	186.5
256	186.3
258	186.6
262	186.45
262	186.95
258	187.9
253	187.25
251	187.1
252	187.25
255	186.25
258	186.8
259	186.65
257	187.25
252	188.2
248	186.95
248	186.35
251	186.15
255	186.15
256	186.7
256	187.25
252	188.25
248	187.25
247	186.25
248	186.35
250	187
252	187.4
254	186.95
253	187.25
248	187.45
244	187.55
244	186.9
248	186
251	186.45
251	187.05
251	187.55
249	187.85
243	187.9
241	186.65
243	186.7
246	185.4
247	185.9
248	186.85
248	187.25
246	186.75
243	187.65
241	186.7
240	186.85
241	186.15
245	186.75
248	186.9
248	187.5
243	188.3
237	187.75
236	187.35
239	186.75
241	185.85
242	186.4
244	187.55
245	187.7
241	187.4
235	187.35
232	187
236	186.7
239	186.7
240	186.8
242	186.95
241	187.25
237	187.95
232	187.55
232	186.9
234	186.4
236	186.85
238	186.4
239	187.8
237	187.8
235	187.5
232	187.5
229	188.05
230	186.85
232	186.35
235	186.35
237	187.25
236	188.05
232	187.95
229	188.6
226	187.3
227	187.3
230	186.55
232	186.6
234	187.1
233	187.45
231	188.3
227	188.45
224	187.5
225	186.85
226	186.55
229	187.45
230	187.2
231	187.85
230	188
226	188
223	187.05
221	188
223	186.05
225	186.55
228	187.5
227	188.1
228	188.45
225	188
222	188.15
219	187.6
219	187.1
222	186.9
224	186.8
225	187.2
226	187.7
224	188.1
221	188.85
217	188.1
216	187.05
217	187.15
219	186.8
222	187.2
223	186.75
223	187.2
220	187.85
217	188.35
214	188.35
214	187.85
216	186.5
217	187.2
219	187.35
220	187.35
220	187.7
216	187.95
213	188.05
211	187.1
211	186.5
214	187.4
215	186.55
217	187.7
217	188.15
215	187.8
212	187.95
209	187.95
207	188.2
209	187
210	186.95
212	186.75
214	188.1
214	188.6
212	188.05
208	188.7
205	188.6
205	188.05
207	187.65
208	187.15
210	187.3
211	187.15
211	187.55
209	188.35
206	188
203	188.7
202	188.1
204	187.35
205	187.6
206	186.85
208	188
208	188.35
207	189.1
204	188.75
201	188.2
199	188.35
200	186.45
202	187.6
203	187.9
204	187.9
205	188.75
205	189.05
202	189.15
199	189
197	187.05
197	186.6
198	187.2
199	187.75
201	187.5
202	188.5
202	188.9
201	188.6
198	188.65
195	188.25
193	188.55
194	186.45
196	186.65
198	187.4
198	187.8
199	188.75
199	189.2
197	187.9
194	187.8
191	188.95
191	188.4
192	187.6
193	187.95
194	186.55
195	187.8
196	187.75
196	188.15
194	187.9
191	189.3
188	188.2
187	187.7
188	187.25
191	187.9
192	187.7
191	188.55
192	188.45
193	189.35
191	189.4
189	189.1
186	187.5
184	188.4
185	187.6
186	186.3
187	187.3
188	187.7
189	188.55
189	188.9
188	188.6
186	187.75
184	188.95
182	188.3
181	187.9
182	187.7
184	187.95
184	188.25
186	187.15
186	187.5
185	188.8
183	188.45
180	188.2
178	188.7
179	188.3
180	187.1
180	187.1
181	187.95
181	188.2
182	188.55
183	188.25
181	189
179	189.3
177	188.6
175	188.1
175	187.75
175	187.55
176	187.05
177	187.8
178	188.55
179	188.9
179	189.2
177	188.9
174	188.7
172	188.55
172	188.1
172	187.8
172	187.8
174	187.7
175	188
176	187.85
176	188.2
174	188.9
172	189.15
170	189.2
168	187.5
168	187.1
169	187.2
170	187.95
170	188.15
171	188.1
172	188.55
173	189
172	189.15
170	189.6
168	188.1
165	188.1
165	187.75
165	187.6
165	187.5
166	187.95
167	188.5
168	187.8
169	188.5
168	188.3
166	189.2
164	189.25
163	189.15
163	188.8
162	188.05
163	188.4
163	188.45
164	188.4
164	188.7
165	188.4
165	188.7
164	189.5
163	189.85
160	189.35
159	188.8
158	188.4
159	188.25
159	188.2
159	188.3
160	188.85
160	189.15
161	188.95
161	189.2
159	189.65
157	190
156	189.7
155	188.9
154	188.5
154	188.25
155	188.3
155	188.4
156	189.05
156	189.4
158	189.1
158	189.45
157	190.15
155	189.7
154	189.35
152	188.35
152	188
151	187.75
152	187.55
153	188
152	187.95
152	188.15
153	188.8
153	189.1
152	188.9
7	193.69
