Speed 1 (RPM)	Torque 1 (oz.in)
1795	2.853
1786	24.18
1786	24.685
1786	24.765
1786	24.865
1786	24.96
1786	25.02
1786	25.065
1786	25.155
1786	25.215
1786	25.345
1786	25.39
1785	25.805
1785	25.855
1786	25.68
1785	26.05
1785	26.15
1786	25.91
1785	26.28
1785	26.32
1785	26.43
1785	26.485
1785	26.615
1784	27.115
1784	27.15
1785	26.83
1784	27.315
1784	27.405
1784	27.47
1784	27.595
1784	27.7
1784	27.735
1785	27.435
1784	27.95
1783	28.63
1783	29.015
1783	29.07
1784	28.495
1782	30.405
1783	29.32
1783	29.37
1783	29.46
1783	29.54
1782	30.72
1783	29.74
1783	29.78
1783	29.84
1782	31.055
1782	31.105
1783	30.06
1782	31.29
1782	31.365
1782	31.445
1782	31.54
1782	31.63
1781	32.38
1781	32.725
1781	32.835
1782	32.29
1781	33.035
1780	33.435
1780	33.515
1781	33.22
1781	33.3
1780	33.77
1780	33.835
1780	33.88
1781	33.61
1781	33.71
1780	34.09
1780	34.16
1780	34.235
1780	34.355
1780	34.43
1779	35.535
1780	34.615
1780	34.755
1779	35.825
1779	35.91
1779	36.015
1780	35.105
1779	36.195
1778	37.05
1778	37.125
1779	36.43
1778	37.36
1778	37.425
1778	37.515
1778	37.615
1778	37.79
1777	38.22
1778	38.03
1778	38.08
1777	38.52
1777	38.575
1777	38.68
1778	38.38
1776	39.42
1777	38.97
1777	39.42
1777	39.49
1776	40.145
1776	40.205
1776	40.335
1776	40.415
1775	42.035
1776	40.785
1775	42.315
1775	42.4
1775	42.505
1776	41.21
1775	42.68
1775	42.76
1774	43.395
1775	42.94
1775	43.075
1774	43.75
1774	43.86
1775	43.35
1774	44.045
1774	44.14
1773	44.58
1774	44.295
1774	44.82
1774	44.91
1773	45.385
1773	45.515
1773	45.615
1774	45.35
1772	46.51
1772	46.575
1773	46.105
1773	46.17
1772	46.875
1772	46.95
1772	47.075
1772	47.14
1772	47.275
1771	47.7
1770	48.7
1771	48.235
1771	48.325
1771	48.41
1770	49.015
1770	49.1
1770	49.22
1771	48.74
1770	49.365
1769	50.635
1769	50.76
1770	50.115
1769	51.01
1769	51.185
1769	51.215
1769	51.31
1769	51.435
1768	52.935
1768	53.015
1769	51.76
1768	53.195
1767	53.675
1768	53.415
1768	53.575
1768	53.655
1767	54.105
1768	53.855
1768	53.975
1767	54.44
1767	54.57
1767	54.69
1767	54.8
1767	54.94
1766	55.39
1767	55.13
1767	55.24
1766	55.715
1766	55.82
1766	55.955
1767	55.715
1766	56.175
1765	56.705
1766	56.53
1766	56.62
1765	57.175
1765	57.255
1765	57.455
1765	57.565
1764	58.585
1765	57.76
1765	57.91
1764	58.905
1764	59.025
1764	59.11
1764	59.285
1763	60.33
1763	60.47
1764	59.575
1763	60.65
1763	60.99
1763	61.055
1762	62.055
1762	62.07
1762	62.175
1763	61.395
1762	62.35
1761	63.04
1762	62.595
1762	62.675
1762	62.765
1761	63.45
1761	63.57
1762	63.065
1761	63.76
1761	63.87
1761	63.935
1761	64.07
1761	64.145
1761	64.255
1760	64.765
1761	64.485
1761	64.615
1760	65.09
1760	65.24
1760	65.34
1760	65.415
1760	65.535
1759	66.155
1759	66.25
1760	65.875
1759	66.5
1759	66.595
1758	66.895
1759	66.84
1759	66.915
1758	67.2
1758	67.27
1758	67.385
1759	67.305
1758	67.585
1757	68.41
1758	67.8
1758	67.89
1757	68.825
1757	68.885
1757	68.95
1757	69.07
1757	69.16
1756	69.755
1756	69.82
1757	69.385
1756	70.015
1756	70.11
1756	70.23
1757	69.825
1756	70.445
1756	70.54
1756	70.66
1756	70.76
1755	71.365
1755	71.495
1756	71.115
1755	71.74
1755	71.845
1754	72.435
1755	72.055
1755	72.185
1754	72.77
1754	72.9
1754	72.985
1755	72.625
1754	73.2
1753	74.955
1754	73.42
1754	73.6
1753	75.33
1753	75.445
1753	75.56
1753	75.64
1752	76.38
1752	76.49
1753	75.96
1752	76.67
1752	76.78
1752	76.89
1752	76.935
1752	77.045
1751	77.495
1751	77.565
1751	77.685
1752	77.345
1751	77.81
1751	77.99
1752	77.71
1751	78.155
1751	78.265
1751	78.375
1751	78.47
1751	78.55
1750	79.05
1750	79.165
1750	79.235
1750	79.365
1750	79.455
1750	79.625
1750	79.74
1749	80.085
1749	80.15
1749	80.26
1749	80.39
1749	80.49
1748	81.74
1748	81.865
1749	80.77
1748	82.105
1748	82.18
1748	82.35
1748	82.405
1747	83.1
1747	83.185
1748	82.72
1747	83.4
1747	83.47
1747	83.56
1747	83.65
1747	83.715
1746	84.745
1746	84.84
1747	84
1747	84.065
1746	85.085
1746	85.165
1746	85.275
1747	84.445
1746	85.435
1745	85.7
1745	85.79
1746	85.74
1746	85.86
1745	86.095
1745	86.32
1745	86.44
1744	86.96
1744	87.065
1745	86.775
1745	86.875
1744	87.37
1744	87.455
1744	87.555
1744	87.645
1743	88.355
1743	88.4
1744	87.935
1743	88.565
1743	88.7
1743	88.735
1744	88.27
1743	88.94
1742	89.295
1742	89.34
1743	89.245
1743	89.345
1742	89.715
1742	89.83
1742	90.215
1742	90.3
1741	90.985
1741	91.115
1741	91.175
1742	90.705
1741	91.37
1740	92.135
1740	92.235
1741	91.695
1740	92.455
1740	92.545
1740	92.595
1740	92.74
1740	92.805
1739	93.95
1739	94.005
1740	93.075
1739	94.215
1739	94.315
1739	94.39
1739	94.465
1739	94.515
1739	94.615
1739	94.665
1738	95.17
1738	95.22
1738	95.32
1739	95.165
1738	95.57
1737	96.13
1738	95.77
1738	95.87
1737	96.48
1737	96.63
1737	96.68
1738	96.27
1737	96.93
1736	97.245
1737	97.03
1737	97.13
1736	97.495
1736	97.545
1737	97.38
1737	97.48
1736	97.795
1735	98.21
1736	97.945
1736	97.995
1736	98.095
1735	98.51
1736	98.345
1736	98.395
1735	98.86
1735	98.91
1736	98.745
1735	99.16
1734	99.755
1734	99.805
1735	99.46
1734	100.055
1733	100.37
1734	100.255
1734	100.305
1734	100.455
1733	100.72
1733	100.87
1733	100.92
1733	101.02
1732	101.43
1733	101.17
1733	101.22
1733	101.27
1732	101.73
1733	101.42
1733	101.52
1732	101.98
1732	102.03
1733	101.87
1732	102.33
1732	102.43
1732	102.48
1732	102.63
1732	102.68
1731	103.385
1731	103.435
1732	103.03
1731	103.635
1730	103.89
1730	103.94
1731	103.935
1731	103.985
1730	104.24
1730	104.24
1730	104.34
1730	104.39
1729	105.255
1729	105.305
1730	104.64
1729	105.455
1729	105.505
1729	105.605
1730	104.94
1729	105.755
1729	105.855
1729	105.955
1730	105.29
1729	106.105
1728	107.145
1728	107.245
1729	106.455
1728	107.445
1728	107.495
1728	107.545
1728	107.645
1727	107.885
1727	107.935
1727	108.035
1728	107.895
1727	108.135
1727	108.235
1727	108.235
1728	108.145
1727	108.385
1726	108.95
1727	108.535
1727	108.585
1727	108.635
1726	109.25
1726	109.3
1727	108.885
1726	109.45
1725	109.6
1726	109.6
1726	109.7
1725	109.8
1725	109.9
1725	109.95
1726	109.95
1725	110.05
1724	110.45
1725	110.2
1725	110.25
1724	110.65
1724	110.7
1725	110.45
1724	110.8
1724	110.85
1724	110.9
1725	110.65
1724	111.05
1723	111.65
1723	111.75
1724	111.3
1724	111.35
1723	111.9
1723	112
1723	112.1
1723	112.1
1722	112.5
1722	112.55
1723	112.3
1722	112.65
1722	112.65
1722	112.7
1722	112.75
1722	112.8
1722	112.8
1722	112.85
1722	112.95
1722	113
1721	113.3
1721	113.35
1722	113.15
1721	113.5
1721	113.55
1721	113.6
1721	113.7
1721	113.75
1720	114
1720	114.05
1721	113.9
1720	114.1
1719	114.65
1720	114.2
1720	114.25
1720	114.25
1719	114.8
1720	114.35
1720	114.35
1719	114.9
1719	114.95
1720	114.55
1720	114.6
1719	115.15
1719	115.25
1719	115.3
1718	115.9
1718	115.9
1718	116.05
1719	115.5
1717	116.4
1717	116.45
1718	116.25
1718	116.25
1717	116.55
1717	116.6
1718	116.35
1717	116.7
1717	116.7
1717	116.75
1718	116.5
1717	116.8
1716	117.45
1717	116.95
1717	117.05
1716	117.6
1716	117.75
1717	117.2
1716	117.8
1715	118.4
1715	118.5
1716	117.95
1715	118.5
1715	118.55
1716	118.05
1716	118.1
1715	118.65
1715	118.65
1715	118.8
1715	118.8
1715	118.8
1714	118.95
1715	118.95
1715	119
1714	119.1
1714	119.2
1714	119.3
1714	119.3
1713	120.05
1714	119.45
1714	119.5
1713	120.2
1713	120.2
1714	119.6
1713	120.3
1713	120.3
1713	120.4
1713	120.45
1713	120.45
1712	120.65
1713	120.6
1713	120.65
1712	120.85
1712	120.9
1712	121
1712	121.05
1711	121.5
1711	121.55
1711	121.6
1712	121.2
1711	121.65
1711	121.7
1712	121.3
1712	121.3
1711	121.75
1711	121.8
1711	121.9
1711	121.9
1710	122.7
1710	122.75
1711	122.05
1711	122.1
1710	122.9
1710	122.95
1710	123
1710	123.05
1709	123.45
1709	123.55
1710	123.2
1709	123.6
1709	123.6
1709	123.7
1709	123.7
1709	123.7
1709	123.8
1710	123.45
1709	123.85
1708	124.15
1708	124.25
1709	124.05
1708	124.35
1707	124.7
1708	124.5
1708	124.5
1707	124.85
1707	124.9
1708	124.6
1707	124.95
1707	124.95
1707	125.05
1708	124.7
1707	125.05
1706	125.65
1707	125.2
1707	125.25
1706	125.8
1706	125.85
1707	125.4
1706	126
1705	126.3
1706	126.05
1706	126.1
1705	126.45
1705	126.45
1705	126.5
1706	126.2
1705	126.55
1705	126.55
1705	126.6
1706	126.4
1705	126.7
1704	127.05
1705	126.85
1705	126.85
1704	127.25
1704	127.3
1704	127.4
1704	127.4
1703	127.55
1704	127.5
1704	127.5
1703	127.6
1703	127.6
1704	127.6
1704	127.6
1703	127.7
1703	127.75
1704	127.75
1703	127.85
1702	128.4
1703	127.95
1703	128.05
1702	128.55
1702	128.6
1702	128.65
1702	128.7
1702	128.65
1701	129.25
1702	128.75
1702	128.8
1701	129.3
1702	128.85
1702	128.95
1702	128.9
1701	129.5
1701	129.55
1702	129.1
1701	129.65
1700	130.1
1700	130.15
1700	130.2
1700	130.2
1700	130.25
1701	129.9
1700	130.3
1699	130.5
1700	130.35
1700	130.4
1700	130.4
1700	130.5
1700	130.5
1699	130.75
1698	131.2
1699	130.85
1699	130.95
1698	131.3
1698	131.35
1699	131
1698	131.4
1698	131.4
1698	131.45
1699	131.1
1698	131.5
1698	131.55
1698	131.65
1698	131.65
1697	132.2
1697	132.2
1698	131.8
1697	132.35
1697	132.35
1697	132.4
1697	132.45
1696	132.55
1696	132.55
1697	132.55
1697	132.5
1696	132.65
1696	132.65
1697	132.65
1696	132.75
1696	132.8
1696	132.9
1696	132.9
1695	133.5
1695	133.5
1695	133.6
1695	133.6
1695	133.6
1695	133.65
1696	133.15
1695	133.7
1695	133.7
1695	133.8
1695	133.85
1694	134.3
1694	134.4
1695	134
1694	134.45
1693	134.95
1694	134.55
1694	134.6
1693	135.05
1693	135.05
1694	134.65
1694	134.7
1693	135.1
1693	135.15
1694	134.75
1693	135.25
1693	135.25
1693	135.35
1693	135.4
1692	135.5
1692	135.55
1693	135.55
1692	135.65
1691	136
1692	135.7
1693	135.65
1692	135.7
1691	136.05
1692	135.8
1692	135.85
1691	136.2
1691	136.2
1691	136.3
1691	136.35
1690	136.7
1690	136.75
1691	136.45
1690	136.75
1690	136.75
1691	136.5
1691	136.5
1690	136.85
1690	136.9
1691	136.6
1690	137
1689	137.2
1690	137.1
1690	137.15
1689	137.35
1688	137.75
1689	137.4
1689	137.5
1689	137.45
1689	137.5
1689	137.55
1689	137.55
1689	137.55
1689	137.6
1689	137.65
1688	138.05
1688	138.05
1688	138.15
1688	138.2
1687	138.55
1687	138.55
1688	138.3
1687	138.6
1687	138.6
1688	138.35
1688	138.4
1687	138.75
1687	138.75
1687	138.85
1687	138.9
1686	139
1686	139.05
1687	139
1686	139.15
1685	139.6
1686	139.15
1687	139.1
1686	139.15
1686	139.2
1686	139.25
1686	139.3
1685	139.8
1686	139.35
1686	139.45
1685	139.95
1685	139.95
1685	140
1685	140.1
1684	140.4
1684	140.35
1685	140.15
1685	140.15
1684	140.4
1685	140.2
1685	140.25
1684	140.55
1684	140.65
1684	140.75
1683	141.15
1683	141.15
1683	141.2
1684	140.8
1683	141.15
1683	141.25
1684	140.85
1684	140.85
1683	141.25
1683	141.3
1683	141.4
1683	141.4
1682	141.9
1682	141.95
1682	142
1681	142.15
1682	142
1683	141.6
1682	142.05
1681	142.2
1682	142.15
1682	142.2
1682	142.15
1681	142.35
1681	142.45
1681	142.5
1680	142.8
1680	142.85
1681	142.6
1680	142.9
1680	142.85
1681	142.6
1681	142.65
1681	142.7
1680	143
1681	142.75
1681	142.8
1680	143.05
1679	143.5
1680	143.25
1679	143.6
1679	143.6
1679	143.65
1680	143.35
1679	143.65
1679	143.7
1680	143.45
1679	143.8
1678	144.2
1679	143.85
1679	143.9
1678	144.3
1677	144.7
1678	144.4
1678	144.45
1677	144.75
1678	144.45
1678	144.45
1678	144.5
1677	144.8
1678	144.55
1678	144.6
1677	145
1677	145
1677	145.1
1677	145.1
1676	145.5
1676	145.5
1677	145.2
1676	145.55
1676	145.55
1677	145.25
1677	145.3
1676	145.65
1676	145.7
1676	145.75
1676	145.8
1675	146.25
1675	146.3
1676	145.9
1676	145.85
1675	146.35
1675	146.4
1676	145.95
1675	146.45
1675	146.5
1675	146.55
1675	146.6
1674	146.9
1674	146.95
1675	146.75
1674	147
1674	147.05
1674	147.1
1674	147.1
1674	147.1
1674	147.1
1674	147.2
1674	147.2
1673	147.35
1673	147.45
1673	147.5
1673	147.45
1672	147.65
1673	147.55
1673	147.55
1672	147.65
1673	147.55
1673	147.6
1673	147.65
1672	147.8
1672	147.9
1672	147.95
1671	148.4
1671	148.4
1672	148.05
1672	148.05
1671	148.45
1672	148.05
1672	148.1
1671	148.6
1671	148.6
1671	148.65
1671	148.7
1670	149.05
1670	149.05
1671	148.8
1671	148.8
1670	149.1
1670	149.15
1671	148.85
1670	149.2
1670	149.2
1670	149.25
1670	149.3
1669	149.55
1669	149.65
1670	149.45
1669	149.7
1669	149.7
1669	149.75
1669	149.75
1669	149.75
1669	149.8
1670	149.6
1668	150.1
1668	150.15
1668	150.2
1668	150.25
1667	150.3
1667	150.35
1668	150.3
1668	150.3
1668	150.35
1668	150.4
1667	150.5
1667	150.6
1668	150.5
1666	151
1666	151
1667	150.7
1667	150.7
1666	151.1
1667	150.8
1667	150.85
1666	151.2
1666	151.3
1666	151.3
1665	151.6
1665	151.65
1666	151.4
1665	151.7
1665	151.7
1666	151.45
1666	151.45
1665	151.75
1665	151.8
1665	151.85
1664	152.15
1664	152.15
1665	151.95
1665	152
1664	152.25
1664	152.25
1665	152.05
1664	152.3
1664	152.3
1664	152.4
1664	152.4
1663	152.7
1663	152.75
1664	152.55
1663	152.8
1663	152.8
1663	152.85
1664	152.6
1663	152.85
1663	152.9
1663	153
1662	153.25
1662	153.25
1662	153.35
1662	153.35
1662	153.35
1662	153.4
1663	153.2
1662	153.45
1662	153.45
1662	153.55
1662	153.6
1661	153.85
1661	153.9
1661	153.95
1661	153.95
1661	153.95
1662	153.75
1661	154
1660	154.3
1661	154.1
1661	154.1
1660	154.4
1660	154.45
1660	154.55
1659	154.8
1660	154.55
1661	154.25
1660	154.55
1659	154.9
1660	154.65
1660	154.65
1658	155.2
1658	155.25
1659	155.1
1659	155.1
1658	155.3
1659	155.1
1660	154.85
1659	155.15
1658	155.4
1659	155.25
1658	155.55
1657	156
1657	156
1658	155.65
1657	156.05
1657	156.05
1658	155.65
1658	155.7
1658	155.7
1657	156.15
1657	156.25
1657	156.3
1656	156.5
1656	156.55
1657	156.35
1656	156.6
1656	156.6
1657	156.35
1657	156.4
1656	156.65
1656	156.7
1656	156.8
1656	156.8
1655	157
1655	157.05
1656	156.85
1655	157.05
1656	156.9
1656	156.9
1655	157.15
1655	157.15
1655	157.25
1654	157.45
1654	157.5
1655	157.35
1654	157.5
1654	157.55
1655	157.4
1655	157.4
1654	157.65
1654	157.7
1654	157.75
1653	158.15
1653	158.1
1654	157.85
1653	158.2
1653	158.15
1653	158.2
1654	157.9
1652	158.45
1652	158.5
1653	158.35
1652	158.55
1652	158.55
1652	158.6
1652	158.6
1652	158.6
1652	158.65
1653	158.55
1651	158.9
1651	158.95
1652	158.85
1651	159
1650	159.05
1651	159.05
1651	159.1
1651	159.05
1651	159.1
1651	159.2
1650	159.25
1650	159.25
1650	159.3
1650	159.3
1650	159.25
1650	159.35
1651	159.3
1650	159.4
1650	159.45
1650	159.5
1649	159.65
1648	159.85
1649	159.75
1649	159.75
1649	159.75
1649	159.8
1650	159.7
1648	159.95
1648	160.05
1649	159.95
1648	160.1
1647	160.35
1648	160.15
1648	160.15
1648	160.15
1648	160.2
1648	160.25
1647	160.5
1647	160.55
1647	160.6
1647	160.6
1647	160.6
1647	160.65
1648	160.4
1647	160.65
1647	160.7
1646	161.05
1645	161.45
1646	161.15
1646	161.1
1646	161.05
1646	161.1
1647	160.95
1646	161.15
1645	161.6
1645	161.7
1644	161.9
1644	161.9
1645	161.75
1645	161.75
1645	161.75
1645	161.8
1645	161.85
1644	162.05
1644	162.05
1644	162.15
1644	162.15
1644	162.1
1645	161.95
1645	162
1644	162.2
1644	162.25
1644	162.3
1643	162.5
1642	162.75
1643	162.6
1643	162.6
1643	162.6
1643	162.6
1644	162.45
1643	162.7
1642	162.9
1642	162.95
1643	162.8
1641	163.15
1642	163
1643	162.85
1642	163
1642	163.05
1642	163.1
1642	163.15
1641	163.35
1641	163.4
1641	163.45
1641	163.4
1641	163.4
1642	163.25
1641	163.45
1640	163.6
1640	163.7
1640	163.75
1639	163.9
1640	163.75
1641	163.7
1640	163.8
1640	163.8
1641	163.75
1640	163.9
1639	164.05
1639	164.15
1639	164.15
1639	164.15
1639	164.15
1640	164.05
1639	164.2
1639	164.25
1639	164.35
1638	164.45
1637	164.8
1638	164.5
1639	164.4
1638	164.5
1638	164.5
1638	164.6
1637	164.9
1637	164.95
1638	164.7
1637	165.05
1637	165
1637	165.05
1638	164.75
1637	165.1
1637	165.1
1637	165.2
1636	165.35
1636	165.35
1636	165.4
1637	165.3
1636	165.4
1636	165.4
1637	165.35
1636	165.5
1635	165.9
1636	165.6
1635	166
1635	166
1636	165.7
1636	165.65
1635	166.05
1635	166.15
1635	166.2
1634	166.3
1634	166.35
1635	166.25
1634	166.4
1635	166.25
1635	166.3
1634	166.45
1633	166.65
1634	166.55
1633	166.75
1633	166.75
1634	166.65
1634	166.65
1633	166.8
1633	166.85
1634	166.75
1632	167.1
1632	167.1
1633	166.95
1633	166.95
1632	167.15
1633	167
1633	167
1632	167.25
1632	167.3
1632	167.35
1631	167.5
1631	167.45
1632	167.4
1632	167.4
1631	167.55
1631	167.65
1631	167.65
1630	167.75
1631	167.7
1632	167.6
1631	167.7
1631	167.8
1630	167.95
1629	168
1630	167.95
1630	168
1629	168.05
1630	168
1630	168
1629	168.2
1630	168.15
1628	168.45
1629	168.25
1630	168.25
1629	168.3
1628	168.55
1629	168.45
1628	168.65
1627	168.85
1628	168.7
1628	168.7
1628	168.65
1628	168.65
1629	168.55
1627	168.95
1627	168.95
1628	168.85
1627	169
1627	169.05
1628	168.9
1627	169.1
1626	169.5
1627	169.25
1626	169.55
1626	169.55
1627	169.25
1627	169.25
1626	169.6
1626	169.65
1626	169.7
1625	170.05
1625	170.1
1626	169.8
1625	170.1
1626	169.8
1626	169.85
1625	170.2
1624	170.4
1625	170.3
1624	170.5
1624	170.5
1625	170.35
1625	170.35
1624	170.55
1624	170.6
1624	170.7
1623	170.8
1624	170.75
1624	170.75
1623	170.9
1623	170.95
1624	170.85
1622	171.1
1622	171.1
1623	171.05
1623	171.05
1623	171.05
1623	171.1
1622	171.2
1621	171.4
1622	171.25
1622	171.3
1622	171.25
1622	171.3
1623	171.25
1621	171.55
1621	171.55
1622	171.45
1621	171.65
1620	171.75
1622	171.5
1621	171.75
1621	171.7
1621	171.8
1621	171.85
1620	171.95
1621	171.9
1620	171.95
1620	172
1621	171.95
1619	172.25
1620	172.15
1619	172.35
1619	172.35
1620	172.25
1619	172.4
1618	172.55
1619	172.5
1618	172.6
1618	172.6
1619	172.55
1618	172.65
1618	172.7
1618	172.75
1617	172.85
1618	172.8
1618	172.8
1617	172.9
1618	172.9
1616	173.3
1617	173
1617	173
1617	173.05
1617	173.15
1616	173.5
1616	173.55
1616	173.55
1616	173.55
1616	173.65
1615	173.75
1616	173.7
1615	173.8
1615	173.8
1615	173.85
1614	173.95
1614	174
1614	174.05
1614	174.05
1614	174.05
1613	174.15
1614	174.15
1613	174.25
1614	174.2
1614	174.25
1613	174.3
1613	174.4
1612	174.55
1613	174.45
1612	174.6
1612	174.65
1612	174.7
1611	175.05
1612	174.75
1611	175.05
1612	174.75
1612	174.8
1611	175.15
1611	175.2
1611	175.25
1611	175.25
1611	175.25
1612	174.95
1610	175.45
1610	175.45
1610	175.55
1610	175.5
1610	175.5
1611	175.4
1610	175.6
1609	175.65
1609	175.7
1609	175.75
1609	175.7
1610	175.75
1609	175.8
1608	175.9
1608	175.95
1609	175.9
1608	176
1609	175.9
1609	175.95
1608	176.05
1608	176.1
1608	176.1
1607	176.2
1607	176.2
1608	176.15
1607	176.2
1607	176.25
1608	176.2
1606	176.8
1607	176.3
1608	176.25
1607	176.3
1607	176.35
1607	176.45
1606	176.95
1605	177.2
1606	177.05
1606	177
1606	177.05
1606	177.15
1605	177.35
1605	177.35
1606	177.15
1606	177.15
1605	177.45
1605	177.5
1605	177.5
1604	178.85
1605	177.55
1605	177.6
1604	178.85
1605	177.6
1604	178.95
1603	179.1
1604	179
1604	179
1604	179
1604	179
1604	179.1
1603	179.2
1603	179.25
1604	179.15
1603	179.3
1603	179.3
1603	179.4
1603	179.4
1602	179.5
1602	179.55
1603	179.45
1602	179.55
1602	179.6
1602	179.65
1601	179.75
1601	179.8
1602	179.7
1601	179.85
1601	179.85
1602	179.75
1601	179.9
1600	180
1601	180
1601	180
1600	180.1
1601	180.05
1601	180.1
1599	180.55
1600	180.2
1600	180.25
1600	180.2
1600	180.25
1600	180.25
1599	180.65
1599	180.65
1600	180.3
1599	180.7
1599	180.7
1600	180.4
1598	181.1
1598	181.15
1599	180.9
1599	180.85
1598	181.15
1598	181.25
1598	181.3
1597	181.35
1598	181.3
1598	181.35
1597	181.35
1598	181.35
1598	181.4
1596	181.6
1597	181.5
1598	181.45
1597	181.55
1597	181.55
1597	181.65
1596	181.75
1596	181.75
1597	181.7
1596	181.8
1596	181.85
1596	181.9
1596	181.9
1595	182
1596	181.95
1596	181.95
1595	182.05
1595	182.1
1595	182.1
1594	182.25
1595	182.15
1595	182.15
1594	182.35
1595	182.25
1594	182.4
1593	182.6
1594	182.5
1594	182.45
1593	182.7
1594	182.55
1593	182.75
1593	182.75
1594	182.65
1593	182.8
1593	182.85
1593	182.9
1592	183.2
1592	183.2
1593	182.9
1592	183.25
1592	183.25
1592	183.35
1591	183.4
1591	183.45
1592	183.4
1592	183.4
1591	183.55
1591	183.6
1590	183.6
1591	183.6
1592	183.55
1591	183.65
1590	183.65
1591	183.75
1590	183.7
1590	183.7
1591	183.75
1590	183.75
1589	183.9
1590	183.85
1589	183.95
1590	183.9
1589	184
1588	184.15
1589	184.05
1589	184.1
1588	184.2
1589	184.05
1589	184.1
1587	184.65
1588	184.35
1588	184.35
1588	184.35
1588	184.4
1588	184.4
1587	184.8
1588	184.45
1588	184.45
1587	184.8
1587	184.9
1586	185
1586	185
1587	184.95
1586	185.05
1587	185.05
1585	185.2
1586	185.15
1587	185.1
1585	185.3
1585	185.3
1586	185.25
1585	185.35
1585	185.35
1586	185.3
1585	185.4
1584	185.4
1585	185.45
1584	185.45
1584	185.45
1585	185.5
1584	185.5
1583	185.75
1584	185.6
1584	185.6
1583	185.75
1584	185.65
1584	185.65
1583	185.85
1583	185.9
1584	185.75
1583	185.9
1583	185.9
1583	186
1582	186.25
1582	186.3
1583	186.05
1582	186.3
1582	186.35
1582	186.45
1581	186.5
1582	186.4
1583	186.2
1582	186.4
1581	186.6
1581	186.65
1580	186.6
1581	186.65
1581	186.7
1580	186.65
1580	186.75
1580	186.75
1580	186.7
1581	186.8
1580	186.8
1579	186.9
1580	186.9
1579	186.9
1580	186.9
1580	186.9
1578	187.45
1579	187.05
1579	187.05
1579	187
1579	187.05
1578	187.6
1578	187.6
1579	187.2
1578	187.65
1577	187.75
1578	187.75
1577	187.75
1578	187.7
1578	187.75
1577	187.8
1576	187.85
1577	187.85
1576	187.9
1576	187.9
1577	187.9
1576	187.95
1576	187.95
1577	188
1576	188
1576	188.1
1575	188.1
1576	188.1
1576	188.15
1575	188.15
1575	188.2
1575	188.25
1574	188.3
1574	188.3
1575	188.3
1574	188.35
1574	188.35
1574	188.4
1574	188.4
1574	188.4
1575	188.45
1573	188.8
1574	188.55
1573	188.9
1573	188.95
1573	188.95
1572	189.25
1574	188.65
1572	189.25
1572	189.25
1573	189.05
1571	189.4
1571	189.4
1572	189.35
1570	189.45
1571	189.45
1570	189.4
1571	189.4
1571	189.4
1570	189.45
1571	189.4
1570	189.45
1570	189.45
1570	189.5
1569	189.75
1571	189.5
1569	189.75
1569	189.8
1569	189.8
1569	189.85
1570	189.65
1569	189.95
1570	189.8
1568	190.2
1569	190.1
1569	190.2
1568	190.3
1568	190.4
1569	190.25
1567	190.4
1568	190.45
1567	190.45
1568	190.5
1568	190.55
1566	190.65
1567	190.55
1567	190.6
1567	190.6
1567	190.65
1567	190.65
1566	190.8
1566	190.85
1567	190.7
1565	191
1566	190.9
1565	191.05
1566	190.9
1566	190.95
1564	191.3
1565	191.15
1565	191.2
1564	191.4
1565	191.2
1564	191.45
1564	191.5
1564	191.5
1564	191.5
1564	191.6
1563	191.75
1564	191.65
1563	191.85
1563	191.9
1564	191.7
1562	191.95
1563	191.95
1562	192
1562	191.95
1562	192.05
1562	192
1562	192
1562	192.1
1561	192.05
1562	192.1
1563	192.1
1561	192.15
1562	192.2
1561	192.25
1560	192.65
1561	192.35
1560	192.65
1560	192.65
1561	192.35
1560	192.7
1559	192.75
1560	192.75
1559	192.8
1559	192.75
1560	192.75
1559	192.8
1558	192.8
1560	192.8
1559	192.8
1559	192.85
1559	192.9
1558	192.9
1558	192.9
1559	192.95
1558	192.95
1557	193.05
1558	193.05
1558	193
1557	193.1
1558	193.05
1558	193.1
1557	193.15
1557	193.2
1558	193.15
1557	193.2
1557	193.25
1557	193.3
1556	193.35
1557	193.3
1557	193.35
1556	193.45
1557	193.4
1555	193.95
1555	194
1555	194
1555	194
1556	193.55
1554	193.95
1554	194
1555	194.05
1554	194
1554	194
1555	194.1
1554	194.05
1554	194.05
1555	194.15
1553	194.2
1553	194.2
1553	194.25
1553	194.25
1553	194.35
1553	194.35
1552	194.55
1553	194.35
1553	194.35
1552	194.6
1552	194.65
1553	194.4
1552	194.6
1553	194.45
1553	194.45
1551	194.75
1552	194.75
1552	194.75
1551	194.8
1551	194.85
1551	194.85
1551	194.8
1552	194.85
1550	194.95
1550	194.95
1551	194.95
1550	194.95
1550	195
1550	195.05
1549	195.15
1550	195.1
1549	195.15
1549	195.2
1549	195.2
1549	195.2
1549	195.25
1549	195.3
1548	195.55
1550	195.25
1548	195.6
1547	195.7
1548	195.65
1547	195.75
1548	195.7
1548	195.7
1547	195.75
1547	195.8
1548	195.7
1546	195.75
1547	195.85
1546	195.8
1547	195.85
1547	195.9
1546	195.9
1547	195.95
1545	196.25
1546	196
1545	196.25
1546	196
1545	196.35
1544	196.35
1545	196.4
1545	196.4
1544	196.45
1545	196.45
1544	196.45
1545	196.45
1544	196.5
1543	196.5
1544	196.55
1544	196.6
1543	196.55
1543	196.6
1543	196.6
1544	196.65
1543	196.65
1542	196.8
1543	196.7
1542	196.85
1542	196.95
1542	196.9
1542	196.9
1543	196.8
1541	197.2
1542	197
1542	197
1541	197.25
1541	197.3
1540	197.3
1541	197.35
1541	197.4
1539	197.4
1540	197.35
1540	197.35
1539	197.4
1540	197.4
1540	197.4
1540	197.4
1540	197.45
1539	197.45
1539	197.5
1540	197.5
1539	197.5
1538	197.85
1539	197.6
1538	197.85
1538	197.9
1539	197.6
1538	197.9
1537	197.85
1538	197.95
1539	197.65
1537	197.9
1537	197.95
1538	198.05
1537	197.95
1537	198
1536	198
1536	198
1538	198.1
1536	198.05
1536	198.1
1536	198.1
1537	198.15
1535	198.55
1536	198.2
1535	198.55
1536	198.25
1535	198.6
1535	198.65
1534	198.6
1535	198.7
1535	198.65
1534	198.65
1534	198.75
1534	198.7
1534	198.8
1533	198.75
1533	198.85
1532	198.9
1533	198.9
1533	198.85
1532	198.9
1532	198.95
1532	198.9
1532	198.9
1532	198.9
1531	199.1
1532	198.95
1532	198.95
1531	199.2
1532	199.1
1530	199.3
1531	199.3
1530	199.35
1531	199.3
1531	199.35
1530	199.4
1530	199.45
1530	199.45
1529	199.55
1530	199.5
1529	199.55
1530	199.55
1528	199.85
1529	199.6
1529	199.65
1528	199.95
1528	199.95
1528	200
1528	200
1527	200
1529	199.75
1527	200.05
1527	200.1
1527	200.05
1527	200.1
1527	200.15
1526	200.05
1527	200.15
1526	200.15
1526	200.15
1527	200.25
1525	200.45
1525	200.5
1526	200.25
1525	200.45
1525	200.5
1525	200.5
1525	200.5
1526	200.25
1524	200.5
1524	200.55
1524	200.5
1524	200.6
1524	200.6
1523	200.65
1524	200.65
1523	200.75
1523	200.75
1524	200.7
1523	200.8
1522	200.85
1523	200.85
1522	200.85
1522	200.85
1523	200.9
1522	200.9
1522	200.95
1523	200.9
1521	200.85
1522	201
1522	201
1521	200.9
1521	200.95
1521	200.95
1521	201
1520	201.3
1521	201.05
1520	201.35
1520	201.4
1520	201.35
1519	201.45
1519	201.45
1520	201.45
1519	201.5
1520	201.5
1518	201.5
1518	201.55
1518	201.55
1517	201.85
1518	201.55
1517	201.8
1518	201.55
1518	201.55
1517	201.85
1518	201.6
1517	201.9
1516	201.9
1517	202
1516	201.95
1516	202
1516	201.95
1516	202
1516	202
1515	201.95
1516	202.05
1515	202
1515	202
1515	202.05
1515	202
1515	202.05
1515	202.1
1514	202.3
1515	202.1
1514	202.35
1514	202.35
1515	202.15
1513	202.4
1514	202.45
1513	202.4
1513	202.45
1513	202.45
1513	202.45
1513	202.5
1512	202.7
1513	202.55
1511	202.7
1512	202.75
1512	202.75
1511	202.8
1512	202.8
1511	202.8
1512	202.9
1511	202.85
1511	202.9
1511	202.95
1510	202.85
1511	202.95
1510	202.9
1510	202.9
1510	202.85
1510	202.9
1510	202.9
1509	203.15
1510	203
1509	203.25
1509	203.3
1509	203.3
1508	203.35
1509	203.35
1508	203.4
1508	203.4
1508	203.45
1508	203.45
1508	203.4
1507	203.45
1508	203.5
1507	203.45
1506	203.65
1507	203.55
1506	203.7
1507	203.6
1506	203.7
1506	203.75
1506	203.75
1505	203.8
1506	203.75
1506	203.75
1505	203.8
1506	203.8
1505	203.85
1505	203.9
1505	203.95
1504	203.95
1505	204
1504	203.95
1505	204.05
1503	204.3
1504	204.05
1504	204.1
1503	204.35
1504	204.1
1502	204.3
1503	204.4
1503	204.35
1502	204.3
1503	204.4
1502	204.35
1503	204.45
1501	204.35
1502	204.4
1502	204.45
1501	204.45
1501	204.5
1502	204.5
1500	204.7
1501	204.55
1501	204.5
1500	204.7
1500	204.7
1501	204.55
1500	204.75
1500	204.8
1499	204.8
1500	204.8
1499	204.8
1499	204.8
1500	204.85
1499	204.85
1499	204.85
1498	205
1498	205.05
1498	205.1
1498	205.05
1498	205.1
1497	205.05
1497	205.05
1498	205.05
1496	205.05
1498	205.1
1496	205.1
1497	205.15
1496	205.15
1497	205.25
1496	205.2
1496	205.2
1495	205.25
1496	205.2
1496	205.25
1494	205.3
1496	205.25
1494	205.3
1494	205.35
1495	205.35
1494	205.4
1495	205.4
1494	205.4
1494	205.45
1494	205.45
1494	205.45
1493	205.55
1493	205.55
1494	205.5
1492	205.85
1493	205.6
1492	205.9
1493	205.65
1492	205.95
1492	205.95
1491	205.95
1492	206
1491	206
1491	206
1492	206
1490	206
1491	206.1
1490	206.05
1491	206.1
1489	206.2
1490	206.15
1489	206.2
1490	206.15
1490	206.1
1489	206.25
1488	206.25
1489	206.3
1489	206.3
1487	206.5
1488	206.35
1487	206.5
1488	206.35
1487	206.5
1488	206.35
1487	206.55
1487	206.6
1487	206.55
1487	206.55
1487	206.6
1486	206.65
1487	206.7
1485	206.85
1486	206.75
1486	206.75
1485	206.85
1485	206.9
1486	206.75
1484	206.95
1486	206.75
1485	206.9
1484	206.95
1485	206.95
1484	206.95
1484	207
1484	207
1484	207
1484	207.05
1483	206.95
1484	207.05
1482	207.2
1483	207.05
1482	207.25
1482	207.25
1483	207.1
1482	207.3
1482	207.35
1482	207.3
1481	207.3
1482	207.35
1481	207.3
1481	207.35
1481	207.35
1480	207.5
1481	207.4
1480	207.5
1481	207.4
1480	207.5
1480	207.55
1479	207.55
1480	207.6
1480	207.6
1479	207.65
1479	207.6
1478	207.65
1479	207.65
1478	207.65
1478	207.65
1478	207.6
1478	207.65
1478	207.65
1477	207.9
1478	207.7
1477	207.9
1477	207.95
1478	207.75
1476	207.95
1478	207.75
1476	208
1476	208.05
1477	208.05
1475	208.1
1477	208.05
1475	208.15
1476	208.1
1475	208.2
1475	208.15
1475	208.2
1475	208.2
1474	208.15
1474	208.2
1474	208.2
1474	208.2
1473	208.45
1474	208.3
1473	208.5
1472	208.5
1473	208.5
1472	208.45
1473	208.45
1472	208.45
1472	208.55
1471	208.45
1472	208.6
1471	208.45
1471	208.55
1471	208.5
1471	208.55
1470	208.7
1471	208.55
1470	208.7
1470	208.75
1471	208.65
1469	208.75
1470	208.8
1470	208.8
1469	208.8
1470	208.85
1469	208.8
1469	208.85
1469	208.85
1468	208.9
1469	208.9
1468	208.9
1468	208.9
1469	208.9
1467	208.95
1468	208.95
1467	208.95
1467	209
1467	209.05
1467	209.1
1466	209.25
1466	209.25
1467	209.15
1466	209.25
1466	209.3
1466	209.25
1465	209.25
1466	209.25
1465	209.25
1465	209.25
1466	209.3
1464	209.45
1465	209.3
1464	209.45
1464	209.45
1464	209.45
1464	209.45
1465	209.35
1463	209.35
1463	209.4
1464	209.55
1463	209.4
1464	209.55
1463	209.4
1463	209.45
1463	209.5
1462	209.65
1463	209.5
1462	209.65
1462	209.7
1462	209.7
1461	209.7
1462	209.75
1461	209.7
1461	209.8
1461	209.8
1461	209.8
1461	209.85
1460	209.8
1461	209.85
1460	209.8
1460	209.85
1461	209.85
1459	210
1459	210.05
1458	210.15
1459	210.1
1458	210.15
1458	210.2
1458	210.15
1458	210.15
1458	210.1
1457	210.15
1457	210.15
1457	210.15
1458	210.2
1456	210.15
1458	210.25
1456	210.2
1457	210.25
1457	210.25
1456	210.25
1456	210.3
1455	210.35
1456	210.3
1455	210.35
1456	210.3
1455	210.4
1455	210.4
1455	210.45
1455	210.45
1455	210.5
1454	210.425
1455	210.5
1453	210.5
1454	210.475
1453	210.5
1453	210.55
1453	210.55
1452	210.55
1453	210.6
1452	210.6
1453	210.7
1451	210.65
1453	210.7
1451	210.65
1452	210.7
1450	210.8
1451	210.65
1450	210.75
1451	210.65
1450	210.75
1451	210.65
1451	210.65
1450	210.8
1450	210.85
1449	210.9
1449	211
1448	210.95
1449	211
1448	210.95
1449	211
1449	211
1448	211.05
1448	211.05
1447	211.2
1448	211.1
1447	211.2
1448	211.1
1447	211.2
1447	211.25
1447	211.25
1446	211.2
1447	211.3
1446	211.2
1446	211.25
1446	211.25
1445	211.3
1446	211.3
1445	211.3
1446	211.35
1445	211.35
1446	211.35
1444	211.45
1445	211.4
1444	211.5
1444	211.55
1443	211.55
1443	211.6
1443	211.55
1442	211.55
1444	211.5
1443	211.5
1443	211.55
1442	211.55
1443	211.6
1442	211.65
1442	211.7
1441	211.8
1441	211.8
1441	211.85
1441	211.85
1440	211.85
1441	211.9
1440	211.85
1440	211.9
1440	211.95
1440	211.9
1441	211.95
1439	211.9
1440	212
1439	211.9
1439	211.95
1438	212.05
1439	211.95
1438	212.05
1438	212.1
1438	212.1
1438	212.1
1439	212
1437	212
1438	212.15
1436	212.05
1437	212.1
1436	212.05
1437	212.1
1436	212.05
1436	212.1
1435	212.25
1436	212.1
1435	212.25
1436	212.1
1435	212.3
1435	212.35
1434	212.25
1435	212.35
1434	212.25
1434	212.3
1433	212.4
1433	212.45
1433	212.45
1433	212.45
1433	212.5
1432	212.45
1433	212.5
1432	212.45
1433	212.5
1431	212.55
1432	212.45
1431	212.6
1432	212.5
1431	212.6
1432	212.55
1430	212.65
1431	212.65
1430	212.65
1430	212.7
1430	212.65
1430	212.75
1429	212.75
1429	212.8
1429	212.8
1428	212.8
1429	212.75
1428	212.8
1428	212.8
1427	212.8
1429	212.75
1427	212.8
1428	212.8
1427	212.85
1427	212.85
1428	212.9
1426	212.85
1428	212.95
1426	212.8
1427	212.95
1425	213
1426	212.9
1425	213
1426	212.9
1425	213.05
1425	213.05
1425	213.1
1424	213.05
1425	213.1
1424	213.05
1425	213.05
1424	213
1425	213.05
1423	213.15
1424	213.1
1423	213.15
1423	213.2
1422	213.1
1423	213.25
1422	213.1
1422	213.15
1422	213.15
1421	213.3
1422	213.15
1420	213.25
1421	213.35
1420	213.25
1421	213.35
1420	213.25
1420	213.3
1421	213.35
1420	213.3
1420	213.4
1419	213.45
1419	213.45
1419	213.45
1419	213.5
1418	213.55
1419	213.5
1418	213.55
1419	213.55
1418	213.55
1418	213.6
1417	213.5
1418	213.6
1417	213.55
1417	213.55
1417	213.55
1416	213.6
1417	213.55
1416	213.6
1416	213.6
1416	213.6
1417	213.65
1415	213.55
1416	213.65
1414	213.8
1415	213.65
1414	213.8
1415	213.7
1413	213.8
1414	213.85
1413	213.8
1413	213.8
1413	213.75
1413	213.8
1413	213.8
1413	213.8
1412	213.95
1412	213.95
1412	214
1411	213.85
1412	213.95
1411	213.85
1412	214
1410	214
1412	214
1410	214.05
1411	213.95
1410	214.05
1411	213.95
1409	214.1
1410	214.15
1409	214.15
1409	214.2
1408	214.15
1409	214.2
1408	214.15
1409	214.2
1408	214.15
1408	214.2
1407	214.25
1408	214.25
1407	214.3
1407	214.3
1407	214.3
1406	214.25
1406	214.25
1405	214.15
1406	214.2
1405	214.1
1406	214.15
1405	214.1
1406	214.2
1405	214.15
1405	214.15
1405	214.15
1404	214.2
1405	214.2
1404	214.2
1404	214.2
1403	214.3
1405	214.25
1403	214.3
1404	214.25
1402	214.3
1403	214.4
1402	214.3
1403	214.4
1402	214.3
1402	214.35
1401	214.5
1401	214.55
1401	214.5
1401	214.55
1401	214.5
1400	214.55
1401	214.55
1401	214.55
1400	214.65
1400	214.65
1399	214.65
1398	214.65
1399	214.55
1398	214.55
1399	214.5
1398	214.55
1399	214.6
1398	214.6
1399	214.6
1397	214.7
1398	214.65
1396	214.65
1398	214.65
1397	214.75
1397	214.7
1397	214.75
1396	214.7
1397	214.8
1396	214.75
1396	214.75
1394	214.8
1395	214.85
1394	214.75
1396	214.7
1394	214.7
1396	214.65
1394	214.7
1395	214.8
1393	214.8
1394	214.8
1393	214.85
1394	214.85
1393	214.9
1393	214.9
1394	214.9
1392	214.95
1393	214.95
1391	214.9
1392	215.05
1391	214.9
1392	215
1391	214.85
1392	215
1390	215.05
1392	215.05
1390	215.1
1391	215
1389	215.05
1391	215
1389	215.05
1390	215.2
1389	215.1
1390	215.25
1388	215.1
1389	215.2
1388	215.15
1388	215.2
1387	215.25
1388	215.2
1387	215.25
1388	215.15
1387	215.2
1388	215.2
1386	215.25
1387	215.3
1386	215.25
1387	215.35
1385	215.3
1386	215.35
1385	215.35
1386	215.4
1384	215.35
1385	215.35
1384	215.35
1384	215.35
1383	215.3
1383	215.3
1384	215.35
1383	215.3
1384	215.35
1382	215.45
1383	215.3
1382	215.45
1382	215.45
1382	215.5
1382	215.45
1382	215.5
1381	215.5
1382	215.5
1381	215.5
1381	215.5
1382	215.55
1380	215.45
1381	215.5
1380	215.4
1381	215.5
1380	215.45
1380	215.5
1380	215.5
1379	215.6
1378	215.5
1380	215.5
1378	215.5
1379	215.55
1378	215.55
1378	215.55
1379	215.65
1377	215.65
1378	215.6
1376	215.6
1378	215.6
1376	215.6
1377	215.65
1376	215.55
1377	215.65
1376	215.55
1376	215.6
1375	215.75
1376	215.6
1375	215.75
1375	215.8
1374	215.75
1375	215.8
1374	215.75
1375	215.8
1373	215.8
1374	215.85
1373	215.8
1374	215.85
1372	215.8
1373	215.85
1372	215.85
1373	215.85
1372	215.85
1373	215.85
1371	215.85
1372	215.9
1370	215.9
1372	215.9
1370	215.9
1370	215.95
1371	215.9
1370	215.95
1371	215.9
1369	215.9
1370	215.95
1369	215.85
1370	215.95
1369	215.9
1369	215.9
1369	215.9
1368	215.95
1369	215.9
1368	215.95
1369	215.9
1367	216.05
1368	216
1366	216.05
1367	216.1
1366	216.05
1367	216.1
1366	216
1367	216.1
1365	216.1
1367	216.1
1365	216.15
1365	216.15
1364	216.05
1365	216.2
1364	216.05
1365	216.15
1364	216.05
1364	216.05
1363	216
1364	216.1
1363	216
1363	216.05
1362	216
1363	216.1
1362	216
1362	216
1361	215.85
1362	216
1361	215.85
1362	215.95
1361	215.85
1361	215.9
1361	215.9
1360	216.3
1360	216.25
1359	216.35
1360	216.25
1359	216.35
1359	216.35
1359	216.35
1359	216.35
1358	216.45
1358	216.4
1358	216.45
1358	216.4
1358	216.45
1358	216.45
1358	216.5
1356	216.4
1357	216.5
1356	216.4
1357	216.5
1356	216.45
1356	216.5
1356	216.45
1356	216.5
1355	215.85
1355	215.85
1355	215.9
1354	215.75
1355	215.85
1353	216.75
1355	215.8
1353	216.7
1355	215.8
1353	216.7
1354	215.75
1352	216.8
1353	216.8
1352	216.8
1353	216.8
1352	216.8
1353	216.8
1351	216.9
1352	216.85
1351	216.9
1351	216.9
1350	216.9
1351	216.95
1350	216.95
1350	216.95
1350	216.95
1350	216.95
1350	216.95
1349	216.7
1349	216.75
1349	216.75
1349	216.8
1349	216.8
1348	216.9
1348	216.9
1348	216.9
1347	216.8
1347	216.8
1346	216.6
1347	216.8
1346	216.55
1347	216.8
1346	216.55
1347	216.8
1345	216.4
1347	216.85
1345	216.45
1346	216.7
1344	216.5
1345	216.5
1344	216.45
1345	216.5
1343	216.7
1344	216.5
1343	216.7
1343	216.7
1343	216.65
1343	216.7
1343	216.7
1342	217
1343	216.75
1342	217
1342	217
1342	217
1342	217
1341	216.9
1341	216.9
1341	216.9
1340	217.45
1340	217.4
1340	217.4
1340	217.4
1339	217.35
1339	217.35
1340	217.35
1339	217.35
1338	217.45
1338	217.45
1338	217.5
1338	217.5
1338	217.5
1337	217.45
1337	217.45
1337	217.45
1338	217.45
1337	217.5
1337	217.5
1336	217.35
1336	217.4
1336	217.35
1336	217.35
1335	217.35
1336	217.35
1334	217.25
1336	217.35
1334	217.25
1336	217.35
1334	217.3
1335	217.4
1334	217.3
1335	217.45
1333	217.5
1334	217.4
1332	217.45
1333	217.5
1332	217.4
1333	217.5
1331	217.4
1332	217.45
1331	217.4
1331	217.45
1331	217.45
1331	217.45
1331	217.45
1331	217.45
1330	218
1330	218
1330	218.05
1329	217.75
1330	218.05
1329	217.75
1329	217.75
1328	217.85
1329	217.75
1328	217.85
1329	217.75
1327	217.5
1329	217.75
1327	217.5
1328	217.85
1326	217.6
1328	217.85
1326	217.55
1327	217.6
1326	217.6
1327	217.6
1325	217.65
1326	217.65
1324	217.9
1325	217.65
1324	217.8
1326	217.55
1324	217.85
1325	217.65
1323	217.95
1323	218
1323	218
1323	217.95
1323	217.95
1323	217.95
1323	217.95
1322	217.9
1322	217.85
1322	217.85
1322	217.85
1321	217.8
1322	217.85
1321	217.75
1321	217.8
1320	217.6
1321	217.85
1319	217.95
1321	217.8
1319	217.9
1320	217.65
1319	217.95
1320	217.65
1318	217.85
1319	218
1318	217.85
1319	218
1317	218.05
1318	217.85
1316	218.6
1317	218
1316	218.55
1317	217.95
1316	218.5
1317	217.95
1315	218.45
1316	218.6
1315	218.5
1315	218.55
1314	218.4
1315	218.55
1315	218.55
1314	218.45
1314	218.45
1314	218.4
1314	218.4
1313	218.25
1313	218.25
1313	218.25
1313	218.2
1312	218.7
1312	218.65
1312	218.65
1312	218.65
1312	218.65
1312	218.7
1311	219
1312	218.75
1310	219.1
1311	219
1309	218.35
1310	219.1
1309	218.35
1311	219
1309	218.35
1310	219.1
1309	218.35
1310	219.1
1308	218.4
1309	218.45
1308	218.4
1308	218.45
1307	218.6
1308	218.45
1307	218.6
1307	218.6
1307	218.6
1307	218.6
1306	218.4
1306	218.4
1306	218.45
1305	218.6
1306	218.45
1305	218.6
1305	218.65
1304	218.5
1306	218.4
1304	218.5
1305	218.65
1304	218.55
1304	218.55
1303	218.65
1303	218.65
1303	218.65
1302	218.45
1302	218.45
1302	218.4
1303	218.6
1301	218.35
1302	218.45
1301	218.4
1301	218.4
1301	218.4
1301	218.45
1300	218.4
1300	218.4
1300	218.4
1299	218.25
1299	218.3
1299	218.3
1299	218.3
1299	218.3
1298	218.45
1298	218.45
1298	218.45
1297	218.5
1298	218.45
1297	218.45
1298	218.45
1297	218.45
1298	218.45
1296	218.45
1297	218.6
1295	218.5
1296	218.5
1295	218.5
1295	218.5
1294	218.15
1295	218.4
1295	218.4
1295	218.45
1294	218.2
1294	218.2
1294	218.2
1294	218.2
1294	218.2
1293	218.2
1294	218.2
1292	218.1
1294	218.2
1292	218.1
1293	218.25
1291	218.2
1293	218.2
1291	218.2
1292	218.15
1290	218.05
1291	218.2
1290	218.05
1290	218.1
1290	218.05
1289	219
1290	218.05
1289	219
1290	218.05
1289	219
1290	218.1
1288	218.85
1289	219.1
1287	218
1289	219.05
1287	217.95
1289	219.05
1287	217.95
1288	218.85
1286	218.05
1287	218
1286	218.1
1286	218.15
1286	218.1
1285	217.6
1285	217.6
1285	217.6
1285	217.6
1285	217.55
1285	217.6
1284	217.75
1284	217.8
1283	217.4
1284	217.8
1283	217.35
1284	217.8
1282	217.55
1284	217.8
1282	217.55
1283	217.4
1282	217.55
1283	217.4
1281	217.5
1281	217.5
1280	217.45
1281	217.45
1280	217.45
1281	217.45
1279	217.4
1280	217.45
1279	217.4
1280	217.5
1279	217.4
1279	217.45
1279	217.45
1279	217.45
1278	217.45
1278	217.5
1278	217.5
1277	217.35
1278	217.5
1277	217.35
1277	217.35
1276	217.5
1277	217.4
1276	217.45
1277	217.35
1275	217.45
1277	217.35
1275	217.45
1276	217.45
1275	217.45
1276	217.45
1274	217.45
1276	217.5
1274	217.5
1275	217.55
1273	217.5
1274	217.5
1272	217.45
1273	217.45
1272	217.4
1273	217.45
1272	217.45
1272	217.45
1272	217.45
1272	217.5
1271	217.5
1271	217.45
1271	217.45
1271	217.45
1271	217.45
1270	217.45
1270	217.45
1269	217.45
1270	217.45
1269	217.45
1270	217.45
1268	217.4
1270	217.45
1268	217.4
1269	217.45
1267	217.35
1268	217.45
1267	217.4
1267	217.4
1267	217.4
1267	217.4
1266	217.4
1266	217.35
1266	217.35
1265	217.45
1266	217.35
1265	217.35
1266	217.3
1265	217.4
1266	217.35
1264	217.35
1265	217.45
1263	217.35
1265	217.45
1263	217.35
1264	217.35
1262	217.3
1264	217.35
1262	217.3
1264	217.35
1262	217.3
1263	217.4
1261	217.3
1262	217.4
1261	217.35
1262	217.45
1260	217.35
1261	217.4
1260	217.35
1261	217.35
1260	217.4
1260	217.4
1260	217.4
1258	217.45
1259	217.35
1258	217.4
1259	217.3
1258	217.35
1259	217.3
1257	217.25
1259	217.25
1257	217.3
1258	217.4
1256	217.25
1257	217.35
1256	217.25
1257	217.35
1256	217.25
1256	217.25
1255	217.35
1255	217.35
1255	217.35
1255	217.35
1255	217.4
1254	217.367
1255	217.4
1253	217.35
1255	217.4
1253	217.35
1254	217.367
1253	217.35
1254	217.367
1252	217.3
1253	217.4
1251	217.35
1253	217.4
1251	217.3
1252	217.3
1250	217.35
1252	217.25
1250	217.3
1251	217.25
1250	217.3
1251	217.25
1249	217.15
1250	217.35
1248	217.25
1249	217.2
1249	217.2
1249	217.2
1249	217.2
1248	217.25
1248	217.25
1247	217.2
1248	217.25
1247	217.2
1248	217.25
1246	217.2
1248	217.3
1246	217.2
1246	217.25
1245	217.2
1246	217.2
1245	217.15
1247	217.25
1244	217.15
1246	217.25
1244	217.15
1245	217.25
1243	217.15
1245	217.2
1243	217.15
1244	217.1
1243	217.1
1244	217.15
1242	217.15
1243	217.2
1241	217.15
1243	217.2
1241	217.15
1242	217.25
1240	217
1241	217.15
1240	217
1241	217.2
1239	217.1
1240	217.1
1239	217.1
1240	217.1
1239	217.1
1239	217.1
1239	217.1
1238	217.05
1238	217.1
1238	217.05
1238	217.1
1237	217
1238	217.05
1236	216.95
1237	216.95
1235	216.95
1236	216.85
1235	216.8
1237	216.75
1235	216.75
1236	216.8
1234	216.9
1235	216.9
1234	216.95
1235	216.95
1234	216.95
1234	216.95
1234	216.95
1233	216.95
1234	217
1233	216.95
1234	217
1232	217
1234	217
1232	217.05
1233	217.05
1231	217.05
1233	217
1231	217.05
1232	217.1
1231	217.1
1231	217.15
1230	217
1231	217.15
1230	217.05
1230	217.05
1230	217.05
1229	216.95
1230	217
1228	217
1230	216.95
1228	217
1229	216.95
1227	217.05
1229	216.95
1227	217.1
1228	217.15
1227	217.15
1227	217.1
1226	217
1226	217
1227	217.05
1225	217.05
1227	217.1
1225	217
1227	217.05
1225	217
1226	217.05
1224	217
1225	217.1
1224	217.05
1224	217
1224	217.05
1223	216.95
1224	217.05
1223	216.95
1223	217
1222	216.95
1223	217
1221	217
1222	216.9
1221	216.95
1222	216.85
1221	216.9
1222	216.9
1220	216.85
1221	217.05
1219	216.9
1220	216.95
1219	216.9
1219	216.9
1219	216.85
1219	216.85
1219	216.85
1219	216.85
1218	216.9
1217	216.95
1218	216.85
1217	216.95
1218	216.9
1217	216.95
1218	216.9
1216	216.85
1218	216.9
1216	216.85
1217	216.95
1215	216.85
1217	217
1215	216.9
1216	216.95
1213	216.9
1215	216.9
1213	216.85
1214	216.9
1213	216.85
1213	216.8
1213	216.85
1213	216.85
1213	216.85
1212	216.85
1213	216.9
1211	216.85
1213	216.9
1211	216.85
1212	216.85
1210	216.7
1211	216.8
1210	216.65
1211	216.8
1210	216.7
1209	216.7
1209	216.7
1208	216.7
1210	216.65
1208	216.65
1210	216.65
1208	216.65
1208	216.7
1206	216.55
1208	216.6
1206	216.45
1207	216.45
1206	216.4
1207	216.4
1206	216.4
1207	216.4
1206	216.45
1206	216.55
1206	216.55
1205	216.55
1206	216.6
1205	216.55
1205	216.6
1204	216.6
1205	216.55
1204	216.6
1204	216.65
1203	216.5
1204	216.6
1203	216.5
1204	216.65
1202	216.55
1202	216.5
1202	216.5
1201	216.5
1202	216.45
1201	216.5
1201	216.5
1200	216.45
1201	216.5
1199	216.55
1201	216.5
1199	216.5
1200	216.45
1198	216.4
1200	216.4
1198	216.4
1199	216.5
1197	216.25
1199	216.5
1197	216.3
1198	216.5
1197	216.3
1197	216.3
1196	216.35
1196	216.35
1196	216.35
1196	216.35
1195	216.25
1196	216.3
1195	216.25
1195	216.3
1194	216.25
1194	216.25
1194	216.2
1194	216.25
1194	216.25
1192	216.2
1193	216.2
1192	216.15
1192	216.15
1191	216.2
1192	216.05
1191	216.1
1192	216.05
1190	216.1
1191	216.15
1190	216.1
1191	216.2
1189	216.1
1190	216.1
1189	216.05
1190	216.05
1188	216.1
1189	216.05
1188	216.15
1188	216.15
1188	216.15
1188	216.1
1188	216.1
1187	216.1
1187	216.15
1186	216.05
1187	216.05
1186	216.05
1187	216.1
1185	215.95
1186	216.1
1185	216
1185	216.05
1184	216.1
1185	216
1184	216.05
1185	215.95
1183	216
1185	215.95
1183	216.05
1183	216.05
1182	216
1182	215.95
1182	215.95
1182	215.9
1182	215.95
1181	215.85
1182	215.95
1181	215.85
1182	215.95
1180	215.9
1181	215.9
1179	215.85
1180	215.95
1179	215.85
1180	215.9
1180	215.9
1179	215.85
1180	215.95
1178	215.8
1180	215.95
1178	215.85
1179	215.9
1177	215.95
1178	215.85
1176	215.8
1177	215.9
1177	215.85
1176	215.7
1177	215.85
1176	215.75
1177	215.9
1175	215.75
1177	215.9
1175	215.75
1176	215.85
1174	215.8
1176	215.85
1174	215.8
1175	215.85
1173	215.9
1174	215.85
1173	215.85
1173	215.85
1173	215.85
1172	215.8
1173	215.85
1172	215.85
1172	215.8
1172	215.8
1172	215.85
1171	215.7
1172	215.9
1170	215.7
1171	215.7
1169	215.7
1170	215.65
1168	215.65
1170	215.55
1169	215.55
1170	215.55
1168	215.6
1169	215.65
1167	215.6
1169	215.65
1167	215.55
1168	215.65
1166	215.55
1167	215.55
1166	215.5
1166	215.5
1166	215.5
1165	215.5
1166	215.5
1165	215.5
1166	215.5
1164	215.5
1166	215.55
1164	215.5
1165	215.55
1163	215.35
1165	215.55
1162	215.4
1164	215.5
1162	215.35
1163	215.35
1161	215.3
1163	215.35
1161	215.3
1161	215.3
1161	215.3
1161	215.3
1160	215.2
1161	215.3
1159	215.25
1161	215.3
1159	215.25
1161	215.3
1158	215.15
1160	215.2
1158	215.2
1158	215.25
1159	215.3
1157	215.2
1159	215.25
1157	215.15
1159	215.25
1156	215.15
1158	215.15
1156	215.15
1157	215.25
1155	215.15
1156	215.2
1155	215.15
1155	215.05
1156	215.1
1154	215.05
1156	215.1
1154	215.05
1156	215.15
1154	215.1
1155	215.1
1153	215.05
1154	215.15
1153	215.1
1153	215.05
1153	215.05
1152	215.05
1154	215.15
1151	215.05
1153	215.1
1151	215.05
1152	215.1
1150	215.05
1151	215.05
1151	215.05
1150	215.05
1151	215.1
1149	215
1151	215.1
1149	215
1150	215.1
1148	215.05
1150	215.05
1147	215.05
1148	215.05
1147	215
1147	214.95
1147	214.95
1147	214.9
1148	214.95
1146	214.85
1148	215
1146	214.9
1147	214.95
1145	214.75
1146	214.9
1144	214.85
1146	214.9
1144	214.8
1145	214.8
1144	214.85
1145	214.8
1143	214.9
1144	214.85
1143	214.9
1143	214.9
1142	214.85
1142	214.85
1142	214.85
1141	214.8
1142	214.85
1141	214.8
1140	214.85
1140	214.8
1140	214.75
1140	214.8
1140	214.75
1140	214.75
1139	214.75
1139	214.75
1138	214.75
1139	214.75
1138	214.7
1139	214.75
1137	214.65
1139	214.75
1136	214.7
1138	214.75
1136	214.65
1137	214.65
1136	214.65
1136	214.65
1135	214.6
1135	214.65
1135	214.65
1135	214.6
1136	214.65
1134	214.45
1136	214.7
1134	214.5
1135	214.7
1133	214.6
1133	214.6
1132	214.45
1133	214.5
1133	214.5
1132	214.4
1133	214.5
1131	214.3
1133	214.5
1131	214.3
1132	214.45
1130	214.4
1131	214.3
1131	214.3
1130	214.35
1131	214.3
1129	214.2
1130	214.35
1128	214.3
1130	214.3
1128	214.25
1130	214.3
1127	214.15
1128	214.3
1128	214.3
1127	214.15
1128	214.3
1127	214.15
1128	214.35
1126	214.2
1127	214.2
1125	214.25
1127	214.15
1125	214.2
1126	214.15
1124	214.05
1125	214.2
1125	214.2
1124	214.1
1125	214.2
1123	214.1
1125	214.2
1123	214
1124	214.05
1122	214.05
1123	214.05
1122	214.05
1123	214.05
1122	214.1
1121	214.05
1121	214.1
1121	214.05
1122	214.1
1120	213.9
1122	214.1
1119	213.95
1121	214.1
1119	213.9
1120	213.85
1120	213.95
1119	213.95
1119	214
1117	213.85
1119	213.95
1117	213.8
1119	213.85
1117	213.75
1118	213.9
1117	213.8
1116	213.7
1117	213.85
1116	213.65
1117	213.8
1115	213.75
1116	213.7
1114	213.75
1115	213.75
1115	213.75
1114	213.7
1116	213.7
1114	213.7
1115	213.8
1113	213.65
1114	213.7
1113	213.6
1113	213.6
1113	213.7
1112	213.55
1113	213.65
1112	213.55
1113	213.65
1111	213.65
1112	213.55
1110	213.5
1111	213.6
1110	213.45
1111	213.55
1110	213.45
1110	213.45
1110	213.5
1110	213.45
1110	213.5
1108	213.55
1109	213.55
1108	213.55
1109	213.5
1107	213.45
1108	213.55
1106	213.5
1108	213.5
1106	213.5
1107	213.45
1106	213.55
1106	213.5
1106	213.55
1105	213.35
1106	213.5
1105	213.35
1106	213.5
1104	213.45
1105	213.4
1103	213.5
1104	213.4
1104	213.4
1103	213.4
1104	213.35
1102	213.3
1104	213.35
1102	213.3
1103	213.35
1102	213.3
1102	213.3
1102	213.35
1101	213.2
1102	213.35
1100	213.15
1102	213.35
1099	213.3
1101	213.25
1099	213.3
1100	213.2
1099	213.3
1098	213.2
1100	213.2
1098	213.15
1099	213.25
1097	213.15
1098	213.15
1097	213.15
1097	213.1
1097	213.15
1096	213
1098	213.2
1095	212.95
1096	213
1095	212.9
1096	212.95
1095	212.9
1095	212.9
1096	212.95
1094	213
1096	213
1093	212.95
1094	213.05
1094	213.05
1093	212.9
1093	212.95
1093	212.9
1094	213.05
1092	212.85
1093	212.9
1091	212.75
1092	212.85
1092	212.85
1091	212.8
1092	212.85
1090	212.75
1092	212.85
1090	212.8
1091	212.85
1089	212.85
1089	212.85
1090	212.8
1088	212.65
1090	212.8
1087	212.7
1089	212.75
1088	212.6
1088	212.6
1088	212.65
1087	212.75
1087	212.75
1086	212.7
1088	212.65
1086	212.65
1087	212.75
1085	212.65
1086	212.75
1085	212.65
1085	212.6
1085	212.65
1084	212.55
1085	212.65
1084	212.55
1085	212.65
1083	212.5
1084	212.55
1083	212.5
1083	212.5
1084	212.55
1082	212.45
1084	212.55
1081	212.45
1082	212.5
1081	212.5
1081	212.4
1082	212.4
1080	212.2
1082	212.4
1080	212.25
1081	212.4
1079	212.15
1080	212.25
1079	212.15
1079	212.15
1080	212.3
1078	212.3
1079	212.15
1077	212.25
1079	212.15
1077	212.25
1078	212.25
1077	212.25
1077	212.2
1077	212.25
1076	212.1
1077	212.2
1075	212
1076	212.1
1075	211.95
1075	211.95
1075	212
1074	212
1075	212
1073	211.95
1075	211.95
1073	211.95
1074	211.95
1073	211.95
1073	211.9
1074	212
1071	211.95
1073	212
1071	211.95
1072	211.95
1072	211.95
1071	211.9
1072	211.95
1070	211.85
1071	211.9
1070	211.9
1070	211.8
1071	211.9
1069	211.75
1070	211.85
1068	211.9
1070	211.85
1068	211.85
1070	211.85
1067	211.85
1069	211.8
1067	211.8
1068	211.9
1067	211.85
1066	211.8
1067	211.8
1066	211.65
1068	211.8
1065	211.6
1067	211.8
1064	211.75
1066	211.75
1064	211.65
1065	211.6
1065	211.65
1063	211.5
1065	211.65
1063	211.5
1064	211.7
1062	211.6
1063	211.55
1062	211.6
1062	211.6
1062	211.6
1061	211.5
1062	211.55
1060	211.6
1062	211.55
1060	211.55
1062	211.55
1059	211.55
1060	211.6
1058	211.5
1059	211.5
1059	211.5
1058	211.35
1060	211.5
1058	211.4
1059	211.5
1057	211.4
1058	211.35
1059	211.45
1057	211.35
1058	211.4
1056	211.45
1056	211.4
1057	211.4
1056	211.4
1057	211.4
1055	211.35
1056	211.45
1054	211.25
1056	211.4
1054	211.25
1054	211.35
1053	211.1
1054	211.3
1053	211.1
1054	211.3
1052	211.15
1053	211.15
1051	211.1
1052	211.1
1052	211.05
1051	210.95
1052	211.05
1051	211
1052	211.1
1050	211.05
1050	211
1051	211.1
1050	211
1050	211.05
1048	210.95
1049	211.05
1048	210.9
1050	210.95
1047	210.9
1049	211.05
1048	211
1047	210.95
1048	211
1046	210.95
1048	210.95
1046	210.95
1047	210.95
1047	211
1045	210.95
1046	211
1044	210.9
1046	210.95
1044	210.9
1044	210.9
1044	210.85
1044	210.85
1044	210.85
1043	210.75
1044	210.9
1042	210.8
1044	210.9
1042	210.75
1043	210.75
1041	210.683
1043	210.75
1040	210.7
1042	210.75
1040	210.7
1042	210.75
1039	210.6
1040	210.7
1038	210.55
1039	210.55
1040	210.65
1039	210.5
1040	210.65
1038	210.55
1039	210.6
1037	210.65
1038	210.55
1037	210.6
1036	210.45
1038	210.5
1036	210.4
1038	210.45
1035	210.45
1036	210.5
1037	210.55
1035	210.45
1037	210.55
1034	210.4
1035	210.45
1034	210.4
1034	210.35
1034	210.35
1033	210.35
1035	210.4
1032	210.3
1034	210.35
1032	210.35
1033	210.4
1031	210.25
1032	210.35
1030	210.25
1032	210.35
1030	210.25
1031	210.2
1029	210.2
1031	210.15
1028	210.1
1030	210.1
1029	210.15
1029	210.15
1030	210.2
1028	210.15
1029	210.25
1027	210.05
1028	210.15
1027	210.05
1027	210.05
1026	210
1026	209.95
1028	210.1
1025	209.95
1027	210
1024	209.95
1025	209.95
1024	209.9
1025	209.9
1025	209.95
1024	209.85
1026	209.95
1023	209.8
1024	209.9
1023	209.8
1022	209.7
1023	209.75
1021	209.7
1023	209.6
1021	209.6
1022	209.55
1022	209.6
1021	209.6
1023	209.65
1020	209.6
1022	209.7
1020	209.6
1020	209.6
1020	209.65
1020	209.6
1019	209.65
1019	209.6
1019	209.65
1018	209.65
1019	209.65
1018	209.65
1019	209.6
1017	209.4
1018	209.65
1016	209.45
1018	209.6
1016	209.5
1017	209.45
1016	209.55
1014	209.55
1016	209.5
1014	209.45
1016	209.4
1014	209.4
1014	209.45
1015	209.25
1013	209.5
1015	209.3
1012	209.4
1014	209.45
1012	209.4
1012	209.35
1013	209.5
1011	209.4
1013	209.5
1011	209.4
1012	209.35
1010	209.35
1012	209.3
1009	209.25
1010	209.35
1009	209.25
1010	209.3
1009	209.25
1009	209.25
1009	209.3
1008	209.25
1009	209.25
1007	209.15
1009	209.15
1006	209.15
1007	209.15
1006	209.2
1007	209.2
1005	209.05
1007	209.2
1004	209.05
1004	209.05
1005	209.05
1003	209.05
1005	209.05
1002	209.05
1004	209
1003	209.05
1003	209
1004	209
1002	208.95
1003	209.05
1001	208.8
1003	209
1000	208.95
1001	208.9
1001	208.9
999	208.75
1001	208.8
999	208.65
1001	208.75
999	208.7
999	208.7
1000	208.9
998	208.75
1000	208.9
997	208.7
999	208.75
997	208.7
998	208.75
997	208.7
997	208.75
996	208.75
996	208.7
995	208.7
995	208.65
997	208.6
995	208.6
997	208.65
994	208.65
996	208.7
994	208.7
994	208.7
993	208.75
993	208.65
994	208.6
992	208.6
994	208.6
991	208.7
993	208.7
990	208.5
992	208.6
990	208.5
991	208.6
990	208.5
990	208.5
990	208.5
989	208.45
990	208.5
988	208.5
990	208.45
987	208.45
990	208.45
987	208.45
989	208.4
987	208.45
988	208.45
987	208.5
987	208.45
987	208.55
985	208.4
986	208.5
985	208.3
987	208.4
984	208.3
986	208.45
984	208.35
984	208.35
984	208.35
983	208.35
985	208.3
982	208.2
984	208.3
981	208.25
983	208.3
982	208.25
981	208.2
982	208.25
980	208.15
982	208.2
980	208.1
982	208.15
979	207.95
981	208.2
979	207.95
980	208.2
978	207.9
979	207.95
978	207.8
979	207.9
977	207.85
979	207.95
976	207.95
978	207.9
975	207.9
977	207.95
975	207.9
976	207.95
974	207.9
975	207.75
975	207.85
973	207.75
975	207.75
973	207.7
975	207.75
972	207.65
972	207.7
973	207.75
971	207.75
973	207.8
970	207.7
971	207.7
970	207.55
971	207.6
971	207.65
970	207.6
970	207.7
969	207.55
970	207.65
968	207.5
970	207.55
967	207.45
969	207.5
968	207.5
968	207.55
966	207.5
967	207.5
966	207.45
967	207.4
966	207.4
966	207.4
965	207.4
965	207.3
964	207.2
965	207.35
963	207.25
964	207.3
963	207.25
963	207.1
964	207.15
963	207.1
964	207.25
961	207.15
963	207.15
961	207.1
962	207.15
961	207.1
960	207.05
962	207.15
959	207
961	207.05
958	206.95
960	207.05
959	207.05
958	206.9
958	206.95
958	206.85
960	207.05
957	206.95
959	207.1
956	206.95
957	207
956	206.9
956	206.85
957	206.95
955	206.75
957	206.9
954	206.8
956	206.85
955	206.8
954	206.85
955	206.85
953	206.75
955	206.75
952	206.6
954	206.8
952	206.65
953	206.7
952	206.65
952	206.6
953	206.7
951	206.55
952	206.65
950	206.55
951	206.55
951	206.55
950	206.5
951	206.55
948	206.55
950	206.5
948	206.55
949	206.55
948	206.5
948	206.4
949	206.55
947	206.25
949	206.5
946	206.35
947	206.3
946	206.35
946	206.25
948	206.4
945	206.3
946	206.35
944	206.25
945	206.3
945	206.3
944	206.1
945	206.3
942	206.1
945	206.25
943	206.1
942	206.15
942	206.1
942	206.15
940	205.85
943	206
940	205.8
942	205.95
941	206
940	205.9
942	206.1
939	205.9
941	206.05
939	205.95
940	205.9
939	206
938	205.9
940	205.95
937	205.8
939	205.95
937	205.85
938	205.9
937	205.85
936	205.8
937	205.85
935	205.75
938	205.9
935	205.8
936	205.8
936	205.85
934	205.85
936	205.8
932	205.8
934	205.75
935	205.65
933	205.65
935	205.6
933	205.75
932	205.75
934	205.8
931	205.7
932	205.75
933	205.75
931	205.65
933	205.75
931	205.75
930	205.65
932	205.75
929	205.6
932	205.7
929	205.55
931	205.65
929	205.55
930	205.65
928	205.55
929	205.65
926	205.55
928	205.6
926	205.5
927	205.5
927	205.5
926	205.4
928	205.5
925	205.4
926	205.45
924	205.4
925	205.4
925	205.45
924	205.35
926	205.5
923	205.3
925	205.4
922	205.15
923	205.25
923	205.3
922	205.1
923	205.35
920	205
923	205.3
921	205.1
921	205.05
922	205.15
920	205
922	205.2
919	205.1
920	205
920	205
919	205
920	204.95
918	205
919	205.05
918	205
917	205
917	204.95
917	204.95
917	204.9
916	204.9
916	204.85
915	204.75
915	204.7
915	204.65
915	204.65
913	204.7
915	204.7
913	204.7
915	204.75
912	204.7
914	204.8
910	204.6
913	204.6
910	204.45
913	204.55
910	204.5
912	204.6
909	204.45
910	204.5
909	204.5
909	204.4
911	204.55
908	204.35
910	204.55
907	204.45
908	204.35
908	204.4
907	204.45
908	204.35
905	204.4
908	204.3
906	204.45
906	204.4
907	204.45
904	204.3
906	204.45
903	204.25
905	204.3
905	204.3
904	204.15
906	204.35
903	204.25
903	204.2
903	204.25
902	204.2
904	204.2
901	204.2
902	204.3
902	204.25
901	204.1
903	204.15
900	204.05
901	204.15
900	204.1
900	204.05
900	204.1
899	204
901	204.15
898	204.05
899	204.05
899	204.1
897	204.05
899	204.05
897	204.05
896	203.95
898	204
895	203.75
898	203.9
896	203.9
896	203.9
897	204
894	203.85
895	203.75
896	203.95
894	203.75
896	203.95
893	203.75
894	203.8
895	203.8
892	203.65
894	203.75
893	203.7
892	203.6
894	203.75
891	203.65
892	203.6
893	203.7
890	203.6
891	203.55
891	203.55
889	203.4
891	203.5
890	203.45
889	203.3
891	203.4
888	203.3
889	203.3
890	203.45
887	203.3
889	203.3
889	203.3
887	203.25
890	203.4
887	203.35
887	203.4
889	203.45
886	203.35
887	203.4
887	203.45
885	203.25
888	203.45
885	203.35
885	203.25
887	203.45
884	203.25
885	203.2
886	203.4
883	203.25
885	203.3
884	203.35
883	203.25
884	203.25
882	203.25
882	203.2
883	203.2
881	203.1
883	203.1
883	203.2
880	203.05
883	203.2
880	203.1
880	203.05
882	203.2
879	203.1
880	203
881	203.1
878	203.05
880	203.05
877	202.95
879	203.05
877	202.9
879	203.05
876	203
878	203
878	203.05
876	202.95
878	203
875	203
875	202.95
876	202.95
873	202.8
875	202.8
876	202.85
873	202.7
875	202.85
874	202.8
873	202.75
875	202.85
872	202.7
873	202.7
873	202.75
872	202.6
874	202.7
871	202.6
872	202.6
873	202.7
870	202.6
872	202.65
870	202.6
870	202.55
872	202.65
869	202.55
871	202.6
869	202.6
869	202.6
869	202.65
867	202.45
869	202.55
866	202.35
868	202.55
867	202.4
866	202.3
868	202.55
866	202.4
865	202.3
867	202.4
864	202.3
866	202.3
866	202.3
864	202.3
866	202.3
863	202.25
864	202.3
865	202.35
862	202.15
864	202.25
863	202.25
862	202.1
864	202.25
861	202.15
862	202.1
863	202.2
860	202.15
862	202.1
861	202.15
859	202.1
861	202.1
860	202.1
859	202
862	202
859	202.1
859	202.05
860	202.15
857	202.05
859	202.1
858	202
857	201.95
859	202.05
856	201.9
857	201.95
858	201.9
855	201.85
857	201.85
857	201.95
855	201.85
856	201.8
856	201.8
854	201.75
856	201.8
855	201.85
854	201.75
856	201.8
852	201.75
853	201.7
854	201.75
852	201.6
853	201.6
854	201.7
851	201.7
853	201.7
852	201.7
850	201.65
853	201.65
850	201.65
851	201.65
852	201.7
849	201.6
851	201.75
849	201.6
849	201.55
851	201.7
847	201.45
849	201.55
849	201.6
847	201.45
849	201.55
847	201.45
847	201.4
849	201.6
845	201.5
846	201.55
847	201.5
844	201.4
847	201.4
845	201.35
845	201.3
846	201.5
843	201.35
844	201.3
845	201.35
842	201.3
845	201.35
843	201.35
842	201.25
844	201.3
842	201.25
842	201.2
844	201.3
840	201.1
841	201.15
842	201.25
840	201.05
843	201.25
839	201.15
840	201.05
841	201.2
838	201.1
840	201.1
839	201.15
838	201
840	201.05
837	200.95
838	200.95
839	201.05
836	200.95
838	200.95
836	201
836	200.95
838	201
834	200.85
836	200.95
834	200.85
835	200.8
836	200.9
833	200.85
836	200.9
833	200.9
834	200.75
834	200.85
832	200.8
834	200.9
831	200.9
834	200.85
831	200.95
831	200.85
832	200.8
829	200.65
833	200.75
829	200.65
830	200.65
831	200.9
828	200.6
830	200.7
828	200.65
828	200.5
830	200.65
827	200.6
828	200.55
827	200.7
826	200.5
829	200.6
825	200.5
827	200.55
827	200.65
824	200.5
827	200.6
825	200.55
825	200.45
827	200.6
823	200.4
823	200.3
825	200.55
821	200.3
824	200.35
824	200.4
823	200.2
825	200.45
821	200.35
822	200.3
822	200.4
820	200.25
823	200.3
820	200.3
820	200.2
822	200.3
819	200.2
820	200.25
822	200.35
818	200.15
819	200.15
820	200.35
817	200.2
819	200.15
818	200.15
817	200.2
819	200.25
816	200.2
817	200.15
818	200.1
815	199.95
817	200.05
816	200.1
815	199.95
817	200.15
813	199.9
814	199.85
815	199.95
813	199.75
815	199.85
813	199.85
813	199.7
815	199.9
811	199.65
813	199.75
812	199.85
811	199.65
813	199.85
809	199.7
811	199.6
812	199.8
809	199.65
812	199.75
810	199.7
808	199.65
811	199.65
807	199.55
808	199.5
810	199.5
807	199.45
809	199.6
807	199.55
807	199.5
809	199.65
805	199.5
806	199.5
808	199.65
804	199.4
807	199.55
806	199.6
804	199.3
807	199.5
803	199.35
804	199.35
806	199.6
802	199.3
804	199.3
804	199.45
803	199.3
804	199.55
800	199.35
802	199.3
801	199.4
801	199.2
803	199.3
799	199.25
801	199.35
801	199.4
799	199.15
802	199.25
798	199.15
798	199.05
801	199.35
797	199.05
798	199.05
799	199.25
796	198.9
799	199.2
797	199.1
796	198.85
798	199.1
795	198.9
795	198.8
797	199
793	198.75
794	198.65
796	198.8
792	198.55
794	198.55
796	198.65
793	198.55
795	198.75
794	198.8
792	198.65
794	198.8
793	198.8
792	198.55
794	198.8
792	198.7
790	198.55
793	198.85
791	198.75
790	198.55
793	198.85
789	198.5
790	198.55
791	198.8
788	198.6
789	198.45
791	198.7
787	198.4
789	198.45
790	198.6
786	198.4
788	198.65
788	198.65
785	198.3
788	198.55
786	198.35
786	198.25
788	198.55
784	198.15
785	198.3
787	198.45
783	198.2
786	198.4
783	198.25
783	198.15
785	198.35
781	198.05
783	198.2
784	198.15
781	198
783	198.25
781	198.1
781	197.95
783	198.15
780	197.8
781	198
781	198.15
779	197.95
781	198.1
778	197.9
779	197.9
780	197.85
778	197.8
780	197.9
778	197.95
777	197.8
779	198.1
775	197.8
777	197.8
778	197.95
775	197.8
778	198
774	197.7
775	197.75
777	197.9
773	197.55
775	197.8
775	197.85
773	197.5
775	197.85
772	197.8
773	197.5
775	197.85
771	197.6
772	197.7
773	197.6
770	197.45
773	197.55
771	197.6
770	197.5
772	197.85
769	197.6
769	197.5
772	197.8
768	197.4
769	197.5
771	197.7
767	197.4
768	197.3
770	197.6
766	197.5
768	197.4
769	197.7
765	197.4
767	197.4
768	197.45
765	197.35
767	197.45
767	197.55
764	197.5
765	197.5
766	197.6
763	197.15
766	197.5
765	197.4
763	197.1
765	197.45
763	197.3
761	197.25
765	197.4
761	197.2
762	197.15
764	197.45
760	197.15
762	197.25
761	197.3
759	196.95
761	197.2
761	197.2
759	196.95
761	197.2
761	197.3
757	197
760	197.2
759	197.1
757	196.95
759	197.05
757	197.05
756	196.9
758	197.1
758	197.05
755	196.75
758	197.05
757	197.05
754	196.85
756	196.95
756	197.05
753	196.85
755	196.8
756	196.95
753	196.75
755	196.75
755	196.85
752	196.7
754	196.9
753	196.9
751	196.65
754	196.75
753	196.8
750	196.45
753	196.8
752	196.75
749	196.6
753	196.85
749	196.6
749	196.55
752	196.7
748	196.5
749	196.5
751	196.75
747	196.55
748	196.4
750	196.6
746	196.5
748	196.4
750	196.55
746	196.55
747	196.5
749	196.6
745	196.3
746	196.45
748	196.55
744	196.45
745	196.15
747	196.55
744	196.5
745	196.2
746	196.55
743	196.3
743	196.3
744	196.55
741	196.2
743	196.15
745	196.25
740	196.2
742	196.1
744	196.4
740	196.2
742	196.15
742	196.3
739	196.05
741	196.05
741	196.2
739	196.1
741	196.2
739	196.15
738	195.95
741	196.05
740	196.2
737	195.9
739	196.1
737	196
736	195.95
740	196.05
737	195.95
736	196.05
738	196.15
735	196.1
735	195.9
738	195.9
735	195.95
734	195.75
737	195.9
733	195.95
733	195.85
735	195.9
734	195.8
732	195.7
735	195.9
731	195.7
732	195.7
734	195.8
729	195.65
733	195.75
731	195.6
731	195.5
733	195.85
729	195.7
730	195.7
731	195.7
728	195.5
731	195.55
729	195.65
727	195.5
730	195.65
729	195.65
726	195.5
729	195.6
726	195.6
725	195.45
728	195.5
724	195.5
725	195.35
727	195.45
723	195.3
725	195.3
727	195.4
722	195.4
725	195.3
725	195.4
722	195.45
725	195.35
723	195.4
721	195.35
725	195.4
721	195.4
722	195.4
723	195.4
719	195.25
720	195.25
722	195.4
718	195.15
721	195.25
721	195.35
717	195.15
720	195.25
719	195.15
717	195.05
720	195.25
717	195.15
716	195.05
719	195.1
716	195.1
717	195.05
718	195.2
714	194.95
717	195.05
714	194.95
715	194.9
716	195.05
712	194.8
715	194.9
713	194.8
711	194.65
715	194.75
712	194.7
713	194.6
715	194.85
710	194.7
712	194.75
713	194.8
709	194.65
712	194.7
712	194.85
708	194.7
710	194.6
711	194.7
707	194.6
709	194.45
711	194.65
707	194.6
709	194.5
709	194.65
705	194.55
709	194.55
707	194.6
705	194.4
709	194.4
704	194.4
707	194.5
705	194.5
703	194.25
706	194.45
705	194.35
704	194.3
706	194.55
704	194.45
701	194.15
705	194.35
701	194.1
702	194
705	194.25
700	194.25
702	194.1
702	194.2
699	194.05
703	194.1
698	194.15
701	194.1
698	194.15
698	194
700	194.15
696	194
700	194.05
697	193.95
697	193.9
698	194.1
695	194
698	193.95
696	194.05
694	193.9
698	193.95
693	194.05
695	193.95
696	194.05
692	194
694	193.75
695	193.95
691	193.95
693	193.85
695	193.95
691	193.95
691	193.85
694	193.8
689	193.85
692	193.8
692	193.9
688	193.75
692	193.85
689	193.85
688	193.65
691	193.75
688	193.8
688	193.65
691	193.8
687	193.65
686	193.6
690	193.75
686	193.7
686	193.55
688	193.65
684	193.6
687	193.45
687	193.6
683	193.6
686	193.55
685	193.65
682	193.4
685	193.5
684	193.55
682	193.35
685	193.4
682	193.4
681	193.25
684	193.45
681	193.4
679	193.25
684	193.3
682	193.3
679	193.25
682	193.2
681	193.3
677	193.15
681	193.2
682	193.3
677	193.15
680	193.15
680	193.2
677	193.1
679	193.2
677	193.2
677	192.95
679	193.1
674	193.15
676	192.7
679	193
674	193.05
674	193
676	192.8
673	192.75
676	192.65
676	192.8
671	192.65
674	192.85
676	192.75
670	193
673	192.75
673	192.75
670	192.85
674	192.85
673	192.8
668	192.75
671	192.45
672	192.55
669	192.9
672	192.6
669	193.1
665	192.7
669	192.75
671	192.25
668	192.5
669	192.8
670	192.9
665	192.7
669	192.75
666	192.35
667	192.25
669	192.9
665	192.7
664	192.5
667	192.4
664	192.4
663	192.1
667	192.15
665	192.5
662	192.35
666	192.35
664	192.55
660	192.7
663	192.25
662	192.35
659	192.35
663	191.9
662	192.1
660	192.35
662	192.1
663	192.2
658	192.7
661	192.55
662	192.4
657	192.45
659	192.4
660	192.5
656	192.3
658	192.35
659	192.3
655	192.2
657	192.05
659	192.2
654	192.1
656	192
659	192.15
654	192.15
654	192
658	192.25
653	191.95
653	191.8
656	191.95
653	191.85
653	191.7
656	191.95
652	191.65
651	191.85
654	191.9
652	191.6
650	191.6
654	191.85
652	191.6
649	191.8
653	191.65
651	191.9
648	191.6
651	191.85
652	191.65
647	191.75
650	191.7
652	191.7
647	191.85
648	191.65
649	192
644	191.65
646	191.65
648	191.45
644	191.4
646	191.45
649	191.6
644	191.4
646	191.6
648	191.55
643	191.5
643	191.35
646	191.7
642	191.3
642	191.1
646	191.45
644	191.35
642	191.15
645	191.35
641	191.45
639	191.35
643	191.15
640	191.6
640	191.45
644	191.25
641	191.35
637	191.8
639	191.2
640	191.55
637	191.55
641	191
640	191.65
635	191.45
637	191.65
638	191.35
635	191.15
638	191.1
639	191.15
633	191.25
635	191.2
638	191.2
634	191.2
635	191.1
636	191.05
631	191.05
635	190.95
637	191.5
631	191.15
631	191
635	191
633	190.9
631	190.85
634	191
632	190.9
630	190.75
633	190.8
631	191
628	190.75
633	190.75
630	190.85
626	190.8
632	190.65
631	190.85
625	190.75
629	190.65
630	190.7
625	190.7
628	190.6
630	190.7
625	190.75
626	190.7
629	190.75
625	190.75
624	190.5
628	190.55
625	190.6
622	190.5
626	190.55
627	190.6
621	190.55
624	190.4
625	190.55
620	190.7
622	190.4
625	190.45
621	190.55
619	190.4
624	190.35
620	190.6
619	190.35
622	190.3
622	190.5
617	190.25
620	190.45
622	190.4
618	190.35
617	190.15
621	190.35
617	190.3
615	190.15
619	190.15
618	190.2
615	190.1
617	189.95
619	190.25
614	190.15
615	190
618	190.1
614	190.15
613	190.15
617	189.95
614	190.15
612	190
615	189.95
615	190.1
610	189.95
614	189.85
613	190.15
610	189.85
612	189.85
614	190
609	190.1
610	189.8
613	190.05
610	189.95
608	189.9
612	189.8
611	189.8
607	189.75
610	189.65
611	189.75
606	189.75
607	189.55
610	189.65
606	189.7
606	189.55
610	189.7
604	189.75
605	189.85
609	189.75
604	189.7
604	189.6
607	189.6
604	189.7
602	189.65
606	189.55
602	189.75
601	189.55
605	189.75
602	189.65
600	189.35
605	189.65
601	189.55
599	189.3
604	189.4
598	189.45
599	189.2
602	189.45
596	189.25
600	189.2
601	189.4
595	189.3
598	189.15
600	189.3
595	189.3
597	189.15
599	189.2
594	189.3
595	189.05
598	189.15
594	189.25
594	189
598	189.05
593	189.15
594	189
597	189.15
591	189.35
593	189
595	189.05
590	189.2
591	189.15
595	188.95
589	189.3
590	188.9
594	189
588	189
589	189.15
593	189.05
588	189
588	188.75
591	189.1
587	188.95
586	188.85
590	188.75
589	189.1
585	188.9
585	188.75
589	189
587	188.85
584	188.7
588	188.55
587	188.8
582	188.7
585	188.6
587	188.7
582	188.7
583	188.45
586	188.6
583	188.65
580	188.5
584	188.45
585	188.65
580	188.7
580	188.5
583	188.4
582	188.55
578	188.45
581	188.35
584	188.4
580	188.55
577	188.45
581	188.4
581	188.55
576	188.517
578	188.3
582	188.35
578	188.5
575	188.4
578	188.25
580	188.4
576	188.467
574	188.3
577	188.25
579	188.35
574	188.4
574	188.2
578	188.2
577	188.35
572	188.5
574	188.15
578	188.3
573	188.35
570	188.25
573	188
576	188.167
573	188.25
570	188.2
573	188.1
575	188.3
571	188.35
569	188.2
574	188.1
573	188.25
568	188.2
570	188.05
573	188.05
571	188.2
566	188.3
569	188.05
572	188.3
569	188.25
565	188
569	187.95
571	188
567	188.15
565	187.9
569	188
568	188
563	187.95
566	187.9
569	187.95
566	188.15
562	188.35
565	187.7
567	187.9
562	188.3
562	188.15
567	187.8
565	187.9
561	187.9
562	188.15
565	187.7
563	187.9
559	187.75
562	188.05
565	187.7
561	187.9
558	187.7
562	188
564	187.75
558	187.85
557	187.6
561	187.55
562	188.1
557	187.7
556	187.45
560	187.6
561	187.65
556	187.65
556	187.45
560	187.7
559	187.65
554	187.6
556	187.3
560	187.65
555	187.6
553	187.55
555	187.25
558	187.45
554	187.6
551	187.45
555	187.15
557	187.3
552	187.4
551	187.4
555	187.1
556	187.35
550	187.45
549	187.15
554	187.2
553	187.35
548	187.3
550	187
554	187.1
549	187.2
548	187.15
552	186.9
552	187.15
546	187.3
548	187.1
552	186.95
550	187.25
544	187.1
548	187
551	187.05
548	187.25
543	186.95
547	186.8
550	187.05
545	187.15
542	186.85
547	186.75
549	186.95
543	187
541	186.75
546	186.75
547	186.9
542	186.8
541	186.65
546	186.8
545	186.95
539	186.85
541	186.55
546	186.75
542	186.8
537	186.65
542	186.4
545	186.7
540	187.2
537	186.55
541	186.45
542	186.6
537	186.7
537	186.45
541	186.4
542	186.65
536	186.7
537	186.45
541	186.55
536	186.7
533	186.6
536	186.3
540	186.85
534	186.8
533	186.5
537	186.25
539	186.55
532	186.65
532	186.4
537	186.25
537	186.45
531	186.65
532	186.35
535	186.1
537	186.35
530	186.75
529	186.15
534	186.35
534	186.55
528	186.45
532	186.1
535	186.15
528	186.6
527	186.25
532	186.1
531	186.4
525	186.4
530	186.3
532	186.2
527	186.45
525	186.25
529	185.9
529	186.15
524	186.25
527	186
530	186.35
525	186.45
522	186.05
528	186
527	186.3
520	186.15
524	185.85
528	186.15
521	186.2
521	185.95
527	186
522	186.1
517	185.975
523	185.75
524	185.9
517	185.925
523	185.75
524	185.95
516	186.05
519	185.55
522	185.65
518	186
515	186.15
520	185.55
521	185.8
514	185.8
517	185.525
521	185.65
515	186.25
514	185.65
518	185.5
518	185.75
512	185.75
513	185.55
519	185.3
514	185.6
511	185.5
515	185.7
516	185.6
509	185.7
511	185.3
516	185.3
512	185.55
508	185.55
511	185.3
516	185.45
509	185.7
508	185.4
513	185.4
509	185.6
506	185.8
511	185.2
512	185.45
505	185.45
505	185.15
510	185.15
509	185.5
502	185.35
507	184.9
512	185.1
505	185.4
501	185.2
508	185.05
510	185.25
502	185.45
502	185.15
507	184.95
507	185.2
499	185.5
504	185.05
506	185.45
504	185.4
498	185.2
503	185.1
507	185.1
500	185.6
498	185.15
501	184.8
505	184.85
498	185.2
496	185
502	184.75
503	185.15
499	185.45
495	185.35
495	185
501	184.65
503	185.15
495	185.35
493	184.85
499	184.9
500	185.1
497	185
492	184.85
499	184.8
498	184.95
490	184.9
495	184.75
498	184.65
495	185.15
490	184.7
494	184.45
498	184.75
488	184.75
490	184.45
497	184.35
493	184.75
488	184.65
490	184.3
494	184.4
493	184.6
485	184.35
491	184.3
496	184.5
485	184.5
486	184.55
493	184.15
490	184.55
484	184.85
486	184.45
490	184.1
489	184.55
484	184.65
485	183.9
490	184.15
485	184.25
480	183.85
488	183.8
489	184.4
478	184.1
483	184.05
491	184.05
483	184.75
476	183.95
487	184.3
488	184.1
477	184.95
477	184.5
486	183.95
484	184.5
474	184.1
485	183.45
481	184.3
474	183.8
485	183.45
475	185.05
472	184.05
484	183.35
482	183.3
470	184.05
472	183.95
484	183.45
479	184.15
466	184.65
471	183.6
482	182.45
481	183.7
468	184.1
468	183.35
479	182.95
479	183.55
469	183.55
469	183.25
474	183.2
472	183.8
472	183.7
475	184.3
470	183.7
463	183.55
471	183.05
479	183.15
471	184.4
460	184.65
464	182.7
473	183.75
473	184.25
466	183.9
467	183.55
471	183.75
464	183.3
459	183.4
468	182.3
474	182.65
468	183.6
459	184.05
464	182.75
468	182.75
462	184.3
459	183.05
467	182.6
471	183.25
464	183.4
457	183.9
463	183
465	183.35
456	183.45
455	182.7
464	181.6
466	183.05
457	183.55
459	183.3
465	183.3
461	184.1
453	184.1
456	183
462	183.75
459	183.1
451	182.65
453	182.75
460	182.4
459	182.7
452	183.15
455	182.65
462	183.75
459	183.5
451	183.25
452	183.35
460	183.3
459	183.55
450	183.15
448	183.5
456	182.8
459	183.15
450	182.95
446	183.05
454	182.7
456	182.9
446	183.25
446	182.55
455	182.35
454	183.1
444	182.6
445	182.15
453	182.6
454	182.9
445	182.8
442	183.85
451	181.8
454	182.9
446	183.25
440	182.5
449	182.35
454	182.85
448	183.55
439	183.4
447	182
450	182.5
438	182.65
443	183.35
449	182.6
444	182.65
436	182.95
441	181.85
445	181.7
442	183.5
435	181.5
442	182.8
448	182.2
443	183.65
434	182.4
438	181.7
445	181.95
444	182.35
434	182.5
433	182
439	181.9
442	183.15
435	181.65
433	181.8
442	183.15
442	183.85
432	184
429	182.95
435	181.25
439	182.05
434	181.6
431	181.55
440	181.5
431	182.45
424	182.55
435	180.6
441	181.4
432	183.5
426	182.3
432	182.95
435	181.4
429	182.65
424	182.3
431	180.9
438	181.05
431	182.2
420	182.65
422	181.35
436	181.05
437	182.8
426	182.7
418	182.9
424	181.8
434	180.7
430	182.05
421	182.25
423	182
429	181.9
429	182.25
422	181.65
423	181.95
425	182.4
425	182.7
420	181.85
422	181.15
425	182.3
424	182.3
419	182.25
420	181.4
423	181.65
424	182.15
419	182.4
417	181.45
421	181.3
424	182.05
417	181.85
412	181.4
421	180.95
426	181.25
417	181.95
409	182.3
416	181.6
424	181.2
424	181.95
413	181.9
406	182.75
414	180.75
423	180.9
421	181.35
413	181.7
409	182.3
411	180.7
417	180.55
421	181.05
416	182.3
407	181.65
407	180.95
419	181.2
420	181.35
407	181.7
405	181.1
412	180.4
417	180.6
414	181.45
403	181.4
407	180.5
418	181.2
410	181.3
402	181.85
406	181.55
413	180.2
414	181.1
402	181.95
401	181.05
412	180.25
412	180.85
406	182.5
399	181.95
405	180.35
413	180.25
407	181.15
398	181.8
399	181.2
407	179.85
412	180.7
401	181.65
394	181.1
401	180.4
409	180.65
409	181.45
398	181.8
394	180.85
403	179.85
408	180.5
401	181.55
393	181.05
403	179.65
406	181.8
393	181.65
391	180.75
399	180.6
406	181.15
401	181.25
390	181.2
390	180.35
398	180
405	179.8
401	180.9
390	181.1
388	181.25
392	179.85
402	180.05
402	180.7
391	181.15
386	181.2
391	179.9
400	179.9
399	180.9
393	181.3
385	181.2
386	180.5
396	179.4
399	180.9
391	180.9
383	180.75
390	179.35
398	180.1
391	180.85
383	180.85
386	180
396	179.55
393	180.9
381	180.9
383	179.65
394	179.2
392	180.35
382	181.45
378	180.75
387	179.35
393	179.8
390	180.25
380	181.9
377	180.15
386	179.6
391	179.5
388	180.85
378	181.25
375	180.15
382	179.8
390	179.15
388	180.55
379	180.6
373	180.5
377	179.4
388	179.5
387	179.85
379	180.6
371	181.45
375	179.55
384	178.95
387	179.5
382	180.95
374	181.9
371	181.15
378	179.5
386	179.45
381	180.2
373	180.75
368	181.4
374	180.4
383	178.9
383	179.65
377	180.5
368	181.85
367	180
374	180.15
382	179.3
381	179.6
373	180.5
366	180.8
367	179.55
377	178.65
380	180.05
378	180.4
368	181.7
364	180.05
369	179.05
377	178.6
379	179.05
373	180.25
365	180.45
364	179.6
371	179.65
377	178.7
376	179.6
367	180.55
361	180.05
364	179.4
371	179.65
376	178.85
373	179.7
365	180.35
359	181.3
362	179.25
371	179.5
374	180.3
366	180.7
358	181.6
369	178.4
371	180.3
362	180.35
356	179.9
361	178.8
369	178.3
371	179.9
366	180.35
356	180.1
355	180.05
364	178.4
369	178.45
367	179.65
360	180.15
353	180.1
353	179.15
362	178.45
367	178.55
365	179.4
358	182.05
351	180.85
353	178.9
363	178.3
366	179.2
360	179.75
352	179.95
349	179.95
355	179.2
363	178.25
364	178.95
358	181.75
350	179.85
347	179.75
353	178.6
361	178
363	178.75
357	179.85
349	180.6
346	180.35
353	178.4
359	179.25
360	178.6
356	179.4
348	179.55
345	181.4
348	178.2
355	178.75
360	178.4
353	179.75
344	180
346	179.8
354	178.6
356	178.45
349	180.3
341	179.95
344	178.75
351	178.95
356	178.25
351	180.35
342	180.4
340	179.25
352	177.55
354	179.05
347	179.9
338	179.6
339	179.9
346	179
350	177.75
351	179.7
345	181.4
339	180.7
338	178.85
341	178.55
345	179.8
350	177.95
346	180.25
338	179.45
336	179.55
338	178.3
342	178.5
348	177.75
346	179.95
337	180
333	179.1
338	178.05
346	179
344	178.55
342	179.85
334	179.35
330	179.55
332	178.3
340	177.95
348	177.15
344	178.9
331	179.9
326	179.45
332	178.2
342	177.55
348	177.25
339	180.05
329	179.4
326	179.55
331	178.05
340	177.95
345	179.6
338	178.65
330	180.25
324	179.55
325	179.35
331	177.35
337	177.35
342	178
340	179.35
329	179.25
322	179.6
324	178.35
335	177.15
339	178.35
334	178.15
329	178.65
324	179.15
323	179.05
325	178.55
330	177.7
334	177.1
334	177.95
330	179.5
325	180.1
323	179.3
329	177.45
334	177.8
334	178.65
327	181.3
321	179.95
320	178.85
325	178.95
332	178.2
333	178.35
329	179
321	180
316	179.5
317	178.55
324	177.45
329	177
327	179.9
319	179.75
316	178.85
319	178.75
324	177.6
326	178
323	179.1
318	178.65
314	179.1
317	178.2
324	177.45
327	179.5
323	179.45
317	179.7
311	179.1
313	178.95
319	178.15
322	177.35
320	177.9
317	178.8
316	178.85
314	178.95
311	177.85
316	177.5
324	177.45
324	178.45
315	180.65
305	181.8
307	179.55
314	177.75
319	177.75
320	177.7
318	178.65
311	179.25
303	179.6
309	177.9
315	178.15
318	177.15
318	178.1
312	179.2
303	179.95
302	178.9
307	178.55
315	178.05
321	177.75
315	179.95
303	180.35
301	179.35
303	178.5
311	176.85
314	177.6
311	177.8
310	178.7
304	179
301	178.8
301	178.05
309	177.25
312	177.2
310	177.85
309	178.8
302	179.3
299	179.1
299	178.2
306	177.55
309	177.35
311	177.85
305	181.05
297	179.25
295	178.75
300	177.45
307	177.95
310	177.35
303	179.2
299	179.45
294	179.5
296	178.45
301	177.2
305	179.1
308	177.45
301	178.8
296	179.75
293	178.9
294	178.55
299	177.45
305	179.25
303	178.65
299	179.2
293	179.2
290	178.4
293	177.75
298	177.15
302	177.35
302	178.35
296	179.5
291	179.35
289	178.55
290	177.45
296	177.6
301	177.3
299	178.35
294	179.5
288	179.2
287	178.6
289	177.75
294	177.6
298	177.4
297	177.85
293	178.9
287	179
285	178.45
293	177.1
297	177.4
294	178.95
288	179.15
284	179.45
282	179.45
286	178
292	176.9
295	177.5
292	178.35
286	179.65
282	180.2
280	179
283	177.65
290	176.7
293	177.35
291	178.35
285	179.5
281	179.05
280	179.2
280	178.45
284	177.55
289	177.3
288	178.25
284	179.3
278	178.85
277	179.55
279	177.75
285	177.65
288	177.65
283	179.05
278	178.8
275	178.85
278	177.1
284	177.4
284	178.45
280	179.65
273	179.55
271	179.25
279	177.15
284	177.4
281	178
278	178.65
270	179.15
270	178.25
275	177.6
281	176.9
279	178.05
275	179.3
273	179.5
268	180.45
269	178.45
272	178.5
278	176.7
280	178.35
275	179.15
269	179.75
269	179.45
269	178.75
271	178.8
272	178.8
275	178.2
275	178.65
273	179.25
267	179.55
263	179.65
268	178.95
275	177.65
273	178.75
266	179.5
261	180.95
263	179.15
266	177.45
270	177.2
273	177.9
271	179.45
267	179.4
261	181.15
260	179.4
262	178.35
265	177.5
267	177.5
271	178.75
268	180.25
264	179.8
258	181.2
257	179.1
261	179.45
265	177.45
266	177.5
266	178.15
263	179.7
261	180.95
259	179.4
257	179.05
259	178.3
263	178.5
267	178.15
264	179.3
259	179.9
254	180.25
253	179.5
256	178.6
260	178.3
262	178.25
261	180.2
259	179.35
255	179.7
252	179.7
252	179.1
255	178.25
258	179.4
260	178.55
260	179.1
257	179.6
254	180.2
251	179.9
250	180.65
251	178.75
254	178.5
257	178.35
257	178.8
255	179.4
251	180
248	179.8
247	179.1
249	179.8
254	178.25
256	178.5
254	179.5
251	180
247	180
245	180.3
245	179.6
247	178.35
250	179.5
252	178.6
251	179.3
248	179.8
245	180.6
242	179.8
242	179.2
245	179
249	179.7
251	178.7
250	180.75
245	180.75
241	180.3
239	179.95
240	179.25
244	178.55
247	178.2
248	178.65
246	180
243	180.15
240	180.15
240	179.95
239	179.6
238	180.25
239	178.75
243	178.8
247	178.6
244	179.7
240	180.35
235	181.1
236	180
237	179.65
238	179.75
240	178.65
243	179
242	179.45
238	181.25
235	181
235	180.65
234	179.5
234	179.1
237	179.25
238	179.8
238	180.35
238	180.85
236	180.4
231	180.25
229	180.4
232	178.85
236	178.7
237	179.9
233	180.15
232	180.25
229	180.85
227	179.55
229	179.55
231	178.55
235	179.4
234	179.3
232	179.75
231	180.2
228	181.6
225	180.6
225	180
227	178.9
229	179.25
231	178.65
231	179.15
231	179.75
227	180.25
225	180.85
223	180.1
223	179.55
223	179
227	178.55
230	178.95
228	180.6
227	179.95
223	180.45
222	180.9
220	181.25
220	180.7
222	179.4
225	179.1
226	179.15
227	179.45
223	180.25
220	181.85
217	181.7
217	181.05
218	179.1
220	180
222	179.3
224	179.45
223	179.8
220	181.6
218	180.5
215	180.55
214	179.8
215	179.55
217	180.15
219	178.95
221	179.2
220	181
217	181.7
215	180.8
212	180.6
212	180.1
213	179.6
215	179.2
217	180.25
218	179.3
217	181.25
214	180.4
212	180.8
211	180.45
209	180.15
209	179.6
211	179.1
213	179.25
215	179.4
215	180
213	180.65
210	181.25
207	180.95
207	180.5
207	179.95
207	179.5
209	179.1
212	179.25
213	179.8
211	180.05
209	180.7
207	181
204	181.1
203	180.15
203	179.65
205	179.1
207	179.2
209	179.3
210	180.35
207	180.7
205	180.7
203	180.9
201	180.95
200	179.95
202	179.3
203	179.25
205	179.05
206	179.4
206	180.05
203	180.75
201	181.35
199	180.7
198	180.7
198	180.15
200	179.3
202	179
203	179.45
203	180.1
201	181.05
199	180.85
196	182.4
195	180.25
195	179.8
195	179.4
197	179.4
199	179.15
200	179.45
200	179.95
198	180.95
197	180.95
195	180.7
193	180.35
191	180.7
191	180.15
192	180.65
195	178.75
197	179.3
197	179.8
196	181.7
194	180.9
192	182.35
190	180.9
189	180.55
188	180.05
188	179.55
190	179.3
193	178.8
194	179.55
194	180.1
192	181.95
190	180.9
188	180.85
186	181.85
185	180.3
186	180.55
189	179.05
191	179.8
191	180.45
188	180.65
186	182.25
184	181.1
183	182.05
183	181.6
182	179.65
183	181
184	179.55
187	179.75
188	179.7
187	180.6
185	181.1
183	182.4
181	181.35
179	180.6
179	180.15
179	179.65
180	179.7
182	179.15
183	180.9
184	180.05
182	180.35
180	181.2
178	182.55
176	180.8
175	181.95
176	179.8
176	179.4
177	179.35
179	179.15
180	179.65
180	180.1
178	181.95
177	180.8
175	182.25
173	180.55
172	181.55
172	181.15
172	180.85
173	179.25
175	180.65
177	179.65
177	180.25
175	182.05
174	181.05
172	182.35
170	181.75
169	180.75
169	180.25
170	180.5
172	180.65
173	179.35
173	179.65
173	180.05
173	180.4
172	182.1
171	180.9
169	181.45
166	181.55
165	180.85
166	180.6
167	180.35
167	180.15
168	180.15
170	180.55
170	180.9
169	180.75
168	181.6
167	181.85
165	181.55
163	181.9
162	181.15
162	180.7
162	180.4
162	180.15
164	179.8
165	180
166	180.55
166	180.95
165	181.05
163	181.9
162	181.6
161	181.85
160	181.65
160	181.3
159	180.55
160	180.7
161	180.45
161	180.5
162	180.35
162	180.65
162	181.05
161	181.75
159	181.65
158	181.8
156	181.4
155	181.7
155	181.3
155	180.95
155	180.7
156	180.05
158	180.3
159	180.35
159	180.8
158	181.4
157	181.45
155	182.2
154	182.95
153	181.65
153	181.35
152	181.05
150	181.3
151	180.55
153	180.4
154	181.6
154	181.8
155	181.3
154	182.5
153	181.8
151	182
150	182.5
0	173.81
