Speed 1 (RPM)	Torque 1 (oz.in)
1796	2.251
1786	20.325
1786	20.355
1786	20.6
1786	20.64
1786	20.75
1786	20.81
1786	20.935
1786	20.98
1786	21.025
1785	22.07
1786	21.21
1786	21.24
1785	22.355
1785	22.41
1786	21.475
1786	21.55
1785	22.59
1785	22.67
1785	22.73
1785	22.795
1785	22.83
1785	22.92
1784	23.425
1785	23.06
1785	23.075
1784	23.59
1784	23.665
1784	23.765
1785	23.395
1784	23.94
1784	23.98
1784	24.03
1784	24.11
1784	24.195
1783	25.405
1783	25.71
1783	25.785
1784	24.765
1784	24.8
1783	26.01
1783	26.11
1783	26.17
1783	26.25
1783	26.35
1782	27.655
1783	26.45
1782	28.065
1783	26.855
1782	28.29
1781	28.625
1782	28.47
1782	28.54
1782	28.6
1781	28.9
1781	28.985
1782	28.835
1782	28.885
1782	29
1781	29.345
1781	29.42
1782	29.215
1781	29.57
1780	30.78
1781	29.765
1781	29.86
1781	29.97
1780	31.125
1780	31.185
1781	30.225
1780	31.4
1779	31.7
1780	31.57
1779	32.14
1780	32.01
1779	32.33
1779	32.405
1779	32.485
1779	32.58
1779	32.67
1778	34.575
1778	34.925
1778	35
1779	33.27
1778	35.165
1778	35.245
1777	35.515
1778	35.42
1778	35.55
1777	35.855
1777	35.95
1778	35.8
1778	35.905
1777	36.205
1776	37.405
1777	36.425
1777	36.5
1776	37.745
1776	37.815
1777	36.79
1776	38.015
1776	38.085
1776	38.185
1776	38.235
1776	38.365
1776	38.435
1775	38.935
1776	38.61
1775	39.175
1775	39.31
1775	39.41
1775	39.555
1775	39.655
1774	41.1
1775	39.85
1775	40.005
1774	41.44
1774	41.545
1775	40.285
1774	41.795
1773	42.16
1774	42.045
1774	42.14
1773	42.54
1773	42.63
1774	42.465
1774	42.575
1773	42.95
1772	44.255
1773	43.195
1773	43.325
1772	44.585
1772	44.685
1773	43.595
1773	43.745
1772	45.015
1772	45.16
1772	45.28
1772	45.375
1771	45.74
1771	45.8
1772	45.775
1771	46.105
1771	46.225
1771	46.295
1771	46.42
1770	47.08
1770	47.155
1771	46.73
1771	46.845
1770	47.445
1770	47.535
1770	47.625
1770	47.715
1770	47.815
1769	49.065
1769	49.155
1769	49.35
1768	50.86
1769	49.58
1769	49.635
1768	51.235
1768	51.31
1768	51.415
1769	50.035
1768	51.56
1767	52.295
1767	52.395
1767	52.84
1767	52.97
1767	53.055
1766	53.45
1766	53.905
1766	54.02
1767	53.92
1766	54.245
1765	55.84
1765	55.905
1766	54.67
1765	56.225
1765	56.405
1765	56.465
1765	56.64
1764	56.885
1764	57.06
1765	56.915
1764	57.295
1764	57.39
1764	57.49
1764	57.57
1763	59.015
1763	59.075
1764	57.98
1763	59.325
1763	59.455
1763	59.515
1763	59.645
1763	59.76
1762	60.185
1762	60.265
1763	60.04
1762	60.465
1761	62.105
1762	60.715
1762	60.795
1762	60.88
1761	62.5
1761	62.6
1762	61.22
1761	62.815
1760	63.115
1761	62.995
1761	63.105
1761	63.205
1760	63.555
1760	64.025
1760	64.09
1761	64.055
1760	64.375
1759	64.795
1759	64.885
1760	64.76
1759	65.145
1759	65.27
1759	65.355
1759	65.49
1759	65.6
1758	67.195
1758	67.275
1759	65.93
1758	67.455
1757	67.97
1758	67.675
1758	67.77
1758	68.155
1757	68.62
1757	68.725
1756	69.615
1757	68.92
1757	68.95
1756	69.915
1756	69.995
1757	69.265
1756	70.16
1755	71.37
1755	71.43
1756	70.52
1756	70.585
1755	71.785
1755	71.89
1756	70.905
1755	72.105
1755	72.23
1755	72.33
1755	72.5
1754	72.745
1754	72.885
1755	72.79
1755	72.91
1754	73.24
1753	74.4
1754	73.44
1754	73.61
1753	74.765
1753	74.88
1754	73.93
1753	75.105
1753	75.175
1753	75.275
1753	75.375
1753	75.45
1752	76.11
1752	76.265
1753	75.735
1752	76.43
1751	77.135
1752	76.665
1752	76.745
1751	77.505
1751	77.575
1752	77.06
1751	77.77
1751	77.825
1751	77.94
1751	78.03
1751	78.14
1750	79.37
1750	79.47
1751	78.465
1751	78.58
1750	79.83
1750	79.925
1750	80.06
1750	80.14
1750	80.29
1749	80.845
1749	80.96
1750	80.545
1749	81.175
1748	81.915
1749	81.365
1749	81.495
1748	82.3
1748	82.335
1749	81.845
1748	82.585
1747	83.515
1747	83.585
1748	82.84
1747	83.79
1747	83.89
1747	83.94
1747	84.055
1747	84.125
1746	84.65
1747	84.295
1747	84.39
1746	84.915
1746	85.01
1747	84.665
1747	84.745
1746	85.285
1746	85.385
1746	85.53
1746	85.64
1746	85.765
1745	86.8
1745	87.305
1745	87.39
1745	87.5
1744	88.12
1744	88.245
1744	88.3
1744	88.415
1744	88.485
1744	88.565
1744	88.62
1744	88.69
1743	89.355
1743	89.49
1744	88.985
1743	89.625
1742	90.305
1743	89.83
1743	89.935
1742	90.595
1742	90.7
1743	90.17
1743	90.285
1742	91.37
1741	91.995
1742	91.695
1741	92.325
1740	92.825
1741	92.515
1741	92.6
1741	92.69
1740	93.18
1740	93.255
1741	92.955
1740	93.445
1740	93.54
1740	93.61
1741	93.28
1740	93.745
1739	94.715
1739	94.75
1740	94.005
1739	94.98
1739	95.08
1740	94.295
1739	95.27
1739	95.37
1739	95.47
1739	95.57
1738	95.915
1738	96.015
1738	96.065
1739	96.02
1738	96.365
1737	97.415
1738	96.565
1738	96.665
1737	97.715
1737	97.765
1737	98.015
1737	98.065
1736	98.295
1736	98.395
1737	98.315
1736	98.495
1736	98.595
1736	98.695
1737	98.515
1737	98.615
1736	98.845
1736	98.945
1736	98.995
1736	99.095
1735	99.615
1735	100.015
1735	100.115
1735	100.215
1735	100.315
1734	101.295
1734	101.395
1734	101.495
1735	100.715
1734	101.645
1733	101.95
1734	101.845
1734	101.945
1733	102.2
1733	102.3
1734	102.145
1733	102.4
1733	102.5
1733	102.55
1734	102.395
1733	102.7
1732	103.41
1733	102.85
1733	102.95
1732	103.71
1732	103.81
1733	103.25
1732	104.06
1732	104.16
1732	104.31
1732	104.36
1731	104.95
1731	105
1731	105.1
1732	104.76
1731	105.3
1730	105.75
1730	105.8
1731	105.45
1731	105.55
1730	106
1730	106.05
1731	105.7
1730	106.2
1730	106.25
1730	106.35
1730	106.4
1730	106.55
1730	106.55
1729	106.88
1730	106.75
1729	107.13
1729	107.23
1729	107.38
1729	107.43
1728	108.45
1728	108.5
1728	108.6
1729	107.78
1728	108.75
1727	108.95
1728	108.95
1728	108.95
1727	109.2
1728	109.05
1728	109.15
1728	109.2
1727	109.4
1727	109.45
1728	109.45
1727	109.6
1727	109.75
1727	109.8
1727	109.9
1727	110
1726	110.55
1726	110.7
1727	110.3
1726	110.8
1725	111.75
1726	111
1726	111.05
1725	111.95
1725	112.05
1725	112.1
1725	112.2
1725	112.25
1725	112.3
1726	111.55
1725	112.4
1724	112.6
1725	112.6
1725	112.65
1724	112.9
1724	112.95
1725	112.9
1724	113.1
1723	113.35
1723	113.45
1724	113.4
1723	113.6
1723	113.65
1723	113.7
1724	113.65
1723	113.8
1722	114.55
1723	113.95
1723	114
1722	114.75
1722	114.8
1723	114.15
1723	114.25
1722	114.95
1722	115.05
1723	114.4
1722	115.2
1721	115.75
1721	115.9
1722	115.4
1721	116
1721	116
1721	116.15
1721	116.2
1720	116.5
1720	116.55
1721	116.4
1720	116.65
1720	116.7
1720	116.75
1721	116.55
1720	116.8
1720	116.85
1720	116.9
1721	116.75
1720	117.05
1719	117.8
1720	117.2
1719	117.95
1719	118
1719	118.05
1719	118.15
1719	118.2
1718	118.35
1718	118.4
1719	118.3
1719	118.35
1718	118.5
1718	118.55
1718	118.6
1718	118.7
1717	119.2
1718	118.75
1718	118.8
1717	119.35
1717	119.4
1718	119
1718	119.05
1717	119.6
1716	120.45
1717	119.7
1717	119.75
1716	120.5
1716	120.55
1717	119.8
1716	120.6
1715	120.7
1716	120.55
1716	120.55
1716	120.55
1715	120.7
1716	120.6
1716	120.6
1716	120.6
1715	120.8
1716	120.75
1716	120.8
1715	120.95
1714	121.2
1715	121.15
1715	121.25
1714	121.45
1714	121.55
1714	121.65
1714	121.65
1713	122.25
1714	121.8
1714	121.8
1713	122.4
1714	121.9
1714	121.95
1714	121.95
1713	122.55
1713	122.65
1714	122.15
1713	122.8
1713	122.8
1712	123.4
1713	122.95
1712	123.5
1712	123.5
1712	123.6
1712	123.65
1712	123.65
1711	123.7
1712	123.65
1712	123.7
1712	123.65
1711	123.75
1711	123.75
1712	123.7
1712	123.75
1711	123.85
1711	123.9
1712	123.85
1711	123.95
1710	124.6
1711	124.1
1711	124.15
1710	124.75
1710	124.8
1710	124.85
1710	124.95
1709	125.35
1709	125.35
1710	125
1710	125.05
1709	125.5
1709	125.55
1710	125.2
1710	125.25
1709	125.8
1709	125.9
1710	125.6
1709	126.05
1708	126.15
1708	126.2
1709	126.2
1708	126.3
1707	126.95
1708	126.4
1708	126.45
1708	126.45
1707	127.05
1708	126.5
1708	126.6
1708	126.6
1707	127.2
1708	126.7
1708	126.8
1707	127.4
1707	127.4
1707	127.55
1707	127.6
1707	127.6
1706	128.1
1706	128.15
1707	127.75
1706	128.25
1706	128.25
1706	128.3
1706	128.35
1706	128.35
1706	128.35
1706	128.45
1706	128.45
1705	128.7
1705	128.75
1706	128.65
1705	128.9
1705	128.95
1705	129
1705	129.05
1705	129.1
1704	129.35
1704	129.5
1705	129.2
1704	129.55
1704	129.5
1704	129.55
1705	129.35
1704	129.6
1704	129.65
1704	129.75
1704	129.8
1703	130.55
1703	130.6
1704	129.95
1703	130.75
1702	130.9
1703	130.8
1703	130.9
1702	131.05
1702	131.05
1703	130.95
1703	131
1702	131.15
1702	131.15
1702	131.3
1703	131.15
1702	131.25
1702	131.25
1702	131.3
1702	131.3
1701	131.55
1701	131.6
1702	131.4
1701	131.65
1700	132.2
1701	131.7
1701	131.7
1700	132.3
1700	132.35
1701	131.75
1701	131.8
1700	132.4
1700	132.45
1701	131.95
1700	132.55
1700	132.55
1700	132.65
1700	132.7
1699	133.05
1699	133.05
1700	132.9
1699	133.2
1699	133.2
1699	133.3
1700	133.1
1699	133.4
1698	133.7
1699	133.55
1699	133.65
1698	133.85
1698	133.95
1699	133.85
1698	134.1
1697	134.7
1697	134.75
1698	134.25
1698	134.25
1697	134.85
1697	134.85
1698	134.3
1697	134.95
1697	134.95
1697	135.05
1698	134.45
1697	135.1
1696	135.55
1697	135.25
1697	135.3
1696	135.7
1696	135.7
1696	135.8
1696	135.8
1695	135.9
1696	135.85
1696	135.9
1695	135.95
1695	135.95
1696	135.9
1696	135.9
1695	136
1695	136.05
1696	136
1695	136.15
1694	136.25
1694	136.3
1695	136.2
1694	136.3
1694	136.3
1695	136.25
1694	136.45
1694	136.35
1694	136.45
1695	136.4
1694	136.55
1693	137.25
1694	136.6
1694	136.7
1693	137.45
1692	137.95
1693	137.6
1693	137.7
1692	138.15
1692	138.2
1693	137.85
1693	137.85
1692	138.3
1693	137.95
1693	138.05
1693	138.1
1692	138.55
1692	138.65
1692	138.7
1691	138.8
1691	138.85
1691	138.95
1691	138.95
1691	138.95
1691	138.95
1692	138.95
1691	139.05
1691	139.05
1691	139.1
1692	139.05
1690	139.4
1690	139.45
1691	139.35
1690	139.6
1690	139.6
1690	139.65
1690	139.7
1689	140.4
1689	140.35
1690	139.8
1690	139.8
1689	140.45
1690	139.8
1690	139.9
1689	140.55
1689	140.6
1689	140.65
1689	140.75
1688	141
1688	141.05
1688	141.1
1689	140.85
1688	141.1
1688	141.15
1689	140.9
1688	141.2
1688	141.2
1688	141.25
1688	141.25
1687	141.1
1687	141.1
1687	141.15
1687	141.15
1686	141.6
1686	141.6
1687	141.2
1687	141.15
1686	141.65
1687	141.2
1688	141.4
1687	141.25
1686	141.7
1687	141.35
1687	141.4
1686	141.9
1685	142.7
1686	141.95
1685	142.75
1685	142.75
1685	142.8
1686	142.2
1685	142.9
1685	142.95
1686	142.35
1686	142.4
1685	143.2
1684	143.65
1685	143.35
1684	143.8
1684	143.85
1684	143.85
1684	143.95
1684	143.95
1683	144.05
1684	144
1685	143.65
1684	144.05
1684	144.05
1684	144.15
1684	144.2
1683	144.25
1683	144.35
1683	144.4
1682	144.75
1682	144.75
1683	144.5
1683	144.5
1682	144.8
1682	144.8
1683	144.55
1683	144.6
1682	144.9
1682	144.95
1683	144.75
1682	145.05
1681	145.45
1681	145.5
1682	145.2
1681	145.55
1681	145.55
1681	145.6
1682	145.25
1681	145.6
1681	145.65
1682	145.3
1681	145.75
1680	146.25
1680	146.3
1681	145.9
1680	146.4
1679	146.7
1680	146.45
1680	146.5
1680	146.5
1680	146.5
1681	146.05
1680	146.6
1679	146.9
1680	146.65
1680	146.75
1679	147.05
1678	147.1
1679	147.15
1679	147.15
1678	147.2
1678	147.2
1679	147.25
1679	147.25
1678	147.3
1679	147.25
1679	147.3
1678	147.4
1677	147.7
1678	147.4
1678	147.4
1677	147.75
1677	147.7
1678	147.4
1677	147.75
1677	147.7
1677	147.7
1678	147.4
1677	147.75
1676	148.15
1677	147.85
1677	147.9
1676	148.2
1675	148.65
1676	148.35
1676	148.35
1676	148.35
1676	148.35
1677	148.1
1676	148.45
1676	148.4
1676	148.55
1676	148.7
1675	149.15
1675	149.2
1675	149.3
1675	149.4
1674	149.65
1674	149.7
1675	149.5
1675	149.45
1674	149.8
1675	149.55
1675	149.6
1674	149.9
1674	149.9
1674	150
1674	150.05
1673	150.55
1673	150.6
1673	150.65
1674	150.15
1673	150.6
1673	150.7
1674	150.25
1674	150.25
1673	150.75
1673	150.85
1673	150.9
1672	151.05
1672	151.05
1672	151.1
1672	151.15
1672	151.1
1672	151.2
1673	151.1
1672	151.25
1672	151.25
1672	151.3
1672	151.35
1671	151.65
1671	151.7
1671	151.75
1671	151.75
1670	152.35
1671	151.75
1672	151.5
1671	151.8
1670	152.45
1671	151.9
1671	151.9
1670	152.55
1670	152.6
1670	152.7
1670	152.7
1669	152.8
1669	152.8
1670	152.75
1669	152.85
1670	152.75
1670	152.85
1670	152.85
1669	153
1669	153.1
1670	153
1668	153.45
1668	153.45
1668	153.5
1669	153.2
1668	153.5
1668	153.5
1669	153.25
1669	153.3
1668	153.65
1668	153.75
1668	153.75
1667	154.15
1667	154.15
1667	154.2
1668	153.9
1667	154.2
1667	154.25
1668	153.95
1667	154.3
1667	154.3
1667	154.35
1667	154.45
1666	154.6
1666	154.6
1667	154.5
1666	154.6
1666	154.55
1666	154.6
1667	154.45
1666	154.6
1666	154.55
1666	154.55
1666	154.6
1665	154.95
1665	154.95
1665	155.05
1665	155.05
1665	155
1665	155.05
1666	154.65
1665	155.05
1665	155.1
1665	155.2
1665	155.3
1664	155.7
1664	155.75
1664	155.9
1664	155.9
1663	156.25
1664	156.05
1664	156.1
1664	156.1
1664	156.1
1664	156.2
1663	156.55
1663	156.55
1663	156.65
1663	156.7
1662	156.85
1662	156.9
1663	156.75
1663	156.75
1662	156.95
1663	156.85
1663	156.9
1662	157.1
1662	157.15
1662	157.25
1661	157.3
1661	157.3
1662	157.25
1662	157.3
1662	157.25
1661	157.35
1662	157.4
1661	157.5
1660	157.9
1660	157.95
1661	157.65
1660	158.05
1660	158
1661	157.65
1661	157.65
1661	157.65
1660	158.05
1661	157.75
1661	157.8
1659	158.45
1659	158.55
1660	158.3
1659	158.6
1659	158.6
1660	158.35
1659	158.65
1659	158.65
1659	158.7
1660	158.5
1659	158.8
1658	159.3
1658	159.35
1659	158.85
1658	159.35
1658	159.4
1659	158.9
1659	158.95
1658	159.5
1658	159.5
1658	159.6
1657	159.85
1657	159.8
1658	159.6
1657	159.8
1657	159.75
1658	159.5
1658	159.5
1657	159.7
1657	159.7
1657	159.8
1656	159.85
1656	159.85
1656	159.9
1656	159.9
1656	159.9
1657	159.85
1657	159.85
1656	159.95
1656	160.05
1656	160.1
1655	160.3
1655	160.35
1656	160.2
1655	160.4
1655	160.45
1656	160.35
1655	160.6
1654	160.85
1655	160.75
1655	160.85
1654	161.1
1653	161.65
1654	161.25
1654	161.25
1654	161.25
1654	161.25
1655	161.15
1654	161.4
1653	161.9
1653	161.95
1654	161.55
1652	162.4
1652	162.4
1653	162.1
1653	162.1
1653	162.05
1653	162.1
1654	161.7
1652	162.5
1652	162.6
1652	162.65
1651	162.9
1651	162.9
1652	162.7
1652	162.7
1651	162.95
1652	162.75
1652	162.85
1651	163.05
1651	163.1
1651	163.15
1650	163.05
1651	163.1
1651	163.2
1651	163.2
1651	163.2
1651	163.3
1651	163.35
1650	163.2
1650	163.25
1650	163.3
1650	163.3
1649	163.6
1650	163.4
1650	163.4
1649	163.7
1649	163.75
1649	163.8
1648	164.1
1648	164.1
1649	163.85
1649	163.85
1648	164.1
1649	163.85
1649	163.95
1648	164.2
1648	164.3
1648	164.35
1648	164.35
1647	164.55
1648	164.4
1649	164.1
1648	164.4
1648	164.4
1648	164.5
1647	164.7
1646	165.3
1647	164.8
1647	164.8
1646	165.35
1647	164.8
1648	164.65
1647	164.9
1646	165.45
1646	165.5
1646	165.55
1645	165.75
1646	165.6
1646	165.65
1646	165.6
1646	165.6
1646	165.7
1646	165.65
1645	165.9
1645	166
1645	166
1644	166.1
1645	166.05
1645	166.1
1645	166.05
1644	166.15
1645	166.15
1644	166.3
1643	166.4
1644	166.3
1644	166.35
1643	166.45
1644	166.35
1645	166.25
1644	166.35
1643	166.5
1643	166.6
1643	166.65
1642	166.9
1643	166.7
1644	166.55
1643	166.7
1642	166.95
1643	166.75
1643	166.8
1642	167.1
1642	167.1
1642	167.25
1641	167.6
1641	167.55
1643	166.95
1642	167.25
1641	167.65
1642	167.35
1642	167.4
1640	168
1641	167.8
1641	167.85
1641	167.8
1641	167.85
1642	167.5
1641	167.9
1640	168.15
1640	168.25
1640	168.25
1639	168.5
1640	168.3
1640	168.3
1640	168.3
1640	168.35
1640	168.45
1639	168.65
1639	168.7
1639	168.8
1639	168.75
1638	169
1639	168.75
1639	168.8
1638	169.05
1638	169.1
1639	168.9
1637	169.3
1637	169.3
1638	169.2
1638	169.25
1638	169.2
1638	169.25
1638	169.35
1637	169.5
1637	169.5
1637	169.6
1637	169.55
1637	169.55
1637	169.6
1637	169.6
1636	169.8
1636	169.9
1636	169.95
1635	170.25
1636	169.95
1637	169.8
1636	170
1636	169.95
1636	170
1636	170.05
1635	170.35
1635	170.4
1636	170.15
1635	170.45
1635	170.4
1636	170.2
1635	170.5
1634	170.8
1635	170.55
1634	170.9
1633	171.2
1634	171
1634	171
1634	170.95
1634	171
1634	171.05
1633	171.35
1633	171.35
1634	171.15
1633	171.4
1633	171.4
1634	171.2
1633	171.5
1632	171.65
1633	171.6
1632	171.75
1632	171.75
1633	171.6
1633	171.7
1632	171.8
1632	171.9
1632	171.9
1631	172.05
1631	172.1
1632	172
1631	172.1
1631	172.1
1632	172
1631	172.2
1630	172.45
1631	172.3
1631	172.3
1630	172.5
1631	172.3
1631	172.35
1630	172.55
1630	172.6
1631	172.45
1630	172.7
1629	172.85
1630	172.75
1630	172.75
1629	172.9
1630	172.75
1630	172.8
1628	173.2
1629	173.05
1629	173.15
1628	173.3
1629	173.1
1630	172.95
1628	173.35
1628	173.35
1628	173.45
1628	173.45
1627	173.6
1628	173.45
1629	173.25
1627	173.65
1628	173.5
1628	173.6
1627	173.75
1626	174.2
1627	173.8
1627	173.8
1627	173.75
1628	173.55
1626	174.1
1626	174.1
1626	174.15
1626	174.1
1626	174
1626	174.05
1627	173.6
1626	174
1625	174.35
1626	174.1
1625	174.35
1625	174.35
1626	174.1
1625	174.4
1625	174.4
1625	174.5
1625	174.5
1624	174.75
1624	174.8
1625	174.55
1624	174.75
1624	174.8
1625	174.6
1624	174.9
1623	175.05
1623	175.05
1624	174.95
1623	175.1
1624	174.95
1624	175
1623	175.15
1623	175.2
1623	175.3
1622	175.45
1622	175.45
1623	175.35
1623	175.35
1622	175.5
1622	175.55
1622	175.6
1621	175.675
1621	175.725
1622	175.65
1622	175.65
1621	175.725
1622	175.7
1621	175.825
1620	176.15
1621	175.875
1621	175.875
1620	176.15
1621	175.875
1622	175.85
1620	176.25
1620	176.3
1621	176.025
1620	176.35
1620	176.35
1620	176.35
1620	176.4
1619	176.5
1619	176.55
1619	176.6
1618	176.7
1619	176.6
1620	176.55
1619	176.6
1619	176.65
1619	176.7
1618	176.85
1618	176.85
1619	176.8
1618	176.85
1618	176.9
1618	176.9
1618	176.95
1617	177.25
1617	177.3
1618	177
1617	177.3
1617	177.3
1618	177.1
1617	177.35
1616	177.6
1617	177.45
1616	177.7
1616	177.65
1617	177.5
1617	177.5
1616	177.7
1616	177.7
1616	177.75
1615	178.1
1616	177.75
1617	177.6
1616	177.8
1615	178.2
1616	177.9
1615	178.25
1614	178.55
1615	178.3
1616	178
1615	178.3
1615	178.4
1615	178.45
1614	178.75
1614	178.75
1615	178.5
1614	178.8
1614	178.75
1614	178.85
1613	179.1
1613	179.1
1613	179.15
1614	178.9
1613	179.15
1613	179.15
1614	179
1612	179.3
1612	179.35
1613	179.3
1612	179.4
1612	179.4
1613	179.35
1612	179.45
1611	179.65
1612	179.5
1612	179.55
1611	179.7
1612	179.55
1612	179.6
1611	179.75
1611	179.8
1611	179.85
1610	180
1611	179.85
1612	179.75
1611	179.9
1610	180.1
1610	180.15
1610	180.2
1609	180.4
1610	180.2
1611	180.05
1610	180.25
1610	180.25
1610	180.35
1609	180.55
1609	180.55
1610	180.4
1609	180.55
1609	180.6
1609	180.7
1608	180.85
1608	180.85
1609	180.75
1608	180.9
1608	180.95
1609	180.8
1607	181.15
1607	181.2
1608	181.05
1608	181.1
1607	181.2
1608	181.1
1607	181.3
1607	181.3
1607	181.35
1608	181.25
1607	181.35
1607	181.35
1607	181.45
1606	181.6
1606	181.6
1607	181.5
1606	181.65
1606	181.65
1606	181.7
1606	181.75
1605	181.85
1605	181.9
1606	181.8
1605	181.9
1605	181.9
1606	181.85
1605	181.95
1604	182.35
1605	182.05
1604	182.45
1604	182.4
1605	182.1
1604	182.5
1603	182.6
1603	182.65
1604	182.6
1603	182.65
1604	182.6
1604	182.65
1603	182.7
1603	182.8
1603	182.85
1603	182.8
1603	182.85
1603	182.9
1602	183.25
1603	182.95
1602	183.3
1602	183.3
1603	183
1602	183.35
1601	183.5
1601	183.55
1601	183.55
1601	183.55
1602	183.45
1600	183.95
1601	183.7
1600	184
1600	183.95
1601	183.7
1601	183.75
1600	184.05
1600	184.15
1600	184.15
1599	184.25
1600	184.2
1600	184.2
1599	184.35
1599	184.4
1599	184.45
1599	184.45
1599	184.45
1599	184.5
1598	184.75
1598	184.8
1599	184.55
1598	184.8
1599	184.55
1598	184.9
1597	185
1598	184.95
1598	185
1597	185
1598	184.95
1598	185
1597	185.1
1597	185.2
1596	185.3
1597	185.25
1598	185.2
1596	185.4
1596	185.4
1596	185.45
1596	185.45
1596	185.4
1596	185.45
1596	185.5
1595	185.6
1596	185.55
1595	185.7
1595	185.65
1596	185.65
1595	185.75
1594	185.8
1595	185.8
1595	185.85
1594	185.85
1595	185.85
1595	185.9
1594	185.9
1594	186
1594	186.05
1593	186.3
1594	186
1594	186.05
1593	186.35
1593	186.4
1594	186.15
1593	186.4
1593	186.45
1594	186.2
1592	186.6
1592	186.6
1593	186.55
1593	186.55
1592	186.6
1593	186.6
1592	186.7
1591	186.8
1592	186.8
1591	186.85
1591	186.85
1592	186.85
1591	186.9
1591	186.95
1592	186.9
1591	186.95
1590	187.1
1591	187.1
1590	187.15
1590	187.15
1591	187.15
1590	187.2
1590	187.25
1590	187.3
1589	187.4
1589	187.45
1590	187.3
1589	187.4
1589	187.55
1589	187.55
1588	187.65
1589	187.55
1590	187.5
1588	187.7
1588	187.75
1588	187.8
1588	187.75
1588	187.85
1587	188.1
1587	188.1
1588	188
1587	188.1
1587	188.2
1588	188
1586	188.3
1586	188.35
1587	188.35
1586	188.35
1586	188.4
1587	188.35
1586	188.45
1586	188.5
1587	188.45
1586	188.5
1585	188.8
1586	188.55
1585	188.85
1585	188.85
1586	188.65
1585	188.9
1584	189
1585	189.05
1584	189.1
1584	189.1
1585	189.1
1584	189.1
1584	189.2
1584	189.3
1583	189.45
1584	189.25
1585	189.25
1583	189.5
1582	189.55
1583	189.6
1583	189.5
1583	189.5
1584	189.45
1582	189.65
1582	189.65
1583	189.7
1582	189.65
1582	189.7
1583	189.7
1581	189.95
1581	190
1582	189.85
1581	190
1581	190
1582	189.9
1581	190.15
1580	190.3
1581	190.2
1581	190.2
1580	190.35
1580	190.45
1580	190.45
1580	190.4
1581	190.3
1580	190.5
1579	190.55
1580	190.55
1579	190.55
1580	190.6
1580	190.65
1578	190.7
1579	190.7
1579	190.75
1578	190.75
1579	190.75
1578	190.8
1578	190.85
1579	190.8
1578	190.85
1578	190.85
1578	190.95
1577	191.05
1577	191.05
1578	191
1577	191.05
1577	191.15
1577	191.2
1576	191.3
1577	191.2
1577	191.25
1576	191.35
1576	191.45
1576	191.4
1576	191.35
1576	191.5
1576	191.5
1575	191.6
1575	191.7
1576	191.55
1575	191.65
1575	191.75
1575	191.7
1574	191.85
1576	191.65
1575	191.7
1574	191.85
1574	192.05
1574	192
1574	192
1575	191.95
1574	192.05
1573	192.15
1574	192.15
1573	192.2
1573	192.15
1574	192.2
1573	192.25
1572	192.45
1573	192.35
1572	192.4
1572	192.5
1572	192.55
1572	192.5
1573	192.45
1572	192.55
1571	192.65
1572	192.7
1571	192.7
1571	192.8
1572	192.75
1570	192.9
1571	192.9
1570	193
1570	193.05
1571	193
1570	193.1
1570	193
1571	193.05
1570	193.1
1569	193.2
1570	193.2
1569	193.2
1570	193.25
1569	193.35
1568	193.4
1569	193.45
1569	193.4
1568	193.45
1569	193.5
1568	193.55
1567	193.65
1569	193.55
1568	193.5
1568	193.65
1568	193.65
1567	193.7
1568	193.7
1567	193.8
1567	193.85
1567	193.95
1566	194
1567	193.95
1567	194
1566	194.05
1566	194.15
1567	194.1
1566	194.1
1566	194.2
1566	194.3
1565	194.5
1565	194.55
1566	194.35
1565	194.55
1564	194.6
1565	194.7
1565	194.6
1565	194.6
1565	194.75
1564	194.75
1564	194.75
1565	194.8
1564	194.8
1564	194.75
1564	194.9
1563	195
1564	194.9
1565	194.9
1563	195
1563	195.1
1563	195.2
1563	195.1
1563	195.25
1562	195.25
1562	195.2
1563	195.25
1562	195.2
1562	195.4
1561	195.35
1561	195.35
1562	195.4
1562	195.35
1561	195.45
1562	195.5
1561	195.45
1561	195.5
1561	195.55
1560	195.65
1560	195.75
1561	195.65
1560	195.7
1560	195.85
1560	195.8
1559	195.9
1560	195.9
1560	195.9
1559	195.95
1560	196
1559	196.05
1559	196.1
1559	196.2
1558	196.2
1559	196.2
1559	196.25
1558	196.2
1558	196.35
1558	196.4
1558	196.3
1558	196.45
1557	196.5
1557	196.5
1558	196.5
1557	196.5
1557	196.55
1557	196.7
1556	196.8
1556	196.8
1558	196.6
1556	196.85
1556	196.85
1557	196.8
1555	196.95
1556	197
1556	197.05
1555	197.05
1556	197.05
1555	197.15
1554	197.2
1555	197.25
1554	197.3
1555	197.15
1555	197.25
1554	197.35
1555	197.35
1554	197.4
1553	197.55
1554	197.55
1553	197.55
1553	197.6
1553	197.6
1554	197.65
1553	197.6
1553	197.65
1553	197.8
1552	197.8
1553	197.8
1552	197.95
1551	197.85
1552	197.95
1552	197.95
1551	197.9
1552	198
1551	198
1551	198.05
1552	198.1
1551	198.05
1550	198.15
1551	198.25
1550	198.25
1550	198.3
1551	198.25
1549	198.35
1550	198.4
1550	198.35
1549	198.45
1549	198.6
1549	198.55
1549	198.55
1550	198.55
1548	198.65
1548	198.7
1549	198.7
1548	198.7
1548	198.7
1549	198.75
1548	198.7
1548	198.8
1549	198.75
1547	198.9
1547	199.05
1548	198.95
1547	198.95
1547	199.15
1546	199.15
1547	199.05
1548	199.05
1546	199.2
1546	199.3
1547	199.25
1546	199.2
1546	199.35
1546	199.4
1545	199.2
1546	199.4
1545	199.3
1545	199.3
1545	199.45
1545	199.35
1544	199.5
1545	199.55
1544	199.45
1544	199.6
1545	199.55
1544	199.55
1544	199.7
1544	199.7
1543	199.65
1544	199.75
1543	199.8
1543	199.7
1544	199.75
1543	199.85
1542	199.85
1543	199.9
1542	199.85
1542	199.9
1543	200
1541	199.9
1543	200
1542	200
1541	199.95
1542	200.15
1541	200.1
1541	199.95
1541	200.15
1540	200.05
1541	200.15
1540	200.2
1540	200.2
1541	200.3
1540	200.25
1540	200.25
1540	200.45
1539	200.4
1541	200.35
1539	200.5
1539	200.55
1539	200.65
1538	200.65
1539	200.65
1538	200.75
1538	200.65
1539	200.75
1538	200.8
1537	200.8
1539	200.8
1537	200.85
1538	200.95
1537	200.95
1538	200.95
1538	201.05
1536	201.15
1538	201.05
1536	201.15
1536	201.35
1536	201.2
1536	201.35
1536	201.35
1536	201.3
1536	201.45
1535	201.35
1535	201.4
1536	201.5
1534	201.5
1535	201.5
1534	201.55
1534	201.5
1535	201.55
1535	201.5
1534	201.6
1534	201.8
1533	201.8
1534	201.75
1534	201.9
1533	201.9
1533	201.9
1534	201.9
1533	202
1532	202.1
1533	202.15
1532	202.15
1532	202.1
1533	202.15
1532	202.15
1533	202.2
1532	202.3
1531	202.35
1532	202.4
1532	202.35
1531	202.4
1532	202.45
1531	202.45
1531	202.5
1531	202.6
1530	202.6
1531	202.7
1530	202.75
1530	202.65
1531	202.7
1530	202.75
1530	202.95
1529	202.9
1529	202.8
1530	203.05
1528	202.9
1529	202.95
1530	203.05
1528	202.95
1528	203
1529	203.1
1528	203
1529	203.05
1528	203.15
1527	203.1
1528	203.15
1528	203.2
1527	203.15
1527	203.4
1527	203.25
1527	203.2
1527	203.4
1527	203.35
1527	203.35
1527	203.45
1525	203.35
1526	203.4
1526	203.35
1526	203.3
1526	203.55
1525	203.45
1526	203.5
1526	203.55
1525	203.45
1526	203.65
1524	203.55
1524	203.7
1524	203.65
1524	203.6
1524	203.8
1524	203.7
1524	203.8
1523	203.8
1523	203.8
1524	203.9
1523	203.95
1523	203.85
1523	204.05
1522	204.1
1523	203.95
1523	204.1
1522	204.2
1523	204.1
1521	204.35
1522	204.45
1522	204.4
1521	204.45
1522	204.5
1521	204.5
1521	204.4
1522	204.5
1521	204.55
1520	204.5
1521	204.65
1520	204.6
1520	204.7
1521	204.7
1520	204.55
1520	204.85
1519	204.85
1520	204.9
1519	204.9
1519	204.95
1520	204.9
1518	204.9
1519	205.1
1518	204.95
1518	205.05
1518	205.2
1518	205
1519	205.2
1517	205.15
1518	205.2
1518	205.3
1516	205.3
1517	205.45
1516	205.25
1517	205.45
1515	205.45
1516	205.35
1517	205.5
1515	205.45
1516	205.45
1516	205.45
1515	205.45
1515	205.65
1515	205.7
1515	205.55
1515	205.8
1514	205.55
1515	205.7
1514	205.7
1514	205.8
1514	205.8
1513	205.7
1514	205.9
1513	205.75
1514	205.9
1513	205.8
1513	205.9
1514	206
1512	205.85
1513	206
1512	206
1512	205.9
1512	206.15
1511	206
1512	206
1512	206.15
1511	206.05
1512	206.15
1511	206.15
1510	206.2
1511	206.4
1511	206.25
1510	206.4
1511	206.4
1510	206.3
1510	206.45
1510	206.45
1509	206.45
1510	206.55
1509	206.55
1509	206.45
1510	206.6
1508	206.7
1509	206.6
1509	206.65
1508	206.75
1509	206.75
1508	206.7
1508	206.95
1508	206.85
1508	206.85
1507	206.95
1507	206.85
1508	207
1506	206.95
1507	207.1
1507	207
1506	207.1
1507	207.15
1506	207.05
1506	207.15
1506	207.2
1505	207.15
1506	207.3
1505	207.2
1505	207.2
1506	207.4
1505	207.2
1505	207.45
1504	207.3
1504	207.35
1505	207.45
1504	207.35
1505	207.5
1503	207.3
1504	207.6
1504	207.55
1503	207.4
1504	207.65
1503	207.35
1503	207.65
1502	207.45
1503	207.6
1502	207.6
1502	207.65
1501	207.7
1502	207.7
1501	207.7
1501	207.85
1501	207.75
1501	207.7
1502	207.85
1501	207.8
1501	208
1501	207.95
1500	207.9
1500	208.05
1499	208.1
1501	208.05
1499	208.1
1499	208.4
1499	208.15
1499	208.35
1498	208.35
1499	208.35
1499	208.35
1498	208.35
1499	208.5
1497	208.6
1498	208.6
1498	208.55
1497	208.75
1497	208.75
1496	208.7
1498	208.7
1496	208.75
1497	208.85
1496	208.9
1496	208.9
1497	208.95
1495	208.75
1496	208.9
1496	208.9
1495	208.85
1496	209.1
1495	208.9
1494	208.8
1495	209.1
1494	208.8
1495	209.1
1494	208.9
1494	208.95
1495	209.15
1493	208.85
1494	209.05
1494	209
1493	208.9
1494	209.15
1492	209.05
1492	209.15
1493	209.1
1492	209.15
1493	209.2
1492	209.15
1492	209.4
1491	209.3
1492	209.3
1492	209.4
1491	209.25
1492	209.5
1490	209.65
1491	209.55
1491	209.45
1490	209.6
1491	209.6
1490	209.65
1490	209.85
1489	209.7
1490	209.7
1489	209.8
1489	209.65
1489	209.9
1488	209.85
1489	209.95
1488	209.85
1488	209.95
1489	210
1488	209.85
1489	210.05
1488	209.95
1487	210
1488	210.15
1487	209.9
1487	210.1
1487	210.1
1487	209.95
1487	210.1
1486	210
1487	210.15
1485	210.05
1486	210.3
1486	210.15
1485	210.25
1486	210.35
1485	210.2
1485	210.4
1485	210.25
1485	210.2
1485	210.45
1484	210.5
1485	210.45
1484	210.55
1484	210.75
1484	210.7
1483	210.85
1484	210.8
1482	210.7
1483	211
1483	210.8
1482	210.75
1483	211
1482	210.75
1482	211
1482	210.75
1482	210.9
1481	210.85
1481	210.75
1482	211.05
1480	210.8
1481	210.85
1481	210.9
1480	210.8
1481	211.05
1480	210.85
1480	211.1
1480	211.05
1479	211.2
1479	211.1
1479	211.2
1480	211.15
1479	211.1
1479	211.35
1479	211.25
1479	211.25
1479	211.4
1478	211.4
1479	211.4
1477	211.6
1477	211.6
1479	211.5
1477	211.6
1477	211.8
1478	211.7
1476	211.6
1477	211.85
1476	211.6
1477	211.8
1476	211.7
1476	211.7
1477	211.8
1475	211.6
1476	211.8
1476	211.8
1475	211.75
1475	211.8
1475	211.75
1476	211.95
1474	211.7
1475	211.95
1474	211.8
1474	211.8
1474	211.95
1473	211.8
1474	212
1474	211.9
1473	211.95
1474	211.95
1472	211.95
1473	212.15
1472	212
1472	212.25
1472	212.05
1472	212.1
1472	212.2
1472	212.15
1471	212.5
1471	212.35
1472	212.3
1470	212.45
1471	212.7
1470	212.6
1470	212.5
1471	212.6
1469	212.5
1470	212.7
1469	212.6
1469	212.55
1470	212.75
1469	212.55
1470	212.8
1469	212.55
1469	212.85
1468	212.6
1469	212.85
1468	212.6
1468	212.85
1467	212.6
1468	212.85
1467	212.7
1467	212.8
1468	212.9
1466	212.9
1467	212.9
1465	213.05
1466	213.1
1466	213.15
1465	213.1
1466	213.1
1465	213.05
1465	213.25
1466	213.1
1464	213.2
1466	213.2
1464	213.1
1465	213.35
1464	213.15
1465	213.35
1464	213.15
1464	213.35
1464	213.35
1463	213.1
1464	213.45
1463	213.2
1463	213.45
1463	213.3
1462	213.25
1463	213.45
1462	213.2
1462	213.4
1461	213.6
1462	213.45
1462	213.55
1461	213.65
1462	213.55
1460	213.65
1461	213.85
1460	213.7
1460	213.85
1460	213.7
1460	213.85
1460	213.75
1459	213.7
1460	213.85
1459	213.7
1460	213.9
1458	213.8
1459	213.95
1458	213.75
1458	213.95
1458	213.75
1458	213.95
1457	213.8
1457	213.95
1457	213.8
1457	213.85
1457	213.95
1456	213.9
1457	214
1456	213.95
1457	214.05
1456	214
1456	214.2
1455	214.25
1455	214.45
1455	214.3
1455	214.45
1455	214.4
1454	214.35
1454	214.45
1453	214.2
1455	214.5
1453	214.2
1454	214.5
1454	214.4
1453	214.4
1454	214.45
1452	214.25
1453	214.45
1453	214.3
1453	214.55
1452	214.3
1452	214.6
1452	214.45
1451	214.65
1452	214.6
1451	214.6
1451	214.8
1451	214.75
1451	214.65
1452	214.65
1450	214.75
1451	214.95
1449	214.75
1450	214.95
1449	214.75
1450	215.05
1449	214.8
1449	214.9
1449	214.9
1449	214.8
1449	214.9
1448	214.8
1449	215
1448	214.85
1448	215
1447	214.9
1448	215
1447	214.85
1448	215.1
1446	215.2
1447	215.1
1446	215.2
1447	215.15
1445	215.3
1446	215.45
1445	215.35
1446	215.45
1445	215.35
1445	215.55
1444	215.225
1445	215.55
1444	215.275
1445	215.6
1443	215.25
1444	215.525
1443	215.3
1444	215.575
1442	215.55
1443	215.55
1442	215.6
1443	215.6
1442	215.65
1442	215.65
1442	215.65
1442	215.7
1441	215.75
1441	215.75
1441	215.7
1441	215.8
1441	215.8
1440	215.6
1441	215.9
1439	215.6
1440	215.8
1439	215.65
1440	215.8
1439	215.7
1439	215.7
1440	215.95
1438	215.7
1440	215.9
1438	215.7
1439	215.9
1437	215.95
1438	216
1437	215.95
1438	215.9
1438	215.95
1436	216.1
1437	216.15
1437	216
1438	216
1436	216.05
1436	216.25
1435	216.05
1436	216.3
1435	216
1436	216.3
1434	215.9
1435	216.25
1434	215.95
1434	216.1
1434	216.05
1434	216.1
1434	216.05
1434	216.15
1433	216.3
1433	216.4
1433	216.3
1433	216.5
1432	216.5
1432	216.7
1432	216.45
1432	216.75
1431	216.45
1432	216.75
1431	216.45
1432	216.75
1431	216.5
1430	216.4
1431	216.7
1430	216.4
1430	216.65
1430	216.5
1430	216.5
1431	216.7
1429	216.65
1430	216.7
1429	216.65
1430	216.7
1428	216.85
1429	216.95
1428	216.85
1428	217.1
1427	216.85
1428	217.1
1428	216.95
1426	216.8
1428	217.05
1426	216.75
1428	217.05
1426	216.85
1427	217.1
1426	216.9
1426	217.05
1425	217
1426	217.1
1425	216.95
1425	217.05
1425	217.05
1425	217.1
1424	217.25
1425	217.15
1424	217.25
1424	217.35
1423	217.25
1424	217.4
1423	217.2
1423	217.4
1423	217.25
1423	217.4
1423	217.4
1422	217.2
1422	217.3
1422	217.15
1422	217.3
1421	217.5
1421	217.7
1421	217.55
1421	217.55
1421	217.65
1419	217.45
1419	217.4
1419	217.35
1420	217.5
1419	217.3
1419	217.3
1419	217.25
1419	217.2
1419	217.35
1419	217.35
1418	217.2
1419	217.45
1417	217.35
1419	217.5
1417	217.35
1418	217.45
1417	217.45
1417	217.7
1416	217.7
1417	217.65
1417	217.6
1416	217.85
1416	217.85
1416	217.95
1415	217.65
1416	218
1415	217.7
1415	217.9
1414	217.7
1415	217.95
1414	217.7
1415	217.95
1413	217.95
1415	217.95
1413	218
1414	217.95
1412	217.95
1413	218.2
1412	217.95
1413	218.2
1412	217.95
1413	218.25
1411	217.9
1412	218.15
1411	217.95
1412	218.15
1410	218.05
1411	218.05
1410	218.15
1410	218.15
1410	218.15
1410	218.1
1409	218.25
1409	218.15
1409	218.35
1408	218.05
1409	218.35
1408	218.1
1408	218.25
1407	218.05
1408	218.2
1407	218.1
1407	218.3
1406	218.3
1407	218.3
1406	218.3
1407	218.3
1406	218.3
1407	218.3
1405	218.3
1405	218.35
1406	218.5
1405	218.3
1406	218.55
1404	218.2
1405	218.45
1404	218.2
1405	218.5
1404	218.25
1405	218.6
1403	218.5
1404	218.5
1403	218.45
1404	218.5
1402	218.55
1403	218.7
1402	218.55
1403	218.75
1402	218.65
1402	218.75
1401	218.55
1401	218.65
1401	218.55
1401	218.65
1400	218.45
1400	218.65
1399	218.6
1401	218.65
1399	218.55
1401	218.7
1399	218.65
1399	218.8
1398	218.8
1399	218.9
1398	218.85
1398	219
1397	218.7
1398	219
1397	218.75
1397	218.8
1397	218.7
1397	218.85
1396	218.7
1397	218.9
1396	218.7
1397	218.95
1395	218.95
1396	218.9
1395	218.95
1396	218.9
1394	218.95
1395	219.15
1394	218.9
1395	219.2
1393	218.9
1395	219.2
1393	218.95
1394	219.15
1393	218.95
1394	219.15
1392	219.25
1393	219.2
1392	219.2
1393	219.2
1391	219.15
1392	219.45
1391	219.15
1392	219.5
1390	219.1
1392	219.4
1390	219.1
1391	219.4
1390	219.15
1391	219.4
1389	219.35
1390	219.3
1389	219.35
1390	219.35
1388	219.35
1389	219.45
1388	219.4
1389	219.6
1388	219.4
1388	219.55
1387	219.3
1388	219.5
1386	219.5
1387	219.3
1386	219.6
1386	219.45
1387	219.5
1385	219.4
1386	219.75
1385	219.4
1386	219.75
1384	219.3
1386	219.7
1384	219.3
1385	219.6
1384	219.35
1384	219.4
1383	219.7
1383	219.65
1383	219.7
1382	219.6
1382	219.75
1383	219.6
1382	219.75
1381	219.45
1382	219.75
1381	219.45
1381	219.7
1380	219.7
1381	219.75
1380	219.75
1381	219.7
1379	219.7
1380	219.8
1380	219.9
1379	219.7
1379	219.85
1378	219.6
1379	219.9
1378	219.55
1379	219.9
1378	219.6
1378	219.75
1377	219.8
1378	219.8
1377	219.9
1377	219.85
1376	219.9
1376	219.8
1376	219.9
1375	219.7
1376	219.95
1375	219.7
1376	219.95
1374	219.9
1375	219.75
1374	220.05
1374	220
1374	220.1
1373	219.9
1373	220.05
1372	219.75
1373	220
1372	219.7
1373	220.1
1372	219.75
1373	220.1
1371	219.95
1372	220
1371	220.05
1372	219.95
1370	220.05
1371	220.15
1370	220.05
1371	220.1
1370	220.2
1369	220.15
1369	220.3
1368	220.1
1370	220.3
1368	220.05
1369	220.3
1368	220.05
1369	220.35
1367	220
1368	220.2
1367	220.05
1367	220.05
1367	220.2
1367	220.05
1366	220.15
1365	220.2
1366	220.15
1365	220.2
1366	220.1
1365	220.2
1366	220.15
1364	220.1
1365	220.4
1363	220.2
1364	220.15
1364	220.15
1364	220.15
1363	220.3
1363	220.2
1363	220.3
1362	220.2
1363	220.35
1362	220.2
1362	220.3
1362	220.2
1361	220.3
1361	220.15
1361	220.35
1360	220.2
1361	220.3
1360	220.15
1360	220.45
1359	220.15
1361	220.35
1359	220.2
1360	220.35
1358	220.4
1359	220.35
1358	220.4
1358	220.45
1358	220.55
1357	220.35
1358	220.5
1357	220.3
1357	220.6
1356	220.3
1357	220.6
1356	220.25
1357	220.5
1355	220.5
1356	220.45
1355	220.55
1356	220.55
1355	220.6
1355	220.75
1354	220.55
1355	220.7
1353	220.55
1354	220.7
1353	220.5
1354	220.65
1353	220.55
1354	220.65
1352	220.65
1353	220.6
1352	220.75
1353	220.65
1351	220.5
1352	220.85
1351	220.6
1352	220.8
1350	220.85
1351	220.75
1350	220.8
1351	220.65
1350	220.9
1350	220.85
1349	220.85
1349	220.8
1349	220.85
1349	220.8
1348	220.75
1348	220.65
1349	221
1347	220.9
1348	220.85
1347	220.85
1347	221.1
1346	220.8
1347	221
1346	220.8
1346	220.8
1345	220.95
1345	220.85
1346	220.9
1345	220.9
1345	221.1
1344	220.75
1345	221.1
1344	220.8
1345	221.15
1343	220.7
1344	221
1343	220.75
1344	221.05
1342	221
1343	220.9
1342	221
1343	220.9
1341	220.95
1342	221.15
1341	220.95
1342	221.15
1341	221
1341	221
1340	221
1340	220.85
1340	221
1339	221.1
1340	221.1
1339	221.1
1340	221.1
1338	220.95
1339	221.25
1338	221
1339	221.25
1337	221.15
1338	221.05
1337	221.2
1337	221.15
1337	221.3
1337	221.25
1336	221.2
1336	221.05
1336	221.25
1335	221.25
1336	221.3
1335	221.25
1335	221.5
1334	221.15
1335	221.55
1334	221.2
1335	221.55
1333	221.1
1335	221.55
1333	221.1
1334	221.45
1332	221.2
1334	221.35
1332	221.25
1333	221.25
1331	221.2
1333	221.25
1331	221.2
1332	221.4
1331	221.2
1331	221.3
1330	221.4
1330	221.4
1330	221.5
1330	221.45
1329	221.4
1330	221.35
1329	221.5
1328	221.4
1329	221.55
1328	221.4
1329	221.5
1327	221.35
1329	221.55
1327	221.35
1328	221.6
1326	221.4
1328	221.65
1326	221.45
1327	221.6
1325	221.4
1327	221.55
1325	221.4
1326	221.55
1325	221.45
1325	221.35
1325	221.5
1324	221.55
1324	221.75
1323	221.45
1324	221.75
1323	221.35
1324	221.7
1322	221.25
1323	221.6
1322	221.25
1323	221.55
1321	221.35
1322	221.35
1321	221.4
1321	221.45
1321	221.45
1320	221.4
1320	221.45
1320	221.35
1319	221.65
1319	221.4
1320	221.45
1319	221.4
1320	221.45
1318	221.35
1320	221.5
1318	221.4
1319	221.6
1317	221.3
1318	221.5
1317	221.3
1317	221.4
1317	221.4
1317	221.35
1316	221.5
1317	221.4
1316	221.55
1316	221.45
1315	221.4
1315	221.25
1315	221.5
1314	221.4
1315	221.5
1314	221.4
1315	221.5
1313	221.25
1315	221.4
1313	221.25
1314	221.65
1312	221.45
1313	221.4
1312	221.5
1313	221.4
1311	221.35
1312	221.55
1311	221.45
1311	221.35
1311	221.4
1310	221.6
1310	221.75
1310	221.55
1311	221.5
1309	221.35
1310	221.75
1308	221.5
1310	221.7
1308	221.5
1309	221.6
1308	221.55
1309	221.5
1307	221.65
1308	221.65
1307	221.65
1307	221.55
1307	221.75
1306	221.4
1307	221.75
1305	221.5
1306	221.6
1305	221.4
1306	221.6
1305	221.45
1306	221.6
1304	221.375
1305	221.7
1304	221.425
1305	221.6
1303	221.65
1304	221.575
1303	221.75
1303	221.75
1303	221.8
1302	221.75
1302	221.85
1302	221.7
1302	221.9
1302	221.75
1301	221.65
1301	221.55
1301	221.65
1300	221.75
1301	221.7
1300	221.75
1300	221.9
1299	221.6
1300	221.95
1299	221.65
1300	221.95
1298	221.55
1299	221.75
1298	221.6
1298	221.65
1297	221.6
1298	221.65
1297	221.6
1297	221.65
1297	221.65
1297	221.7
1296	221.8
1297	221.7
1296	221.85
1296	221.9
1295	221.75
1295	221.7
1294	221.9
1295	221.65
1294	221.95
1294	221.85
1294	222
1293	221.75
1293	221.9
1293	221.7
1293	221.85
1292	221.5
1293	221.9
1292	221.5
1293	221.9
1291	221.65
1292	221.8
1290	221.75
1292	221.8
1290	221.75
1291	221.95
1290	221.75
1291	221.85
1289	221.75
1291	221.9
1289	221.75
1290	221.95
1288	221.8
1289	221.9
1288	221.8
1288	221.95
1288	221.9
1288	221.9
1287	221.8
1287	221.7
1286	222
1286	221.8
1286	221.9
1286	221.85
1286	221.9
1285	221.75
1285	221.9
1285	221.75
1285	221.85
1284	221.75
1284	221.95
1284	221.75
1284	222
1283	221.75
1284	221.95
1283	221.8
1284	221.95
1282	221.75
1283	222
1282	221.7
1283	221.95
1281	221.6
1282	221.9
1281	221.55
1282	221.9
1280	221.8
1281	221.75
1280	221.85
1281	221.75
1279	221.7
1279	221.65
1279	221.85
1279	221.6
1279	221.85
1278	221.75
1279	221.9
1277	221.85
1279	221.9
1277	221.85
1278	222
1276	221.8
1277	222
1276	221.75
1277	222
1276	221.8
1276	221.9
1275	221.75
1276	221.85
1275	221.8
1275	221.75
1274	221.85
1275	221.8
1274	221.9
1274	221.85
1274	221.9
1273	221.85
1273	222.05
1272	221.65
1273	222.05
1271	221.7
1272	221.8
1271	221.7
1272	221.8
1270	221.5
1271	221.95
1271	221.75
1271	221.9
1270	221.55
1270	221.75
1269	221.6
1270	221.8
1269	221.65
1270	221.8
1268	221.6
1270	221.8
1268	221.6
1269	221.9
1267	221.65
1269	221.9
1267	221.7
1268	221.8
1266	221.65
1267	221.85
1265	221.6
1267	221.8
1265	221.6
1267	221.75
1265	221.65
1266	221.75
1264	221.55
1265	221.8
1264	221.55
1264	221.5
1264	221.55
1264	221.55
1264	221.5
1264	221.5
1263	221.75
1263	221.55
1263	221.75
1262	221.65
1263	221.8
1261	221.5
1262	221.85
1261	221.45
1262	221.8
1260	221.5
1261	221.7
1260	221.5
1261	221.7
1260	221.5
1261	221.75
1259	221.6
1260	221.7
1258	221.6
1259	221.75
1258	221.6
1259	221.75
1257	221.6
1258	221.7
1257	221.6
1258	221.6
1257	221.65
1257	221.6
1256	221.7
1256	221.6
1256	221.7
1255	221.5
1256	221.75
1255	221.45
1255	221.65
1255	221.5
1254	221.625
1254	221.425
1254	221.625
1253	221.6
1254	221.575
1253	221.6
1253	221.8
1252	221.6
1254	221.625
1252	221.5
1253	221.75
1251	221.4
1253	221.8
1251	221.45
1252	221.85
1250	221.55
1251	221.6
1250	221.55
1251	221.55
1249	221.6
1250	221.55
1249	221.65
1249	221.6
1249	221.65
1248	221.4
1248	221.5
1247	221.5
1248	221.5
1248	221.4
1248	221.45
1247	221.5
1247	221.65
1246	221.4
1246	221.6
1245	221.4
1247	221.7
1245	221.4
1246	221.6
1244	221.45
1246	221.6
1244	221.45
1245	221.65
1243	221.4
1245	221.6
1243	221.45
1244	221.65
1243	221.45
1243	221.55
1242	221.55
1242	221.65
1241	221.4
1242	221.55
1241	221.4
1242	221.55
1241	221.4
1241	221.45
1240	221.55
1240	221.45
1240	221.45
1239	221.45
1239	221.55
1238	221.35
1239	221.6
1238	221.35
1239	221.55
1238	221.4
1239	221.6
1237	221.4
1238	221.7
1237	221.4
1238	221.65
1236	221.3
1238	221.7
1236	221.35
1237	221.6
1235	221.35
1236	221.5
1234	221.4
1236	221.45
1234	221.4
1236	221.5
1234	221.4
1235	221.55
1233	221.35
1234	221.5
1233	221.3
1234	221.55
1232	221.35
1233	221.4
1232	221.35
1233	221.45
1231	221.3
1231	221.3
1231	221.35
1231	221.35
1231	221.35
1230	221.25
1230	221.45
1229	221.25
1230	221.4
1229	221.25
1230	221.45
1228	221.15
1229	221.45
1228	221.15
1229	221.55
1227	221.2
1228	221.35
1227	221.1
1228	221.3
1226	221
1227	221.35
1226	221
1227	221.4
1225	221.15
1227	221.4
1225	221.15
1226	221.3
1224	221.05
1225	221.4
1224	221.05
1225	221.35
1223	221.1
1224	221.2
1223	221.1
1224	221.2
1222	221.2
1223	221.15
1222	221.25
1223	221.15
1222	221.2
1222	221.25
1222	221.35
1221	221
1221	221.15
1220	221.15
1220	221.3
1220	221.15
1220	221.25
1219	221.05
1220	221.35
1218	220.95
1220	221.3
1218	220.95
1219	221.25
1217	220.95
1219	221.2
1217	220.95
1218	221.2
1216	220.85
1218	221.2
1216	220.8
1217	221.25
1215	220.85
1217	221.2
1215	220.8
1216	221.05
1214	221.05
1216	221.05
1214	221.05
1216	221.1
1214	221.05
1215	221.1
1213	220.95
1214	221.3
1212	220.9
1213	221.15
1212	220.8
1213	221.05
1212	220.75
1213	221.05
1211	220.9
1212	221
1210	220.9
1211	221.15
1210	220.9
1211	221.1
1210	220.95
1210	220.95
1209	220.95
1209	220.9
1209	221
1208	220.95
1208	221.15
1207	220.9
1208	221.15
1207	220.85
1208	221.15
1206	220.85
1208	221.2
1206	220.85
1207	221.15
1205	220.85
1207	221.15
1205	220.85
1206	221.1
1204	220.55
1206	221.05
1204	220.6
1205	221.05
1204	220.55
1205	221.05
1203	220.75
1205	221.1
1202	220.65
1204	220.85
1202	220.65
1204	220.85
1202	220.65
1203	221
1201	220.65
1202	220.85
1201	220.65
1202	220.85
1200	220.7
1201	220.85
1199	220.65
1200	220.75
1200	220.85
1199	220.7
1199	220.75
1198	220.65
1199	220.8
1198	220.6
1198	220.7
1197	220.55
1198	220.75
1197	220.5
1198	220.8
1196	220.5
1197	220.8
1195	220.5
1197	220.8
1195	220.45
1196	220.8
1194	220.55
1196	220.7
1194	220.55
1195	220.7
1194	220.55
1194	220.75
1193	220.5
1194	220.65
1193	220.5
1194	220.7
1192	220.55
1193	220.55
1192	220.55
1192	220.6
1191	220.45
1191	220.45
1191	220.5
1191	220.4
1190	220.55
1190	220.45
1190	220.55
1190	220.45
1189	220.55
1189	220.55
1189	220.55
1189	220.5
1188	220.5
1188	220.35
1188	220.55
1187	220.35
1187	220.45
1187	220.3
1187	220.4
1186	220.35
1186	220.45
1185	220.3
1186	220.45
1185	220.25
1186	220.45
1185	220.25
1186	220.55
1184	220.3
1185	220.65
1183	220.25
1185	220.6
1183	220.2
1184	220.5
1182	220.25
1184	220.45
1182	220.25
1183	220.4
1181	220.25
1182	220.45
1181	220.2
1182	220.45
1180	220.25
1182	220.4
1180	220.25
1181	220.4
1179	220.15
1180	220.35
1179	220.2
1179	220.15
1179	220.2
1178	220.3
1178	220.35
1178	220.3
1178	220.35
1178	220.3
1177	220.4
1177	220.3
1177	220.4
1176	220.25
1176	220.35
1174	220.15
1174	220.2
1174	219.95
1176	220.1
1175	219.8
1176	220.2
1174	220.05
1175	220.25
1173	220.05
1174	220.3
1172	219.8
1174	220.25
1172	219.8
1173	220.25
1171	219.85
1173	220.2
1171	219.8
1172	220.05
1170	219.95
1172	220.1
1170	219.95
1172	220.1
1170	219.95
1171	220.1
1169	219.85
1171	220.1
1168	219.85
1170	220.15
1168	219.8
1169	220.1
1167	219.85
1169	220.05
1167	219.8
1168	220.05
1166	219.85
1167	220.1
1166	219.85
1167	220.05
1165	219.8
1166	220.1
1165	219.75
1166	220.1
1164	219.8
1166	220.1
1164	219.8
1165	220
1163	219.65
1165	220
1163	219.65
1164	220.05
1162	219.55
1164	220.05
1162	219.55
1163	219.9
1161	219.6
1162	219.85
1160	219.5
1162	219.75
1160	219.45
1161	219.7
1159	219.5
1160	219.6
1159	219.45
1160	219.7
1158	219.4
1160	219.7
1158	219.4
1160	219.65
1158	219.4
1159	219.75
1157	219.4
1158	219.7
1157	219.45
1158	219.7
1156	219.45
1158	219.75
1156	219.5
1157	219.7
1155	219.5
1157	219.65
1155	219.5
1156	219.75
1154	219.4
1155	219.7
1154	219.4
1154	219.55
1153	219.5
1154	219.55
1153	219.45
1154	219.5
1152	219.55
1153	219.55
1152	219.6
1152	219.5
1151	219.45
1151	219.5
1151	219.55
1151	219.4
1151	219.45
1150	219.4
1150	219.5
1150	219.45
1149	219.55
1149	219.5
1149	219.45
1149	219.5
1148	219.25
1149	219.6
1147	219.25
1148	219.4
1147	219.3
1147	219.4
1146	219.35
1147	219.3
1146	219.3
1147	219.35
1145	219.3
1146	219.4
1145	219.25
1146	219.4
1145	219.25
1145	219.4
1144	219.15
1144	219.25
1143	219.25
1144	219.2
1143	219.2
1143	219.3
1142	219.3
1143	219.25
1142	219.2
1142	219.35
1141	219.15
1142	219.3
1141	219.1
1142	219.35
1140	219.15
1141	219.25
1139	219.05
1140	219.25
1139	219.1
1140	219.15
1138	218.9
1139	219.25
1138	218.95
1139	219.25
1137	218.85
1139	219.2
1137	218.85
1138	219.1
1136	218.85
1138	219.1
1136	218.85
1137	219.1
1135	218.9
1136	219.1
1135	218.9
1136	219.05
1134	218.95
1135	219.25
1133	218.8
1135	219.2
1133	218.75
1134	219.15
1132	218.6
1134	219.2
1131	218.65
1133	219
1131	218.55
1132	218.85
1130	218.55
1132	218.8
1130	218.55
1131	218.85
1129	218.4
1130	218.85
1129	218.4
1130	218.8
1129	218.45
1130	218.85
1128	218.55
1129	218.7
1127	218.6
1128	218.75
1127	218.6
1128	218.75
1127	218.65
1127	218.75
1126	218.55
1127	218.75
1126	218.5
1126	218.65
1125	218.3
1126	218.7
1125	218.3
1125	218.45
1124	218.45
1125	218.5
1123	218.35
1124	218.6
1123	218.3
1124	218.65
1122	218.4
1123	218.6
1122	218.45
1123	218.6
1122	218.4
1121	218.5
1121	218.35
1121	218.45
1121	218.35
1121	218.45
1120	218.4
1120	218.5
1120	218.35
1119	218.4
1119	218.35
1119	218.35
1119	218.4
1118	218.15
1119	218.4
1118	218.15
1119	218.5
1117	218
1118	218.35
1116	218.05
1118	218.35
1116	218.05
1117	218.25
1115	218.05
1117	218.25
1115	218.05
1116	218.35
1114	218.05
1116	218.3
1114	218.05
1115	218.25
1113	218.05
1115	218.3
1112	218.1
1114	218.35
1112	218.05
1113	218.35
1111	218
1113	218.35
1111	218
1112	218.3
1111	218
1112	218.3
1110	218.05
1111	218.2
1110	218.1
1110	218.2
1109	218
1109	218.15
1109	218
1109	218.05
1109	218.05
1108	218.05
1109	218.1
1107	217.85
1108	218.1
1107	217.8
1108	218.2
1106	217.9
1108	218.2
1105	217.75
1107	218.05
1105	217.75
1107	218
1104	217.55
1106	218.05
1104	217.6
1106	218.1
1103	217.55
1105	218.05
1103	217.55
1104	217.95
1102	217.65
1104	217.9
1101	217.6
1103	217.85
1101	217.6
1102	217.85
1101	217.55
1102	217.85
1100	217.55
1101	217.85
1099	217.5
1101	217.9
1099	217.45
1100	217.7
1099	217.5
1099	217.6
1099	217.55
1098	217.55
1099	217.65
1097	217.6
1098	217.65
1097	217.5
1098	217.7
1096	217.45
1098	217.7
1096	217.45
1097	217.75
1095	217.2
1097	217.65
1095	217.2
1096	217.7
1094	217.25
1095	217.5
1093	217.2
1095	217.5
1093	217.15
1094	217.6
1092	217.2
1093	217.45
1092	217.25
1093	217.4
1092	217.3
1092	217.35
1091	217.1
1091	217.15
1091	217.1
1091	217.1
1091	217.15
1090	217.2
1091	217.3
1089	217.1
1090	217.35
1089	217.1
1090	217.4
1088	216.8
1089	217.3
1088	216.85
1089	217.3
1087	217.05
1088	217.05
1086	217
1088	217.05
1086	216.95
1088	217.05
1085	216.95
1087	217.35
1084	216.9
1086	217.3
1084	216.9
1085	217.25
1084	216.85
1085	217.2
1083	216.9
1084	217.2
1082	217
1084	217.2
1082	217
1083	217.25
1082	217
1082	217.25
1081	216.95
1082	217.2
1081	217.05
1081	217.15
1080	216.95
1080	217
1080	216.95
1080	216.9
1080	217
1078	216.85
1079	217
1078	216.75
1080	216.95
1078	216.75
1079	217.1
1077	216.75
1078	217.05
1076	216.7
1078	217
1076	216.7
1077	217.05
1075	216.6
1077	217
1075	216.5
1076	217
1074	216.6
1076	217
1073	216.6
1075	216.9
1073	216.6
1074	216.95
1072	216.65
1073	216.8
1072	216.6
1072	216.7
1072	216.6
1072	216.65
1072	216.65
1071	216.5
1072	216.75
1071	216.5
1072	216.8
1070	216.4
1071	216.7
1069	216.35
1071	216.7
1069	216.35
1070	216.65
1068	216.45
1070	216.75
1067	216.4
1069	216.7
1067	216.4
1068	216.7
1066	216.3
1068	216.7
1066	216.3
1066	216.5
1066	216.35
1065	216.35
1065	216.25
1065	216.25
1065	216.2
1065	216.25
1064	216.25
1064	216.25
1064	216.3
1063	216.133
1064	216.3
1062	216.1
1063	216.283
1062	216.1
1063	216.283
1061	216
1063	216.333
1060	215.9
1062	216.3
1060	215.85
1061	216.3
1059	215.85
1061	216.25
1059	215.85
1060	216.1
1059	215.85
1059	216
1059	215.95
1058	215.9
1058	216.05
1057	215.75
1058	216.1
1057	215.65
1058	216.05
1056	215.55
1058	216.1
1055	215.55
1057	216
1055	215.6
1056	215.85
1054	215.55
1055	215.85
1055	215.6
1054	215.65
1055	215.8
1053	215.45
1055	215.85
1053	215.45
1054	215.85
1051	215.35
1053	215.8
1051	215.3
1052	215.45
1051	215.25
1052	215.45
1050	215.25
1051	215.5
1049	215.2
1051	215.5
1048	215.1
1049	215.3
1047	215
1049	215.1
1048	214.95
1048	215.05
1048	215
1048	215.05
1049	215.2
1047	215.15
1048	215.35
1047	215.15
1048	215.45
1046	215.4
1048	215.45
1045	215.45
1047	215.5
1045	215.4
1046	215.7
1044	215.45
1045	215.65
1044	215.5
1044	215.5
1045	215.7
1043	215.35
1044	215.7
1042	215.25
1044	215.65
1042	215.25
1044	215.7
1041	215.25
1042	215.65
1040	215.1
1042	215.6
1040	215.05
1041	215.55
1039	215.15
1041	215.5
1039	215.1
1039	215.35
1039	215.2
1039	215.2
1039	215.1
1038	215
1039	215.25
1037	215.1
1038	215.15
1036	214.9
1038	215.2
1036	214.9
1037	215.35
1035	214.8
1036	215.2
1033	214.6
1036	215.05
1034	214.6
1036	215.05
1033	214.5
1035	215
1033	214.5
1034	215
1032	214.75
1033	214.8
1032	214.8
1032	214.85
1032	214.9
1032	214.85
1032	214.95
1031	214.65
1032	215
1030	214.55
1032	215
1030	214.5
1031	215
1029	214.65
1031	215.05
1028	214.6
1030	214.9
1027	214.4
1029	214.95
1027	214.35
1028	214.75
1027	214.35
1027	214.55
1027	214.45
1026	214.55
1026	214.55
1026	214.5
1026	214.65
1025	214.35
1026	214.65
1024	214.3
1025	214.6
1024	214.3
1025	214.65
1023	214.25
1024	214.65
1022	214.2
1024	214.65
1022	214.25
1023	214.55
1021	214.2
1023	214.55
1020	214.05
1022	214.55
1020	214.1
1021	214.4
1020	214.15
1020	214.2
1020	214.25
1019	214.2
1020	214.3
1018	214.1
1020	214.4
1017	214.1
1019	214.45
1017	214.05
1018	214.35
1016	214
1018	214.35
1016	214.05
1017	214.35
1016	214.05
1016	214.3
1015	214.1
1015	214.15
1015	214.15
1015	214.05
1016	214.2
1014	213.8
1015	214.3
1013	213.85
1015	214.25
1012	213.85
1014	214.1
1011	213.8
1013	214.05
1012	213.95
1012	213.95
1012	214.05
1011	213.8
1012	214.15
1010	213.75
1012	214.15
1010	213.65
1011	214.05
1009	213.7
1011	214.05
1008	213.65
1010	214
1008	213.65
1009	213.95
1007	213.55
1008	213.8
1008	213.75
1007	213.55
1007	213.75
1006	213.6
1007	213.65
1005	213.4
1007	213.75
1005	213.35
1007	213.8
1004	213.4
1005	213.75
1004	213.4
1005	213.65
1004	213.45
1003	213.55
1003	213.6
1003	213.4
1004	213.6
1002	213.4
1003	213.7
1001	213.4
1003	213.7
1001	213.35
1002	213.65
1000	213.4
1000	213.6
1000	213.45
1000	213.4
1000	213.45
999	213.25
998	213.25
998	213.15
999	213.15
997	212.85
999	213.35
996	212.9
998	213.3
996	212.8
998	213.2
996	212.85
997	213.15
996	213.05
996	213.3
995	213.2
996	213.25
996	213.2
995	213.2
995	213.4
993	213
995	213.45
993	212.9
994	213.3
993	213
993	213.2
992	213.05
992	212.95
992	213.15
991	212.95
992	213.15
990	212.725
992	213.1
989	212.7
991	213.15
990	212.775
990	212.975
989	212.9
989	212.85
989	212.95
988	212.7
989	213.05
987	212.6
989	213.1
986	212.45
988	213
986	212.5
987	212.85
986	212.6
986	212.65
987	212.9
985	212.7
986	212.8
984	212.6
986	212.95
983	212.6
985	212.95
983	212.55
984	212.8
983	212.65
983	212.75
983	212.7
982	212.6
983	212.8
981	212.45
983	212.8
980	212.35
982	212.9
980	212.3
981	212.75
979	212.45
980	212.6
979	212.45
979	212.55
980	212.55
978	212.45
980	212.65
977	212.25
979	212.75
977	212.25
978	212.65
976	212.35
977	212.5
977	212.45
976	212.3
977	212.55
975	212.05
977	212.6
974	212.1
976	212.55
973	211.95
976	212.55
973	212
974	212.5
973	212.15
973	212.2
973	212.25
972	212.25
973	212.35
970	212
973	212.25
970	211.9
972	212.3
971	212.1
971	212.25
971	212.3
969	211.95
971	212.45
968	211.85
971	212.35
968	211.85
969	212.05
968	211.95
968	212.05
969	212.1
967	211.9
968	212.2
966	211.75
968	212.2
966	211.75
967	212.15
966	211.85
966	211.95
966	212
965	211.8
966	212.05
964	211.7
966	212.1
963	211.65
965	212.15
962	211.7
964	212
962	211.8
963	211.8
963	211.85
961	211.6
963	211.85
961	211.5
963	211.9
960	211.5
961	211.9
960	211.55
961	211.75
960	211.7
959	211.55
960	211.75
958	211.5
960	211.9
957	211.35
960	211.85
957	211.35
958	211.8
957	211.45
957	211.5
957	211.55
956	211.35
957	211.7
955	211.35
957	211.75
954	211.275
956	211.65
954	211.175
955	211.5
954	211.325
954	211.375
954	211.375
953	211.2
955	211.6
952	211.05
954	211.575
951	211.2
952	211.35
951	211.25
951	211.25
952	211.25
950	211.05
952	211.4
949	210.95
951	211.45
948	211
950	211.35
948	211.05
949	211.15
949	211.1
948	211.15
949	211.3
946	210.8
948	211.35
946	210.7
948	211.2
946	210.75
946	210.9
946	210.95
945	210.8
946	211.05
944	210.55
947	211.1
944	210.55
945	211.05
943	210.75
944	210.75
944	210.8
943	210.7
944	210.95
941	210.55
943	211
941	210.55
942	210.8
941	210.65
941	210.75
941	210.85
940	210.5
941	210.9
939	210.35
941	210.9
938	210.45
940	210.7
939	210.45
939	210.45
940	210.75
937	210.35
939	210.7
936	210.4
938	210.65
936	210.45
937	210.4
937	210.65
935	210.45
937	210.65
934	210.3
937	210.65
934	210.35
936	210.65
934	210.45
934	210.45
935	210.65
933	210.25
935	210.75
932	210.15
934	210.7
931	210.15
932	210.4
932	210.3
931	210.15
932	210.5
930	209.9
932	210.5
929	210
931	210.35
930	210
930	210.2
930	210.15
929	210.1
930	210.3
927	209.95
929	210.35
927	209.95
928	210.3
927	210.05
927	210.05
928	210.25
926	210
927	210.35
924	209.8
926	210.25
924	209.75
926	210.1
925	209.95
924	209.95
925	210.2
923	209.65
925	210.15
923	209.65
924	210.1
922	209.75
922	209.8
923	209.95
921	209.65
923	210.05
920	209.55
922	210
919	209.65
921	209.9
920	209.75
920	209.6
921	209.95
918	209.55
920	209.95
917	209.35
919	209.9
917	209.45
918	209.6
918	209.65
917	209.35
918	209.85
916	209.35
918	209.85
915	209.35
916	209.7
915	209.5
915	209.5
915	209.65
914	209.287
916	209.75
913	209.2
915	209.7
912	209.2
914	209.537
913	209.4
912	209.3
914	209.588
911	209
913	209.6
910	209
912	209.35
911	209.05
910	209.15
911	209.25
909	208.95
911	209.35
908	209
910	209.4
908	209.1
908	209.15
909	209.25
907	208.95
909	209.35
906	208.95
907	209.25
905	208.8
906	208.95
907	208.95
905	208.6
907	209
904	208.55
906	209.1
903	208.6
905	208.9
905	208.9
903	208.65
905	208.95
902	208.55
904	208.95
902	208.65
903	208.9
903	208.85
902	208.6
903	209.05
901	208.65
903	209
900	208.6
901	208.85
901	208.85
900	208.75
901	209.05
899	208.65
901	208.95
898	208.55
900	208.95
898	208.7
898	208.95
898	208.9
897	208.7
899	209
896	208.45
898	208.9
896	208.6
896	208.8
896	208.75
895	208.65
897	208.95
894	208.45
896	208.8
893	208.45
895	208.65
894	208.65
893	208.6
894	208.8
892	208.4
894	208.85
891	208.3
893	208.8
891	208.3
892	208.5
892	208.5
891	208.35
892	208.7
889	208.25
892	208.7
889	208.3
890	208.6
889	208.5
888	208.3
890	208.6
887	208.15
889	208.55
887	208.25
888	208.45
887	208.45
886	208.2
888	208.55
885	208.05
887	208.5
884	208.05
886	208.35
885	208.2
884	208.1
886	208.4
883	207.85
885	208.3
882	207.95
884	208.25
882	208.05
882	208.05
884	208.3
881	207.85
883	208.15
880	207.8
882	208.15
881	208.05
880	208.05
881	208
879	207.55
882	208.05
878	207.6
880	208.1
878	207.75
878	207.75
879	207.95
877	207.6
879	208.05
876	207.6
878	207.95
876	207.65
876	207.65
878	207.9
875	207.4
877	208
874	207.45
875	207.7
874	207.6
874	207.35
875	207.65
872	207.15
875	207.6
873	207.25
873	207.4
874	207.7
871	207.4
874	207.7
871	207.3
872	207.4
871	207.5
871	207.4
873	207.55
869	207.2
872	207.45
869	207.3
870	207.45
871	207.5
868	207.05
870	207.65
867	207.1
869	207.4
868	207.2
867	207.1
869	207.45
865	207
868	207.4
865	207
866	207.15
866	207.2
865	207.1
866	207.35
864	206.85
866	207.3
863	206.8
864	207.15
864	207.1
863	206.8
865	207.35
861	206.8
864	207.25
861	206.9
862	207.1
862	207.1
861	206.8
863	207.15
859	206.7
861	207.15
860	206.95
859	206.75
861	207.05
858	206.5
860	207.05
858	206.6
859	206.8
859	206.85
857	206.5
859	207
856	206.5
858	206.8
856	206.55
856	206.7
856	206.75
855	206.55
857	206.85
854	206.3
856	206.8
853	206.45
855	206.75
855	206.8
853	206.4
855	206.85
852	206.3
854	206.6
852	206.45
852	206.35
853	206.7
850	206.2
853	206.65
850	206.25
851	206.55
851	206.6
849	206.25
851	206.55
848	206.1
851	206.6
848	206.15
849	206.4
849	206.35
847	206.15
849	206.5
846	206.15
847	206.2
848	206.35
846	206.1
848	206.4
844	205.85
847	206.15
845	205.95
845	205.95
846	206.4
843	205.95
846	206.4
843	205.95
844	206.1
845	206.2
842	205.8
844	206.2
841	205.9
842	206.1
842	206.1
841	205.75
843	206.15
840	205.75
841	206.05
841	206.05
839	205.65
842	206.15
838	205.7
840	206.05
839	205.8
838	205.65
840	205.9
837	205.45
839	205.85
838	205.85
837	205.75
838	206
835	205.6
838	205.9
836	205.7
836	205.8
837	205.85
834	205.55
836	205.9
834	205.5
834	205.65
836	205.85
833	205.45
835	205.8
832	205.5
833	205.55
833	205.65
831	205.35
833	205.7
830	205.4
832	205.65
832	205.6
830	205.3
832	205.75
829	205.25
831	205.6
829	205.4
829	205.3
830	205.5
828	205.1
830	205.5
827	205.25
828	205.35
829	205.5
826	205
828	205.5
826	205.15
826	205.2
828	205.4
825	204.95
827	205.4
824	205.05
825	205.2
826	205.25
824	204.85
826	205.35
822	204.9
824	205.2
823	205.1
822	204.95
824	205.2
821	204.8
822	205
822	205
821	204.75
823	205.15
819	204.7
821	205.1
820	204.85
819	204.75
821	205.05
818	204.6
820	204.95
818	204.75
818	204.75
819	204.95
816	204.6
819	204.9
817	204.75
817	204.8
818	204.9
815	204.5
818	204.95
814	204.6
815	204.7
816	204.9
814	204.45
816	204.9
812	204.45
814	204.65
814	204.55
813	204.25
815	204.7
812	204.35
813	204.65
812	204.6
811	204.35
813	204.6
809	204.15
812	204.6
810	204.35
810	204.3
812	204.55
808	204.1
810	204.5
809	204.25
809	204.25
810	204.5
806	204
808	204.4
807	204.2
807	204.15
809	204.4
805	203.95
807	204.3
805	204.05
806	204.05
807	204.25
803	203.85
806	204.15
804	204
804	203.95
806	204.15
802	203.65
804	204.15
803	204.05
803	204.05
804	204.15
801	203.6
803	204.15
801	203.7
801	203.75
803	204.15
799	203.55
802	203.9
799	203.5
800	203.8
801	203.8
798	203.45
801	203.85
797	203.55
798	203.6
799	203.75
797	203.5
799	203.8
796	203.55
797	203.65
798	203.7
795	203.35
797	203.65
794	203.5
795	203.5
797	203.6
793	203.3
796	203.7
794	203.5
794	203.5
795	203.65
791	203.3
794	203.6
793	203.5
791	203.2
794	203.55
790	203.1
792	203.45
792	203.45
790	203.1
792	203.4
789	203.2
790	203.25
791	203.4
788	203
790	203.3
789	203.3
788	203.1
790	203.3
786	202.9
788	203.25
787	203.1
786	202.95
788	203.25
785	202.95
787	203.15
786	203.1
784	202.7
787	203.1
784	202.75
785	202.95
785	203
783	202.75
786	203.1
782	202.8
783	202.9
784	202.9
781	202.7
784	202.95
781	202.9
781	202.8
783	202.95
779	202.5
782	202.8
780	202.75
779	202.5
782	202.8
778	202.55
779	202.7
780	202.8
777	202.5
780	202.8
778	202.6
777	202.55
779	202.7
776	202.45
777	202.65
778	202.65
775	202.35
778	202.65
775	202.4
775	202.45
777	202.65
773	202.25
775	202.5
774	202.35
773	202.25
776	202.55
772	202.15
774	202.35
774	202.4
771	202.05
774	202.4
771	202.05
771	202.15
773	202.4
769	202
771	202.25
771	202.2
769	201.95
772	202.3
768	202.05
769	202.1
770	202.2
767	201.95
770	202.15
768	202.1
767	202.05
769	202.2
765	201.8
767	202.05
768	202.1
764	201.75
767	202
766	202
765	201.85
767	202.1
763	201.85
765	201.95
765	201.95
762	201.7
765	201.95
763	201.85
762	201.7
765	201.9
761	201.7
762	201.8
763	201.85
760	201.5
762	201.85
761	201.8
760	201.55
762	201.9
758	201.5
760	201.7
761	201.8
758	201.4
760	201.75
758	201.55
757	201.45
760	201.6
757	201.35
758	201.6
759	201.8
755	201.4
757	201.6
757	201.5
755	201.25
758	201.6
754	201.35
755	201.4
756	201.5
753	201.2
755	201.45
754	201.35
753	201.25
755	201.4
751	201.1
753	201.25
754	201.35
750	201.1
753	201.3
752	201.35
750	201.1
753	201.35
749	201.05
751	201.3
751	201.3
748	201
751	201.3
749	201.2
748	200.95
751	201.2
746	200.75
748	201.05
750	201.25
745	200.95
748	201.15
747	201.1
745	200.9
748	201.1
744	200.75
745	200.75
747	201.05
743	200.75
744	200.8
746	200.85
742	200.55
745	200.95
743	200.8
742	200.55
745	200.8
741	200.65
742	200.65
744	200.7
740	200.45
742	200.65
741	200.75
739	200.3
742	200.65
740	200.55
739	200.35
741	200.8
738	200.45
739	200.35
741	200.7
737	200.3
739	200.55
738	200.6
736	200.35
739	200.45
737	200.35
736	200.45
738	200.65
734	200.35
735	200.45
738	200.45
734	200.2
735	200.6
736	200.65
732	200.2
735	200.5
734	200.25
733	200.1
736	200.5
732	200.2
732	200.2
734	200.35
729	200.1
732	200.05
734	200.15
730	200.05
732	200.15
732	200.25
729	200.1
731	200.3
729	200.15
728	200.05
731	200.15
727	199.8
730	200.2
727	199.95
727	199.95
729	200.2
725	199.9
727	200
727	199.95
724	199.75
727	199.9
725	199.9
723	199.75
727	199.8
723	199.75
724	199.75
726	199.75
722	199.55
724	199.8
725	199.85
721	199.55
724	199.8
723	199.85
720	199.5
723	199.85
722	199.75
720	199.5
723	199.85
720	199.6
720	199.65
722	199.75
718	199.4
719	199.5
721	199.75
717	199.3
719	199.55
720	199.6
716	199.4
719	199.55
718	199.5
715	199.4
718	199.5
716	199.5
714	199.25
717	199.3
715	199.35
714	199.2
717	199.3
714	199.3
714	199.25
716	199.35
712	199.15
713	199.2
715	199.3
711	199.05
713	199.25
714	199.3
710	199.05
712	199.2
712	199.2
709	199.05
712	199.1
710	199.05
709	199.05
712	199.1
708	199.1
709	199.2
711	199.2
707	199
709	199.25
709	199.25
705	198.95
708	199.1
708	199.05
706	198.9
709	199.15
706	199.05
705	199.05
707	199.05
703	198.85
704	198.75
707	198.85
703	198.85
705	199
705	199.1
701	198.6
704	198.85
704	198.85
701	198.55
704	198.95
702	198.8
700	198.75
703	198.9
701	198.6
701	198.65
702	198.85
698	198.65
700	198.75
702	198.7
697	198.55
699	198.8
699	198.85
696	198.45
699	198.75
700	198.8
695	198.4
698	198.6
697	198.6
695	198.35
698	198.6
695	198.5
695	198.3
698	198.5
694	198.4
693	198.3
697	198.55
693	198.25
693	198.3
696	198.45
691	198.25
693	198.2
695	198.4
691	198.2
691	198.1
694	198.35
690	198.15
690	198.2
693	198.25
689	198.1
689	198.2
692	198.2
688	198
689	198.15
691	198.15
687	198.05
689	198.15
690	198.25
686	197.95
689	198.1
689	198.15
684	197.91
688	198
688	198.05
684	197.86
687	198.05
687	198.15
683	197.8
686	197.9
686	197.95
682	197.8
685	197.85
685	197.9
681	197.8
684	197.86
684	197.91
680	197.55
683	197.75
684	197.86
679	197.5
682	197.85
684	197.91
678	197.7
681	197.85
682	197.8
678	197.65
680	197.65
681	197.85
677	197.55
680	197.6
678	197.75
676	197.15
680	197.45
679	197.5
675	197.3
679	197.4
679	197.5
674	197.65
677	197.65
677	197.65
674	197.55
677	197.6
674	197.7
672	197.2
677	197.5
676	197.3
671	197.2
674	197.6
674	197.55
672	197.1
675	197.35
671	197.3
670	197.5
675	197.15
672	197.2
670	197.6
672	197.35
669	197.35
669	197.05
673	197.2
671	197.2
667	197.1
670	197.7
668	197.35
666	197.25
671	197.05
669	197.25
666	197.5
668	197.4
666	197.45
665	196.85
669	197.05
667	196.9
664	197
667	197.1
665	197.25
662	196.95
666	197.4
663	196.85
662	196.75
666	197.3
664	197.1
662	196.95
665	197.15
662	197.05
660	197.1
663	196.85
660	197
659	196.85
663	196.7
660	196.95
659	196.85
663	196.75
660	197
658	196.85
662	196.85
659	197.1
656	196.9
660	197.15
659	197.1
655	196.9
658	196.9
658	196.9
654	196.7
657	196.75
657	196.8
653	196.5
655	196.75
657	196.7
652	196.3
654	196.6
656	196.65
652	196.25
653	196.45
655	196.6
651	196.65
652	196.25
655	196.65
651	196.7
651	196.65
654	196.6
650	196.5
650	196.5
653	196.5
651	196.85
648	196.2
652	196.4
650	196.65
647	196.55
650	196.55
649	196.25
645	196.05
649	196.1
649	196.05
644	195.85
648	195.9
649	196
645	195.9
647	196.4
649	196.15
644	196.1
645	196.1
648	196.15
643	196.55
642	196.1
646	196.15
643	196.25
642	195.95
646	196.2
644	196
641	195.85
644	196.05
642	196.15
639	195.85
643	196.1
643	196.2
639	195.8
642	196.05
642	196.2
637	195.85
639	195.85
642	195.85
638	195.7
640	195.55
641	195.75
636	195.85
636	195.65
640	195.4
638	195.7
636	195.6
639	195.9
636	195.85
633	195.55
638	195.6
638	195.75
633	195.65
635	195.6
636	195.65
633	195.45
636	195.55
636	195.7
630	195.4
633	195.5
637	195.55
631	195.5
630	195.35
635	195.45
631	195.35
630	195.25
633	195.55
630	195.3
629	195.3
632	195.4
630	195.3
627	195.3
631	195.25
630	195.3
625	195.2
630	195.15
630	195.25
625	195.2
627	195.3
630	195.15
624	195.2
625	195.15
630	195.1
624	195.25
624	195.1
628	195.15
625	195.1
622	194.95
627	195.15
625	195.15
620	194.95
625	195
625	195.1
620	194.95
623	194.95
624	195.1
620	194.95
621	195.05
624	195
620	194.9
620	194.85
623	194.9
621	195.1
617	194.8
621	194.95
621	195.05
616	194.8
620	194.85
620	194.9
615	194.85
618	194.8
620	194.85
616	194.75
616	194.75
619	194.8
616	194.8
613	194.65
618	194.7
617	194.8
612	194.55
615	194.7
616	194.7
612	194.5
614	194.6
616	194.65
610	194.55
613	194.55
615	194.65
611	194.85
610	194.5
614	194.55
611	194.85
609	194.45
612	194.45
612	194.5
607	194.4
611	194.7
612	194.45
607	194.45
608	194.4
612	194.4
607	194.45
607	194.35
610	194.4
608	194.45
604	194.25
607	194.35
609	194.45
604	194.3
605	194.3
609	194.35
604	194.35
603	194.2
607	194.3
606	194.35
601	194.4
605	194.2
606	194.25
600	194.1
603	194.1
606	194.25
601	194.5
600	194.1
604	194.15
602	194.2
599	194.15
603	194.05
602	194.2
598	194.15
601	194.35
602	194.15
597	194.25
598	194.1
602	194.1
597	194.25
596	193.95
600	193.95
599	194.2
594	194
598	194
600	194
594	194
595	193.95
599	194.05
595	194
593	193.85
597	194
596	194
592	193.85
595	193.85
597	194.1
591	194.05
592	193.9
596	193.85
593	193.9
589	193.65
593	193.75
594	193.9
588	193.7
591	193.9
594	193.85
589	193.75
588	193.65
593	193.7
590	193.75
586	193.55
590	193.6
591	193.85
586	193.6
587	193.65
591	193.85
587	193.8
584	193.6
589	193.55
588	193.65
583	193.85
586	193.45
589	193.55
584	193.7
583	193.8
587	193.55
585	193.6
581	193.45
585	193.45
586	193.55
581	193.45
582	193.65
586	193.45
582	193.75
579	193.3
583	193.65
583	193.75
578	193.25
581	193.3
584	193.45
578	193.3
577	193.2
582	193.45
580	193.25
576	193.1
580	193.1
581	193.15
576	193.15
576	193
580	193.05
578	193.15
573	192.95
577	193
579	193.05
574	193.05
574	192.95
579	193
575	193.15
572	193.1
576	192.95
577	193.15
571	193.1
574	192.9
576	193
571	193.1
570	192.95
574	192.85
574	192.95
569	192.95
571	192.9
575	192.9
570	193.05
568	192.8
572	192.95
571	193
566	192.75
570	192.85
572	192.95
567	192.8
566	192.65
570	192.85
569	192.9
564	192.7
568	192.65
570	192.85
565	192.75
564	192.65
568	192.6
568	192.8
562	192.95
564	192.55
568	192.55
564	192.65
561	192.55
565	192.45
566	192.6
560	192.65
562	192.75
566	192.45
562	192.9
559	192.75
563	192.4
564	192.45
559	192.9
559	192.7
564	192.4
561	192.6
557	192.3
561	192.35
562	192.75
556	192.3
558	192.5
562	192.65
559	192.85
554	192.65
558	192.45
560	192.4
554	192.65
555	192.1
559	192.5
557	192.3
552	192.3
556	192.05
559	192.6
554	192.7
552	192.25
556	191.95
556	192.15
550	192.15
553	192.15
557	192.05
552	192.35
549	191.95
555	191.95
554	192.5
548	192.4
551	192.35
555	191.95
550	192.1
546	191.85
551	192.2
553	192.1
547	191.9
546	191.8
551	192.2
550	192
545	191.85
547	191.65
551	192.15
546	191.9
544	191.75
548	192.1
549	191.85
543	192.05
544	191.65
548	192.05
546	191.8
541	191.65
545	191.45
548	192.05
543	192
540	191.5
545	191.45
546	191.6
540	191.6
540	191.4
545	191.4
544	191.65
538	191.65
541	191.4
544	191.5
539	191.6
538	191.5
542	191.55
542	191.75
536	191.35
538	191.5
542	191.55
540	191.45
534	191.45
538	191.4
541	191.35
536	191.35
533	191.4
539	191.2
539	191.4
532	191.15
534	191.2
539	191.15
535	191.25
531	191.2
536	190.95
538	191.35
531	191.35
530	191.05
536	190.8
535	191.05
528	191.05
532	190.75
535	190.85
532	190.95
528	191
530	190.85
535	190.85
530	191.15
526	191.15
532	190.6
533	191.1
527	191.4
527	191.2
531	190.85
531	191.05
525	190.95
526	190.95
531	190.75
529	190.8
522	190.9
527	191
530	190.75
526	191.15
522	190.85
525	190.55
530	190.7
524	191.05
520	190.65
526	190.7
527	191.05
522	190.95
520	190.55
526	190.7
526	190.95
519	190.8
521	190.85
525	190.5
523	190.85
517	190.65
520	190.4
525	190.45
520	190.65
516	190.4
520	190.3
523	190.5
517	190.6
514	190.75
521	190.55
521	190.75
515	190.55
514	190.7
521	190.55
519	190.55
513	190.25
515	190.25
520	190.2
516	190.45
510	190.4
517	190.05
518	190.6
514	190.9
509	190.25
517	190.1
517	190.3
510	190.45
509	190.05
516	189.85
515	190.35
508	190.2
509	190
516	189.9
513	190.1
507	190.05
509	189.95
515	189.95
511	190
505	190.05
507	189.65
514	190.25
508	190.05
504	189.8
508	189.65
513	189.7
505	190
505	189.75
508	189.6
510	190.05
503	189.95
503	189.65
509	189.65
508	189.9
501	190.1
501	189.85
509	189.6
506	190.05
500	190.6
500	190.25
507	189.4
506	189.9
498	189.95
502	189.65
505	189.55
504	189.7
497	189.7
500	190.15
506	189.6
501	190.05
496	190.15
497	189.4
502	189.4
503	189.65
494	189.5
499	189.35
502	189.45
500	190.35
494	189.45
495	189.5
502	189.3
500	190.25
491	189.95
496	189.65
499	189.2
497	189.5
492	189.65
493	189.2
500	189.85
496	189.85
489	189.45
495	189.35
498	189.3
493	189.6
489	189.4
492	189.2
496	189.45
494	189.25
485	189.15
492	189.05
498	189.1
490	189.5
485	189.2
492	189.05
494	188.9
490	189.4
486	188.4
488	188.95
492	189.05
492	189.3
484	189.3
485	188.85
492	188.9
491	189.55
480	189.95
485	188.7
493	188.75
488	189.25
480	190
485	188.75
490	188.8
486	188.35
480	189.85
482	189.15
486	187.85
486	188.1
481	189.05
481	188.8
483	189.05
485	188.75
482	189.3
479	188.4
481	188.65
484	188.75
481	188.85
477	188.7
479	188.15
483	189
481	188.75
476	188.15
477	188.55
480	189.15
480	189.25
476	188.1
477	188.5
478	188.4
478	188.5
475	188.7
477	188.4
478	188.4
475	188.95
472	187.9
476	187.65
480	189.1
474	188.2
468	187.95
473	188.5
481	188.1
476	188.4
464	188.9
467	188.4
479	187.05
481	188.3
469	189.45
462	189.05
472	187.15
479	187.25
473	188.8
467	188.9
470	188.75
472	187.75
468	187.7
465	187.5
473	188.2
476	187.7
469	189.2
460	189.3
462	188.2
472	186.65
474	186.95
467	188.6
463	189.35
468	187.55
470	188.6
463	189.4
457	188.2
466	186.45
473	187.75
469	188.5
460	189.1
462	188.55
468	187.35
465	187.8
456	188.55
457	187.9
465	186.55
470	187.75
463	189.15
457	188.6
462	188.3
467	188.3
463	189.5
453	188.3
455	187.85
463	188.1
462	187.85
455	188
455	187.5
463	188.15
465	187.3
456	188.75
453	188.1
460	188.25
464	187.85
456	188.85
450	187.65
454	187.8
461	187.2
457	188.25
448	188.15
449	187.1
458	186.95
458	187.35
449	187.5
446	186.35
453	186.45
458	186.9
453	187.25
446	186.55
449	186.65
456	186.95
454	187.3
447	186.85
445	187.15
453	186.65
455	187.25
447	186.8
443	188.5
449	186.7
454	186.85
450	186.4
442	186.6
443	188.1
450	185.65
452	186.95
444	187
440	188.3
448	186.55
453	186.55
448	187.5
439	186.6
443	188.2
452	186.95
451	187.45
441	187.5
438	186.75
447	186.35
452	187.45
445	188.1
437	187.75
440	189.05
449	187.15
446	187.1
436	187.15
436	186.5
442	186.1
444	186.6
438	186.3
434	186.1
439	185.4
447	185.9
444	187.2
435	187.05
433	187.9
442	186.25
445	187.25
438	187
429	187.5
432	185.7
442	185.4
444	186.4
436	186.5
430	186.6
437	186.45
443	188.2
438	186.7
428	187.85
427	186.25
437	185.7
443	187.65
435	186.55
427	186.9
432	186.05
438	185.9
434	186.45
425	186.9
426	185.9
438	185.1
440	188.3
431	188.85
422	187.85
424	186.75
435	185.05
437	186.15
429	187.25
423	187.2
428	186.8
432	185.6
430	186.1
424	186.95
425	186.1
432	185.45
431	187.9
422	187.35
420	186.35
428	185.95
435	185.3
429	187.05
416	187.2
417	185.65
432	184.6
435	185.3
423	187.4
412	187.35
420	185.7
434	184.65
429	186.7
414	188.05
412	186.7
426	184.8
433	186.2
423	187.15
409	186.85
415	185.5
429	185.05
428	186.35
415	186.85
409	186.4
419	185.2
427	184.8
423	186.35
415	186.6
412	186.45
416	185.65
421	185
423	186.05
417	186.2
409	186.2
413	185.4
423	185.6
421	185.95
408	187.3
407	185.75
420	185.15
422	186.1
412	186.85
406	186.7
410	185.65
417	184.75
420	185.75
413	186.25
404	186.45
408	186
419	184.9
417	185.6
405	186.65
404	185.75
411	184.65
417	184.8
415	185.9
404	186.55
401	185.55
413	184.8
416	185.4
408	186.75
401	186.05
402	185.25
411	184.55
415	185.25
405	186.3
397	185.8
405	184.9
412	185.05
412	185.85
402	186.25
395	185.6
406	185.1
411	184.6
407	185.7
399	185.95
395	185.25
405	184.8
410	185.15
404	185.95
396	185.85
396	185
406	184.95
408	185.65
400	186.3
394	185.6
394	184.75
405	184.6
406	185.6
398	186.5
392	185.55
393	184.85
405	184.55
404	185.2
397	185.6
390	186.2
392	184.55
403	184.1
402	185.2
395	185.7
387	186.05
393	184.5
401	184.2
401	184.95
392	185.6
385	185.25
392	184.15
401	184.15
399	185.05
388	186
385	185.1
390	184.8
400	184.55
396	185
388	186
382	185.6
391	184.35
397	184.05
396	185.05
386	186.15
382	185.5
389	184.4
397	184
392	185.05
383	186.55
380	184.7
389	184.2
395	184.15
392	184.85
382	186.1
379	185.05
385	183.9
394	183.8
390	185.5
381	185.55
377	185.05
385	183.7
393	183.9
389	185.25
380	185.4
375	186.1
383	184.8
389	184.1
389	185.1
378	185.35
374	184.9
379	184.05
387	184.25
387	185.05
378	185.25
373	184.95
376	184.2
385	183.5
386	184.9
378	185.15
372	185.1
374	183.95
383	184.4
385	184.1
378	184.95
370	185.25
371	184.6
381	183.4
384	184.5
377	185.15
369	185
368	184.5
376	183.65
382	184.15
379	184.7
370	185.35
365	184.65
372	183.45
380	183.2
379	184.4
371	185.6
364	185
368	183.95
377	183.4
378	183.8
372	184.85
364	185.2
363	184.15
371	183.75
377	183.75
373	184.5
365	185
361	184.4
368	183.55
376	183.45
374	184.05
365	184.95
360	186.5
364	183.7
372	183.05
374	183.7
366	186.15
358	184.9
360	185.6
369	182.8
373	183.4
367	185.05
359	184.75
356	183.9
364	183.2
371	183.65
368	184.4
359	184.8
354	184.65
361	183.1
369	182.8
368	184.05
360	186.55
353	184.55
356	183.4
364	183.05
368	183.65
362	184.85
353	184.75
352	183.75
358	183.1
366	184.3
363	183.95
355	185.6
349	184
355	184.1
362	183.2
363	183.4
357	185.5
350	184.7
349	183.25
357	183.75
362	183.45
360	185.75
353	184.6
346	184.35
350	183.3
357	183.6
361	183.2
356	184.2
345	183.85
346	183.75
352	182.65
359	182.7
357	184.6
350	184.6
343	184.65
347	183.95
353	182.55
358	183.25
353	184.1
343	184.95
341	184.1
349	182.35
354	183.05
355	184.4
347	185.05
342	185.5
339	185.3
347	183.25
355	183.45
352	183.6
342	185.7
337	183.65
344	183.6
350	182.45
352	182.9
347	184.75
338	185.15
338	184.4
343	183
347	183.2
350	183.4
342	185.3
336	183.65
338	184.1
342	183.7
346	182.6
348	182.55
339	186
332	183.95
337	182.4
345	181.5
345	182.15
342	185.1
334	184.15
330	184
340	181.95
348	181.65
337	183.75
328	185
330	183.85
339	183.75
347	182.9
338	184.45
330	185.35
327	183.45
331	182.15
339	183.8
343	182.95
336	183.25
328	185
327	183.1
330	183.25
336	181.3
342	183.4
338	184.3
327	184.2
321	183.35
327	182.05
336	181.15
336	181.8
331	182.8
327	183.25
324	183.45
325	182.15
329	182.3
334	181.95
335	182.5
331	183.3
324	184.25
322	184.15
329	183
336	182.3
332	183.8
323	185.05
318	185.4
323	183.15
330	183.15
334	182.8
329	184.45
321	184.1
317	186
318	184.25
323	182.45
327	181.75
325	182.45
321	182.65
318	184.4
321	181.9
326	182.2
329	183.3
326	183.95
319	184.9
312	183.9
313	182.75
325	181.45
331	181.95
325	183.55
315	184.8
308	184
313	182.55
324	181.85
328	183.1
322	184.75
312	184.6
306	184.4
312	182.35
319	182.05
319	182.3
319	183.05
318	184.7
312	183.5
307	183.3
313	182.2
320	183.45
316	182.85
311	183.6
310	183.6
307	182.85
313	182
317	183.95
314	185.1
312	183.25
309	183.45
304	184.55
309	182.2
314	184.15
318	183.95
314	185.8
302	185.15
301	183.5
307	181.95
316	181.6
313	182.7
305	184
302	184.55
301	183.1
304	183.5
310	181.9
312	182.05
307	183.25
304	185.1
299	183.2
300	182.1
307	181.7
310	182.1
307	182.9
304	184.95
299	183.45
297	183.2
302	182.85
306	181.95
310	182.5
304	184.8
298	184.35
295	185
296	183.85
303	181.7
305	182.15
306	183
299	183.5
295	185.35
293	184.4
297	182.35
301	181.9
305	182.3
301	183.45
295	185.4
292	183.45
292	182.65
296	183.2
302	182.65
302	183.3
298	183.9
291	184.6
290	183.35
292	182.25
296	183.15
301	182.35
298	183.45
293	185.1
288	183.4
287	182.5
293	183.3
296	183.1
298	182.8
294	183.4
288	183.55
285	183.75
288	182.15
292	181.75
295	183.65
294	182.8
291	184.35
285	184.1
285	183.45
286	182.95
290	182
293	183.6
292	183
288	183.45
283	184.35
283	183.7
284	182.8
289	182.15
291	183.2
288	183
284	184.3
279	184.45
280	182.6
285	182.45
288	181.7
289	182.7
285	183.8
281	183.7
277	183.45
277	182.5
283	182.5
288	181.75
286	183.55
282	183.75
276	183.5
277	183
279	183.1
282	182.1
285	182.9
282	183.35
277	183.8
275	183.9
274	183.25
276	181.75
281	181.8
283	183.3
278	183.8
275	184.15
272	183.6
272	182.8
274	182.55
279	182.8
282	182.7
276	183.3
272	183.95
271	184.7
271	184
273	182.8
277	182.1
278	182.8
275	183.85
268	185.6
266	183.65
271	183.65
274	182.45
276	182.1
272	183.3
270	185.05
270	185.1
267	183.85
266	183.15
269	183.1
273	182.85
274	183.3
271	184.9
265	183.95
260	184.2
263	183.05
268	183.5
271	183.2
273	183.15
269	184.4
264	184.7
259	184.15
260	183.4
265	182
268	183.65
270	184
267	183.75
264	184.55
260	184.45
258	183.8
261	183.3
264	182.85
266	182.85
265	183
262	184.2
259	184
258	183.65
257	183.75
260	182.8
264	182.85
265	182.75
263	184.1
259	184.5
255	184.45
255	183.8
256	183.85
261	183.1
263	183.3
261	184.3
257	185.15
253	185.55
252	185.75
254	183.45
257	183.45
260	183.25
260	183.85
257	185
253	185.7
251	184.8
250	185.25
251	183.6
254	183.1
257	183.6
256	184.35
253	185.25
249	186.1
246	183.8
249	184.65
253	183.6
256	183.6
255	183.75
252	186.15
249	186.4
246	184.5
245	183.9
246	183.15
250	184.3
253	184.15
252	185.65
248	186.6
245	184.55
242	184.1
243	183.4
248	184.85
251	183.75
249	185.9
244	185.5
239	185.9
239	185.05
244	183.65
247	183.15
247	183.85
243	184.4
241	184.95
241	184.8
239	185.25
238	184.85
243	183.1
247	183.7
243	184.55
237	185.4
236	184.8
238	185.25
238	184.75
240	183.55
243	183.65
240	184.75
236	185
235	185.2
234	185.85
234	185.4
237	183.75
239	184.7
239	185.3
238	185.9
235	185.5
230	185.3
230	184.7
232	184.1
234	184.85
237	183.75
238	185.25
234	186.3
232	185.45
231	185
227	186.3
228	185.25
230	183.9
233	183.35
235	184.3
233	184.5
230	185.25
229	185.2
225	185.1
226	185.1
227	185.35
230	183.75
231	183.65
231	184.2
230	185.15
226	185.9
224	185.75
223	185.45
223	184.85
224	184.35
228	184.65
229	184
228	185.75
225	185.3
222	185.3
222	185
221	184.65
221	184.15
223	184.3
227	185.2
226	185
225	185.05
221	185.5
219	185.25
218	184.95
218	184.45
220	185
222	183.75
224	184.7
223	185.35
221	185.45
217	186.6
216	185.8
215	185.5
215	184.95
218	184.05
219	183.95
221	184.45
220	186
218	185.55
215	186.2
213	185.1
212	184.75
212	184.2
215	184.55
217	185
218	184.5
217	186.05
214	185.35
212	185.5
210	185.7
209	186.05
210	184.6
213	183.75
214	183.85
215	185.1
214	184.9
211	185.25
210	185.85
208	186.55
206	185.2
207	184.8
209	185.2
210	184.35
212	184.3
211	184.75
209	186.5
206	185.8
205	185.3
204	186
204	185.5
205	184.1
207	184.45
209	185.5
209	186
207	185.75
205	185.55
202	186.8
201	185.7
202	185.9
202	185.55
204	185.05
206	184.55
206	184.95
204	186.25
203	185.75
200	185.65
199	185.25
198	186.25
198	185.85
200	184.15
202	185.4
203	184.6
203	185.1
201	186.1
198	187.15
196	185.6
196	185.2
195	185.1
196	184.45
198	185.5
199	184.2
200	184.7
200	185.25
197	185.8
195	186.1
193	187
192	185
192	184.45
193	185.65
194	184.35
196	184.4
197	184.85
196	185.35
194	185.85
192	185.6
190	186.55
189	185.15
189	184.55
190	185.15
192	184
193	185.75
193	186.2
193	186.6
192	185.4
189	185.65
187	185.9
185	185.1
186	186.25
187	184.65
189	184.15
189	184.2
190	185.55
190	185.95
189	185.35
187	185.9
185	185.5
183	185.55
182	186.2
182	185.7
184	185.65
185	183.95
187	184.55
187	184.95
187	185.45
184	187.1
183	185.8
181	186.1
179	185.4
179	184.95
180	185.75
182	185.45
183	184.45
184	186.1
184	186.5
182	186.65
180	186.95
178	185.75
177	186.4
176	185.45
177	185.55
178	184.35
179	184.3
179	184.45
180	186
180	186.5
179	185.7
178	185.9
176	186.25
175	185.7
174	185.25
173	185.1
173	184.7
174	184.25
176	184.7
177	185.65
177	186.2
175	185.75
174	185.85
172	187.2
170	186.5
169	185.6
170	185.6
171	184.5
172	185.65
173	184.7
173	185
172	186.45
172	186.85
171	185.85
169	186.3
166	186.6
166	186.25
166	185.75
166	185.45
166	185.3
168	184.9
169	185
170	185.8
169	185.75
168	186.15
167	186.65
165	186.3
163	186.85
164	185.65
164	185.35
164	185.15
164	185
166	185.45
166	185.65
166	186.05
166	186.45
164	186.25
162	186.6
161	186.4
160	186.6
160	186.25
160	185.95
160	185.75
161	185.25
161	185.3
163	186.15
163	186.45
162	186.35
161	186.45
159	186.9
158	186.6
156	187.6
157	186
156	187.05
156	186.75
156	186.55
157	185.2
158	185.4
159	186
158	186.1
157	186.4
155	186.9
154	187
154	186.9
152	187.45
152	187.2
152	186.95
152	186.7
154	185.7
154	185.75
155	185.85
155	186.25
154	186.7
154	187
152	187.95
151	186.95
150	186.85
0	188.72
