Speed 1 (RPM)	Torque 1 (oz.in)
1795	2.247
1786	17.61
1786	18.05
1786	18.3
1786	18.41
1786	18.625
1786	18.71
1785	19.445
1785	19.49
1786	19.03
1785	19.705
1786	19.32
1785	19.965
1785	20.125
1786	19.54
1785	20.37
1785	20.45
1784	21.215
1785	20.64
1784	21.72
1783	22.91
1784	21.865
1784	22.2
1784	22.29
1783	23.63
1783	23.67
1783	23.765
1783	23.88
1782	25.29
1783	24.245
1782	25.515
1782	25.66
1782	25.815
1782	25.96
1781	26.85
1782	26.335
1781	27.14
1781	27.26
1780	28.51
1781	27.55
1780	28.835
1780	28.955
1780	29.15
1780	29.235
1780	29.45
1779	30.145
1780	29.79
1779	30.505
1779	30.735
1780	30.16
1779	31.04
1779	31.125
1778	31.91
1779	31.54
1778	32.285
1778	32.41
1779	31.905
1778	32.905
1778	32.96
1777	34.3
1777	34.455
1777	34.705
1777	34.82
1776	35.86
1776	35.98
1775	36.815
1776	36.38
1774	38.2
1775	37.765
1775	37.835
1774	38.685
1775	38.255
1773	39.885
1774	39.19
1773	40.2
1773	40.34
1773	40.645
1773	40.805
1773	40.925
1772	41.75
1772	41.92
1773	41.345
1772	42.335
1773	41.69
1771	43.925
1771	44.055
1771	44.27
1771	44.37
1771	44.705
1770	45.485
1771	44.925
1771	45.07
1770	46.025
1771	45.445
1770	46.47
1770	46.61
1770	46.75
1769	47.495
1769	47.765
1769	47.85
1767	50.875
1768	50.36
1768	50.455
1768	50.93
1767	51.615
1767	51.665
1767	51.795
1767	51.905
1767	51.985
1766	52.79
1766	53.085
1766	53.23
1766	53.29
1766	53.45
1766	53.565
1766	53.68
1765	54.615
1766	54
1764	56.15
1764	56.285
1764	56.395
1764	56.465
1764	56.76
1764	56.81
1763	57.71
1764	57.225
1762	58.77
1763	58.26
1762	59.07
1762	59.205
1761	61.385
1761	61.505
1761	61.625
1761	61.715
1761	61.82
1760	62.555
1761	62.15
1760	62.89
1760	63.07
1760	63.16
1760	63.255
1759	64.115
1760	63.63
1759	64.45
1759	64.725
1759	64.845
1758	65.72
1759	65.2
1758	65.98
1758	66.105
1758	66.255
1758	66.36
1757	67.715
1757	67.88
1756	68.93
1757	68.425
1757	68.545
1757	68.65
1756	69.635
1756	69.72
1756	69.79
1756	69.94
1756	70.15
1755	71.015
1756	70.53
1755	71.4
1755	71.52
1755	71.665
1755	71.795
1754	72.56
1754	72.755
1755	72.175
1754	73
1754	73.145
1754	73.26
1753	73.96
1753	74.535
1753	74.64
1752	75.64
1752	75.755
1753	75.005
1753	75.1
1752	76.11
1751	76.845
1752	76.385
1752	76.48
1751	77.245
1751	77.365
1752	76.795
1751	77.555
1750	78.475
1751	77.9
1751	78.035
1750	78.895
1750	79.01
1750	79.12
1750	79.17
1750	79.255
1749	80.105
1750	79.47
1750	79.625
1749	80.445
1749	80.67
1750	79.995
1749	80.815
1748	82.145
1749	81.035
1749	81.13
1749	81.205
1748	82.475
1748	82.635
1749	81.53
1748	82.81
1747	83.065
1747	83.2
1748	83.275
1747	83.49
1747	83.645
1747	83.88
1746	84.77
1747	84.19
1747	84.3
1746	85.165
1747	84.615
1745	86.185
1746	85.71
1745	86.495
1744	87.75
1745	86.785
1744	88.19
1745	87.16
1745	87.525
1744	88.775
1743	89.54
1744	89.085
1743	89.855
1743	89.985
1744	89.5
1743	90.295
1743	90.565
1743	90.715
1742	91.585
1742	91.74
1741	92.755
1742	92.195
1741	92.955
1740	94.33
1740	94.455
1740	94.555
1741	93.97
1740	94.74
1740	94.86
1740	95.045
1739	96.305
1739	96.5
1738	96.92
1738	97.045
1739	97.055
1738	97.43
1738	97.53
1738	97.83
1737	99
1737	99.15
1738	98.18
1737	99.3
1737	99.55
1736	100.25
1736	100.4
1737	99.95
1736	100.6
1736	100.75
1737	100.3
1736	101.05
1735	101.87
1735	102.17
1734	102.95
1734	103.4
1735	102.82
1734	103.6
1733	104.65
1734	103.95
1733	105
1734	104.2
1733	105.2
1733	105.35
1733	105.55
1732	106.3
1733	105.8
1732	106.6
1732	106.75
1733	106.25
1732	107
1732	107.35
1731	108.1
1731	108.3
1730	109.05
1731	108.65
1730	109.3
1730	109.45
1731	109
1730	109.65
1730	109.75
1730	109.95
1729	110.75
1730	110.3
1728	111.75
1729	111.3
1729	111.35
1729	111.7
1728	112.35
1728	112.6
1727	113.3
1728	112.8
1727	113.6
1727	113.75
1728	113.2
1726	114.65
1727	114.25
1726	114.8
1726	114.95
1726	115.1
1725	115.65
1725	115.8
1726	115.45
1726	115.75
1725	116.3
1725	116.4
1725	116.5
1724	117.25
1724	117.4
1724	117.75
1724	117.85
1723	118.35
1723	118.55
1724	118.25
1722	119.25
1723	118.9
1723	119
1723	119.2
1722	119.8
1722	119.9
1722	120
1722	120.15
1722	120.25
1722	120.35
1722	120.45
1722	120.7
1721	121.65
1720	121.85
1721	121.85
1720	122
1720	122.15
1721	122.15
1720	122.3
1720	122.55
1720	122.6
1720	122.7
1720	122.85
1719	123.75
1719	123.95
1718	124.5
1719	124.3
1718	124.95
1718	125.05
1718	125.15
1718	125.25
1718	125.3
1718	125.35
1718	125.6
1717	126.05
1717	126.2
1717	126.35
1717	126.4
1716	126.9
1716	127.05
1716	127.1
1716	127.25
1716	127.4
1715	128
1715	128.1
1716	127.7
1715	128.3
1716	127.9
1715	128.5
1715	128.55
1715	128.8
1714	129.3
1715	129.1
1714	129.6
1714	129.85
1713	130.45
1713	130.6
1713	130.7
1713	130.85
1714	130.35
1713	131
1713	131.2
1713	131.35
1712	131.9
1712	132.15
1712	132.2
1712	132.3
1711	133.35
1711	133.45
1711	133.65
1712	132.8
1711	133.95
1711	134.05
1710	134.25
1711	134.4
1710	134.5
1709	135.3
1709	135.55
1710	135
1709	135.75
1709	135.8
1709	135.9
1709	135.95
1709	136.25
1708	136.35
1708	136.55
1709	136.55
1707	137.4
1708	136.9
1707	137.6
1707	137.7
1707	137.75
1707	137.9
1707	137.95
1706	138.4
1707	138.15
1707	138.25
1706	138.75
1706	138.85
1705	139.25
1706	139.05
1705	139.35
1705	139.45
1706	139.3
1705	139.6
1706	139.5
1705	139.85
1705	140
1704	140.35
1704	140.55
1704	140.6
1704	140.65
1704	140.85
1703	141.6
1703	141.7
1703	141.8
1703	141.9
1702	142
1703	142.05
1702	142.1
1703	142.2
1702	142.25
1702	142.35
1702	142.4
1701	143
1702	142.55
1702	142.6
1700	143.55
1701	143.35
1700	143.75
1701	143.45
1701	143.45
1700	143.85
1700	143.95
1699	144.3
1700	144.15
1700	144.3
1699	144.65
1699	144.75
1699	144.85
1698	145.1
1699	144.9
1698	145.2
1699	145.05
1698	145.35
1698	145.4
1697	145.9
1697	146
1698	145.7
1697	146.2
1697	146.2
1696	146.55
1697	146.35
1697	146.35
1696	146.7
1697	146.5
1695	147.2
1696	146.95
1695	147.3
1696	147.05
1695	147.4
1695	147.45
1696	147.25
1694	148.2
1695	147.7
1694	148.4
1694	148.45
1694	148.5
1694	148.55
1694	148.65
1693	149.25
1693	149.35
1693	149.4
1692	149.35
1692	149.45
1692	149.55
1693	149.7
1692	149.6
1692	149.65
1693	149.85
1691	150.15
1691	150.25
1692	149.9
1691	150.45
1690	150.85
1691	150.55
1691	150.55
1690	150.9
1691	150.6
1690	151.1
1690	151.15
1689	151.65
1689	151.75
1689	151.85
1690	151.4
1689	151.9
1690	151.5
1689	152
1688	152.4
1688	152.5
1688	152.55
1688	152.6
1687	152.8
1688	152.7
1687	152.9
1688	152.85
1687	153.05
1687	153.15
1687	153.2
1686	153.65
1686	153.75
1686	153.75
1687	153.4
1686	153.8
1686	153.9
1685	154.5
1685	154.6
1685	154.65
1685	154.7
1685	154.75
1684	155.1
1685	154.85
1684	155.3
1683	155.55
1684	155.45
1684	155.5
1683	155.8
1683	155.8
1683	155.8
1684	155.65
1682	156.15
1683	156
1682	156.2
1682	156.25
1683	156.1
1682	156.35
1682	156.35
1683	156.2
1682	156.45
1682	156.55
1681	157
1681	157.15
1680	157.4
1681	157.25
1681	157.2
1681	157.3
1680	157.55
1680	157.6
1680	157.7
1679	158.25
1680	157.85
1680	157.9
1680	157.9
1679	158.4
1679	158.5
1679	158.55
1678	158.6
1678	158.7
1678	158.75
1678	158.8
1678	158.8
1678	158.9
1678	158.9
1677	159.4
1678	159.05
1677	159.5
1677	159.65
1676	159.95
1677	159.75
1676	160.05
1677	159.85
1676	160.2
1676	160.3
1675	160.65
1675	160.65
1675	160.75
1676	160.5
1675	160.85
1674	161.25
1674	161.3
1675	161.1
1674	161.35
1674	161.4
1674	161.45
1674	161.5
1674	161.6
1673	162.1
1673	162.15
1672	162.45
1673	162.25
1673	162.2
1673	162.35
1672	162.7
1672	162.75
1671	163.1
1672	162.85
1672	162.85
1672	162.95
1671	163.3
1671	163.4
1670	163.95
1671	163.5
1671	163.5
1670	164.1
1670	164.15
1670	164.2
1669	164.25
1669	164.35
1669	164.35
1670	164.45
1669	164.5
1668	164.8
1668	164.9
1668	164.95
1668	165
1668	165.05
1668	165.1
1668	165.1
1667	165.65
1667	165.7
1667	165.75
1666	165.9
1667	165.85
1666	166
1666	166.1
1665	166.5
1665	166.55
1665	166.55
1666	166.35
1664	167.2
1665	166.8
1664	167.25
1665	166.85
1664	167.35
1664	167.45
1664	167.55
1663	167.7
1664	167.7
1663	167.85
1663	167.9
1663	167.95
1662	168.35
1663	168.1
1662	168.5
1662	168.55
1662	168.7
1660	169.3
1661	168.9
1662	168.8
1660	169.45
1661	169.1
1660	169.6
1660	169.65
1660	169.7
1660	169.75
1659	170.05
1658	170.35
1659	170.2
1658	170.45
1658	170.5
1658	170.65
1657	171
1658	170.75
1657	171.1
1657	171.2
1657	171.3
1656	171.35
1657	171.4
1656	171.45
1656	171.55
1656	171.6
1655	172.05
1655	172.05
1656	171.75
1654	172.45
1654	172.55
1654	172.55
1654	172.6
1655	172.45
1654	172.65
1654	172.8
1653	173.25
1654	172.9
1653	173.3
1653	173.4
1652	173.6
1652	173.6
1652	173.6
1652	173.6
1651	173.95
1652	173.75
1650	174.3
1651	174.05
1652	173.85
1650	174.35
1651	174.2
1650	174.55
1650	174.55
1650	174.7
1650	174.8
1649	175.1
1649	175.3
1648	175.55
1648	175.65
1648	175.65
1647	175.9
1648	175.75
1647	176.05
1648	175.9
1647	176.1
1647	176.2
1646	176.7
1646	176.7
1646	176.7
1646	176.75
1646	176.8
1646	176.85
1645	177.1
1645	177.15
1645	177.2
1645	177.25
1645	177.35
1644	177.6
1645	177.45
1644	177.7
1644	177.75
1643	178.05
1643	178.1
1643	178.15
1643	178.2
1643	178.3
1642	178.5
1642	178.55
1643	178.45
1642	178.6
1642	178.75
1641	179.05
1640	179.1
1641	179.2
1640	179.2
1640	179.3
1640	179.35
1640	179.45
1639	179.9
1639	179.9
1640	179.6
1638	180.55
1638	180.6
1639	180.25
1638	180.65
1638	180.8
1637	180.75
1638	180.85
1637	180.9
1637	180.95
1637	181.05
1636	181.55
1636	181.5
1636	181.65
1635	182
1635	182.05
1636	181.8
1634	182.4
1634	182.5
1634	182.5
1634	182.6
1633	182.8
1633	182.8
1634	182.75
1632	183.15
1632	183.2
1633	183.05
1632	183.3
1632	183.4
1631	183.65
1631	183.65
1631	183.75
1630	184.2
1631	183.8
1631	183.85
1630	184.35
1630	184.4
1630	184.5
1630	184.5
1630	184.6
1629	185
1628	185.2
1629	185.1
1628	185.35
1628	185.4
1628	185.4
1628	185.45
1627	185.7
1628	185.55
1628	185.6
1626	185.95
1626	186.05
1626	186.05
1626	186.1
1626	186.15
1625	186.5
1626	186.3
1625	186.65
1624	186.75
1625	186.75
1624	186.9
1624	186.9
1624	187
1624	187
1623	187.3
1623	187.35
1623	187.35
1623	187.4
1622	187.85
1622	187.9
1621	188.1
1622	188
1620	188.45
1621	188.2
1621	188.2
1621	188.25
1621	188.35
1620	188.65
1620	188.7
1620	188.8
1619	189.1
1619	189.15
1618	189.3
1619	189.3
1618	189.35
1618	189.4
1618	189.5
1617	190
1618	189.5
1617	190.1
1616	190.3
1617	190.15
1616	190.4
1615	190.35
1616	190.45
1616	190.6
1615	190.55
1615	190.55
1615	190.7
1614	191.1
1614	191.15
1615	190.85
1613	191.3
1614	191.35
1614	191.45
1613	191.55
1613	191.65
1612	191.85
1612	191.85
1612	191.95
1612	192.05
1611	192.2
1611	192.25
1611	192.35
1610	192.7
1610	192.8
1610	192.8
1610	192.95
1609	193.05
1609	193.1
1609	193.2
1609	193.3
1608	193.65
1608	193.65
1608	193.8
1607	193.95
1608	193.85
1608	193.9
1607	194.1
1606	194.35
1606	194.45
1606	194.45
1606	194.45
1606	194.6
1605	194.65
1606	194.6
1605	194.85
1604	195.1
1605	194.9
1604	195.2
1604	195.2
1603	195.4
1604	195.35
1603	195.5
1602	195.75
1603	195.65
1602	195.8
1602	195.8
1602	195.95
1601	196.15
1601	196.15
1601	196.25
1601	196.3
1600	196.35
1600	196.45
1600	196.55
1599	196.65
1599	196.7
1600	196.65
1599	196.8
1598	197
1599	196.85
1599	197
1597	197.25
1597	197.3
1598	197.3
1597	197.35
1597	197.4
1596	197.6
1596	197.65
1596	197.65
1596	197.75
1596	197.8
1595	198.05
1595	198.2
1595	198.25
1594	198.3
1594	198.35
1595	198.4
1593	198.75
1593	198.75
1594	198.55
1592	198.9
1593	198.9
1593	198.95
1591	199.25
1591	199.25
1592	199.15
1591	199.4
1590	199.45
1591	199.4
1590	199.55
1590	199.6
1590	199.7
1589	199.9
1589	199.95
1588	200.05
1589	199.95
1589	200.05
1588	200.15
1587	200.45
1588	200.35
1587	200.55
1587	200.6
1587	200.7
1587	200.7
1586	200.75
1586	200.85
1586	200.9
1585	201.15
1586	200.95
1585	201.3
1584	201.4
1584	201.4
1584	201.45
1584	201.55
1583	201.8
1583	201.8
1583	201.8
1584	201.6
1583	201.85
1582	201.95
1582	202.05
1582	202.05
1582	202.1
1583	202.05
1582	202.1
1581	202.25
1582	202.2
1582	202.15
1581	202.25
1582	202.25
1582	202.2
1581	202.35
1581	202.4
1581	202.4
1581	202.4
1581	202.45
1580	202.8
1580	202.85
1581	202.5
1580	202.8
1580	202.9
1580	202.85
1579	203
1580	202.95
1579	203.05
1579	203.1
1579	203.15
1578	203.2
1579	203.25
1579	203.15
1578	203.25
1579	203.25
1578	203.3
1578	203.3
1579	203.3
1578	203.35
1577	203.55
1578	203.45
1578	203.4
1577	203.65
1577	203.75
1576	203.8
1576	203.85
1577	203.75
1576	203.85
1576	203.85
1577	203.8
1576	203.85
1576	203.9
1577	203.85
1576	203.95
1575	204.1
1576	204.05
1575	204.1
1575	204.15
1576	204.05
1575	204.2
1574	204.4
1575	204.3
1575	204.3
1574	204.4
1575	204.35
1575	204.35
1574	204.5
1574	204.55
1575	204.4
1574	204.5
1573	204.65
1574	204.65
1573	204.65
1573	204.65
1574	204.65
1574	204.65
1573	204.7
1573	204.8
1573	204.75
1572	204.85
1573	204.85
1573	204.8
1572	204.9
1572	205
1572	205
1571	205.1
1572	205
1572	205.05
1571	205.2
1571	205.25
1572	205.1
1571	205.2
1571	205.3
1571	205.3
1570	205.5
1571	205.35
1572	205.25
1570	205.55
1570	205.6
1571	205.45
1570	205.6
1570	205.65
1570	205.7
1569	205.75
1569	205.8
1570	205.75
1570	205.65
1569	205.8
1569	205.85
1568	205.95
1568	205.95
1569	205.85
1568	205.95
1569	205.95
1568	206
1568	206
1568	206.1
1568	206.05
1567	206.25
1568	206.15
1568	206.15
1567	206.3
1567	206.4
1567	206.35
1566	206.5
1567	206.45
1567	206.4
1566	206.6
1567	206.45
1566	206.55
1567	206.55
1566	206.65
1565	206.8
1565	206.85
1566	206.7
1565	206.85
1565	206.95
1565	206.9
1564	207.1
1565	207
1565	206.9
1565	207
1564	207.15
1564	207.15
1564	207.25
1564	207.25
1563	207.35
1563	207.45
1564	207.3
1563	207.4
1563	207.5
1563	207.45
1562	207.5
1563	207.55
1563	207.5
1562	207.6
1563	207.65
1562	207.65
1562	207.65
1563	207.7
1561	207.9
1561	208
1562	207.7
1561	207.95
1560	207.95
1561	207.95
1561	208.05
1560	208.1
1560	208.1
1560	208.2
1559	208.3
1559	208.35
1559	208.4
1558	208.6
1558	208.55
1558	208.6
1558	208.65
1557	208.7
1557	208.7
1558	208.75
1556	209
1556	209
1556	209.1
1556	209.15
1555	209.15
1556	209.15
1556	209.25
1554	209.55
1554	209.55
1554	209.65
1554	209.6
1553	209.65
1554	209.7
1553	209.7
1552	209.8
1553	209.8
1552	209.85
1552	209.85
1552	209.95
1551	210.15
1551	210.15
1552	210.05
1551	210.3
1550	210.4
1551	210.3
1550	210.5
1549	210.55
1550	210.6
1549	210.65
1549	210.6
1549	210.7
1549	210.8
1548	210.8
1548	210.9
1548	210.95
1547	211.05
1547	211.1
1547	211.2
1546	211.35
1546	211.35
1547	211.2
1545	211.5
1545	211.5
1545	211.6
1545	211.65
1544	211.8
1545	211.65
1544	211.95
1543	211.95
1544	211.95
1544	212.05
1543	212
1543	212.05
1542	212.2
1542	212.25
1542	212.25
1542	212.35
1541	212.55
1541	212.5
1541	212.55
1541	212.6
1540	212.65
1540	212.7
1540	212.75
1539	212.9
1538	212.9
1538	212.9
1539	212.9
1538	212.95
1538	213
1538	213.05
1538	213.15
1537	213.35
1537	213.35
1537	213.4
1536	213.45
1536	213.4
1536	213.5
1536	213.55
1535	213.65
1535	213.65
1535	213.75
1534	213.95
1534	213.95
1535	213.8
1533	213.95
1533	213.95
1533	214.05
1533	214.1
1532	214.25
1532	214.25
1532	214.35
1531	214.35
1531	214.35
1532	214.4
1530	214.55
1530	214.55
1531	214.55
1530	214.7
1529	214.8
1530	214.7
1529	214.9
1528	214.95
1529	214.9
1528	215.15
1528	215.05
1528	215.1
1528	215.15
1527	215.25
1527	215.2
1527	215.25
1526	215.5
1526	215.45
1527	215.35
1526	215.6
1525	215.6
1525	215.65
1525	215.7
1524	215.65
1524	215.65
1524	215.7
1523	215.85
1523	215.9
1524	215.8
1523	215.95
1522	216.05
1522	216.15
1522	216.25
1521	216.3
1522	216.2
1521	216.4
1520	216.35
1520	216.35
1521	216.45
1520	216.45
1519	216.5
1519	216.5
1519	216.6
1519	216.6
1518	216.65
1519	216.7
1517	216.85
1518	216.8
1517	216.9
1517	216.95
1516	216.9
1516	216.85
1517	216.95
1516	216.95
1516	216.95
1516	217
1515	217.35
1515	217.3
1515	217.4
1514	217.4
1514	217.35
1514	217.45
1513	217.5
1513	217.5
1514	217.5
1513	217.6
1512	217.7
1513	217.7
1512	217.75
1511	217.75
1512	217.8
1511	217.9
1511	217.85
1511	217.95
1510	218.1
1510	218.1
1510	218.2
1509	218.3
1509	218.3
1510	218.25
1508	218.3
1508	218.3
1509	218.4
1508	218.4
1508	218.4
1508	218.45
1507	218.75
1506	218.7
1507	218.75
1506	218.75
1506	218.75
1506	218.8
1505	218.95
1505	218.9
1505	218.9
1505	219
1504	219.05
1504	219.1
1504	219.2
1503	219.25
1503	219.25
1504	219.2
1502	219.15
1502	219.2
1502	219.2
1502	219.3
1501	219.4
1501	219.35
1501	219.45
1500	219.65
1501	219.45
1500	219.8
1500	219.8
1499	219.9
1499	219.9
1500	219.85
1498	220
1499	219.95
1498	220.15
1498	220.1
1497	220
1498	220.1
1497	220.05
1496	220.15
1497	220.1
1496	220.3
1496	220.2
1496	220.25
1496	220.35
1494	220.6
1494	220.6
1495	220.65
1494	220.65
1494	220.6
1494	220.7
1494	220.7
1493	220.8
1493	220.8
1493	220.85
1492	221
1492	220.95
1492	221.05
1491	220.9
1491	220.9
1491	220.9
1491	220.95
1490	220.9
1490	220.95
1490	221.05
1489	221.15
1489	221.1
1489	221.15
1489	221.2
1488	221.4
1489	221.25
1488	221.6
1486	221.7
1487	221.65
1486	221.75
1486	221.7
1486	221.65
1486	221.75
1485	221.95
1485	221.9
1486	221.8
1484	222.05
1485	222
1485	222.05
1484	222.15
1483	222.15
1484	222.15
1484	222.2
1483	222.2
1483	222.2
1482	222.35
1481	222.4
1482	222.3
1482	222.35
1481	222.4
1481	222.35
1481	222.45
1480	222.6
1480	222.65
1480	222.7
1480	222.7
1478	222.8
1479	222.65
1479	222.7
1478	222.9
1478	222.85
1478	222.9
1478	222.95
1477	222.8
1477	222.8
1477	222.9
1476	222.9
1476	222.9
1476	222.95
1475	222.967
1475	223.017
1475	223.117
1474	223.2
1474	223.2
1474	223.25
1474	223.2
1474	223.2
1474	223.3
1472	223.45
1472	223.4
1473	223.4
1471	223.5
1472	223.4
1472	223.45
1471	223.6
1471	223.55
1471	223.65
1470	223.55
1470	223.5
1471	223.6
1470	223.6
1469	223.6
1470	223.65
1468	223.8
1468	223.8
1469	223.7
1468	223.85
1467	223.9
1468	223.85
1467	223.95
1467	223.9
1467	223.9
1467	223.95
1466	223.95
1466	224.05
1465	224.2
1464	224.25
1465	224.15
1465	224.2
1464	224.25
1464	224.2
1465	224.25
1463	224.35
1463	224.35
1464	224.35
1462	224.5
1462	224.5
1462	224.6
1461	224.6
1461	224.55
1461	224.65
1461	224.6
1461	224.55
1461	224.6
1460	224.7
1460	224.7
1460	224.8
1459	224.65
1459	224.75
1459	224.7
1459	224.7
1460	224.9
1457	225.05
1457	225.05
1458	225.1
1457	225.1
1457	225.05
1457	225.1
1456	225
1456	225.05
1456	225.05
1455	225.15
1455	225.05
1456	225.1
1454	225.3
1454	225.3
1455	225.2
1454	225.35
1453	225.35
1454	225.35
1453	225.4
1452	225.5
1453	225.5
1452	225.55
1452	225.5
1452	225.55
1451	225.6
1451	225.55
1452	225.65
1450	225.75
1450	225.7
1451	225.65
1449	225.8
1449	225.75
1450	225.7
1449	225.8
1449	225.75
1449	225.85
1448	225.75
1448	225.75
1448	225.85
1447	225.85
1447	225.8
1447	225.9
1446	225.95
1446	225.9
1446	225.95
1445	226.15
1445	226.05
1445	226.1
1445	226.15
1445	226.05
1445	226.1
1444	226.25
1444	226.2
1444	226.3
1442	226.3
1442	226.25
1442	226.25
1442	226.25
1442	226.2
1441	226.35
1442	226.3
1441	226.45
1441	226.4
1441	226.45
1440	226.5
1440	226.5
1440	226.5
1439	226.55
1439	226.5
1438	226.5
1439	226.6
1438	226.55
1438	226.5
1438	226.55
1437	226.7
1437	226.7
1437	226.75
1436	226.8
1436	226.8
1436	226.9
1435	226.95
1435	226.85
1435	226.9
1434	226.95
1434	226.95
1434	227.05
1434	226.95
1434	227
1434	227.05
1433	227
1433	227
1433	227
1431	227.1
1432	227.15
1432	227.15
1431	227.1
1432	227.2
1431	227.25
1430	227.35
1430	227.35
1430	227.4
1429	227.2
1430	227.35
1430	227.45
1429	227.3
1429	227.35
1428	227.4
1427	227.4
1428	227.35
1427	227.4
1427	227.35
1427	227.35
1427	227.4
1426	227.45
1426	227.5
1426	227.55
1425	227.55
1426	227.55
1425	227.65
1424	227.7
1425	227.6
1424	227.75
1424	227.7
1424	227.75
1423	227.75
1423	227.7
1423	227.75
1422	227.9
1422	227.8
1423	227.75
1422	227.9
1420	227.8
1421	227.85
1420	227.9
1420	227.8
1420	227.8
1419	228
1419	227.9
1420	227.8
1419	228.05
1418	227.9
1418	227.9
1418	227.95
1417	227.95
1417	227.95
1417	228
1416	228
1417	227.95
1416	228.1
1416	228.05
1416	228.05
1416	228.15
1415	228.1
1416	228.1
1414	228.2
1414	228.2
1415	228.15
1414	228.3
1413	228.2
1413	228.2
1413	228.25
1412	228.4
1413	228.25
1413	228.25
1412	228.4
1412	228.4
1411	228.45
1410	228.5
1411	228.4
1410	228.55
1410	228.55
1410	228.55
1410	228.6
1409	228.55
1409	228.55
1408	228.65
1409	228.5
1409	228.6
1407	228.5
1407	228.5
1408	228.65
1407	228.55
1407	228.55
1407	228.6
1406	228.75
1405	228.85
1405	228.85
1405	228.75
1405	228.7
1405	228.75
1404	228.8
1404	228.8
1404	228.9
1403	228.8
1404	228.9
1403	228.9
1403	228.85
1403	228.9
1402	228.95
1402	228.85
1402	228.9
1401	228.9
1401	228.8
1401	228.85
1401	228.95
1400	228.95
1400	229
1400	229
1399	228.9
1399	228.95
1399	229
1398	229.1
1398	229.05
1397	229.1
1397	229
1397	229
1398	229.1
1396	229.15
1396	229.15
1397	229.15
1396	229.2
1396	229.2
1395	229.15
1395	229.1
1395	229.1
1395	229.2
1394	229.2
1394	229.2
1394	229.3
1393	229.3
1393	229.3
1393	229.35
1392	229.25
1393	229.35
1392	229.25
1392	229.3
1391	229.5
1391	229.55
1390	229.55
1390	229.55
1390	229.6
1390	229.5
1390	229.55
1389	229.55
1389	229.55
1389	229.6
1388	229.6
1388	229.6
1388	229.65
1387	229.65
1387	229.6
1388	229.65
1386	229.8
1386	229.75
1387	229.7
1386	229.8
1385	229.75
1386	229.85
1385	229.8
1384	229.85
1385	229.9
1384	229.85
1384	229.85
1384	229.9
1383	229.9
1383	229.9
1382	229.85
1382	229.8
1382	229.8
1382	229.85
1382	229.85
1382	229.9
1380	229.95
1381	229.9
1381	229.95
1380	229.95
1380	229.9
1380	229.95
1379	230
1378	230.05
1378	229.95
1379	229.95
1378	230.05
1377	229.9
1378	230.05
1377	230
1376	230.15
1376	230.1
1376	230.15
1376	230.05
1375	230.05
1376	230.15
1374	230.1
1375	230.1
1375	230.15
1374	230.1
1374	230.1
1374	230.15
1373	230.25
1372	230.2
1373	230.2
1372	230.25
1372	230.2
1372	230.25
1371	230.25
1371	230.25
1371	230.25
1370	230.2
1370	230.15
1371	230.25
1370	230.2
1369	230.3
1370	230.3
1368	230.35
1368	230.35
1368	230.35
1367	230.15
1368	230.3
1368	230.35
1367	230.2
1367	230.25
1366	230.35
1366	230.3
1366	230.3
1366	230.4
1365	230.35
1365	230.25
1365	230.35
1364	230.45
1364	230.45
1364	230.45
1363	230.45
1363	230.4
1363	230.5
1363	230.45
1362	230.35
1363	230.5
1361	230.4
1361	230.4
1361	230.4
1360	230.5
1360	230.5
1361	230.35
1360	230.45
1360	230.5
1359	230.5
1359	230.45
1358	230.5
1359	230.4
1359	230.45
1357	230.5
1357	230.5
1357	230.55
1356	230.45
1357	230.5
1356	230.5
1356	230.5
1356	230.5
1355	230.4
1355	230.3
1355	230.35
1354	230.75
1354	230.65
1355	230.4
1353	230.65
1353	230.65
1353	230.6
1352	230.6
1352	230.6
1353	230.65
1352	230.7
1351	230.7
1352	230.75
1351	230.7
1351	230.7
1351	230.75
1350	230.75
1350	230.8
1350	230.85
1349	230.7
1349	230.7
1349	230.8
1348	230.65
1348	230.65
1348	230.7
1347	230.75
1348	230.7
1347	230.85
1346	230.85
1346	230.8
1346	230.8
1345	230.75
1346	230.85
1345	230.75
1345	230.75
1346	230.85
1344	230.75
1344	230.8
1344	230.85
1343	230.95
1343	230.8
1343	230.8
1342	230.85
1342	230.75
1343	230.9
1341	230.9
1341	230.85
1342	230.85
1340	230.85
1341	230.8
1341	230.9
1339	230.9
1339	230.9
1339	230.95
1338	230.9
1338	230.8
1339	230.8
1338	230.8
1338	230.8
1338	230.9
1337	231.05
1337	231
1337	231.1
1336	231.1
1336	231.1
1336	231.1
1335	231
1335	230.9
1335	230.95
1334	230.95
1334	230.95
1334	231
1333	230.85
1333	230.85
1332	230.95
1333	230.85
1334	230.95
1332	231.05
1331	230.95
1332	231
1331	230.95
1331	230.9
1331	230.95
1331	231
1330	231
1330	231
1329	231.1
1329	231.05
1329	231.05
1329	231.05
1328	231.05
1329	231.05
1328	231.05
1328	231.1
1329	231.1
1328	231.1
1327	231.05
1327	231.1
1328	231.1
1327	231.05
1327	231.1
1328	231.1
1327	231.05
1326	230.95
1327	231.05
1327	231.05
1327	231
1326	231
1327	231.05
1326	231
1325	231.05
1326	231.05
1326	231
1325	231.1
1325	231.15
1326	231
1325	231.1
1325	231.1
1325	231.15
1325	231.1
1324	231
1324	231.1
1324	230.95
1324	230.95
1324	231
1324	231
1323	230.9
1323	230.9
1323	230.9
1323	230.85
1323	230.85
1323	230.95
1324	231
1323	230.95
1322	231.05
1323	231.05
1322	231.1
1322	231.1
1322	231.15
1323	231.05
1322	231.1
1321	231
1322	231.15
1322	231.15
1321	231
1321	231
1321	231
1321	230.95
1320	231
1321	231
1321	230.95
1320	230.95
1320	231.05
1321	230.95
1321	230.95
1320	230.95
1320	231
1320	231.1
1320	231.05
1319	231
1319	231.05
1320	231.1
1320	231.1
1319	231.1
1318	231.15
1319	231.2
1319	231.1
1318	231.1
1318	231.1
1318	231.15
1319	231.05
1318	231.1
1318	231.1
1318	231.15
1319	231.1
1318	231.1
1317	231.2
1318	231.15
1318	231.1
1317	231.2
1317	231.15
1317	231.25
1318	231.2
1317	231.25
1316	231.25
1316	231.35
1317	231.3
1316	231.3
1316	231.3
1316	231.3
1317	231.2
1316	231.2
1315	231.05
1316	231.3
1316	231.25
1315	231.05
1315	231.05
1315	231.1
1316	231.25
1315	231.1
1314	231.25
1315	231.2
1315	231.15
1314	231.3
1314	231.25
1315	231.15
1314	231.3
1314	231.15
1314	231.3
1312	231.15
1312	231.2
1312	231.25
1312	231.15
1313	231.2
1311	231.15
1311	231.2
1311	231.25
1311	231.2
1311	231.2
1310	231.25
1310	231.25
1309	231.25
1309	231.15
1309	231.15
1309	231.1
1309	231.1
1309	231.15
1308	231.2
1308	231.15
1307	231.25
1307	231.25
1307	231.35
1306	231.25
1307	231.25
1306	231.3
1306	231.25
1306	231.35
1305	231.15
1305	231.15
1305	231.2
1304	231.05
1305	231.1
1304	231.15
1304	231.15
1304	231.15
1303	231.15
1302	231.15
1302	231.2
1301	231.1
1302	231.2
1301	231.1
1301	231.1
1301	231.2
1301	231.15
1301	231.15
1300	231.2
1300	231.2
1300	231.3
1299	231.2
1299	231.2
1298	231.3
1298	231.2
1299	231.2
1298	231.25
1298	231.25
1297	231.25
1297	231.2
1298	231.3
1296	231.2
1297	231.25
1296	231.25
1296	231.2
1296	231.3
1295	231.4
1294	231.25
1295	231.4
1294	231.2
1294	231.25
1294	231.3
1293	231.2
1294	231.3
1292	231.3
1292	231.25
1293	231.3
1292	231.25
1292	231.35
1291	231.4
1291	231.3
1291	231.35
1290	231.35
1290	231.35
1290	231.4
1289	231.2
1290	231.35
1289	231.25
1289	231.25
1289	231.3
1288	231.35
1288	231.35
1287	231.3
1287	231.25
1287	231.3
1286	231.2
1287	231.2
1286	231.2
1286	231.15
1286	231.25
1285	231.25
1286	231.3
1285	231.3
1284	231.3
1285	231.25
1284	231.25
1284	231.25
1283	231.25
1283	231.15
1283	231.2
1282	231.1
1282	231.05
1282	231.1
1281	231.1
1282	231.05
1282	231.2
1280	231.15
1280	231.2
1280	231.2
1279	231.1
1279	231.05
1279	231.1
1278	231
1278	231.05
1277	231.15
1277	231.1
1278	231.05
1277	231.1
1277	231.15
1276	231.15
1276	231.15
1276	231.2
1275	231.05
1276	231.15
1275	231.15
1275	231.05
1275	231.1
1274	231.2
1274	231.15
1274	231.1
1274	231.2
1273	231.1
1273	231.2
1272	231.1
1272	231
1271	231
1271	230.9
1272	230.95
1271	231
1271	231
1271	231.05
1270	231.05
1270	231.05
1269	231.05
1269	230.95
1269	231.05
1268	231
1269	231.05
1268	231.1
1267	231.05
1268	231.05
1267	231.05
1267	231.05
1266	231.15
1266	231.05
1267	231.1
1265	231.05
1265	231
1265	231.05
1264	230.9
1265	230.95
1264	230.9
1264	230.85
1265	230.95
1263	231.05
1263	231.05
1263	231.1
1263	231.05
1262	231
1262	231
1262	230.95
1262	231
1261	230.95
1261	231.05
1260	230.95
1261	231.05
1260	230.95
1261	231.05
1260	230.95
1260	231
1259	231
1260	231
1259	231
1259	231.15
1258	231
1258	231.1
1258	231
1258	231
1257	230.85
1257	230.9
1257	230.8
1257	230.9
1256	230.75
1257	230.95
1256	230.75
1256	230.85
1255	230.8
1256	230.85
1255	230.8
1255	230.9
1254	230.8
1255	230.9
1254	230.8
1254	230.85
1253	230.85
1254	230.9
1253	230.9
1253	230.9
1252	230.8
1253	230.9
1252	230.8
1252	230.85
1252	230.75
1252	230.85
1251	230.85
1251	230.95
1250	230.85
1251	230.9
1250	230.75
1250	230.85
1249	230.75
1250	230.85
1249	230.75
1249	230.8
1248	230.8
1249	230.85
1248	230.8
1248	230.8
1247	230.8
1248	230.85
1247	230.8
1247	230.8
1246	230.8
1247	230.8
1245	230.75
1246	230.8
1245	230.7
1246	230.75
1245	230.7
1245	230.7
1244	230.8
1245	230.7
1244	230.8
1244	230.8
1243	230.7
1244	230.8
1243	230.7
1243	230.65
1242	230.6
1243	230.6
1242	230.55
1242	230.55
1241	230.6
1242	230.6
1241	230.6
1242	230.6
1240	230.6
1241	230.65
1240	230.6
1241	230.7
1239	230.55
1240	230.6
1239	230.55
1240	230.65
1239	230.6
1240	230.7
1238	230.6
1239	230.7
1238	230.55
1238	230.6
1237	230.55
1238	230.55
1237	230.55
1238	230.6
1237	230.55
1237	230.65
1236	230.65
1236	230.65
1235	230.55
1235	230.65
1235	230.5
1235	230.6
1234	230.5
1235	230.55
1234	230.5
1233	230.5
1234	230.6
1233	230.5
1233	230.5
1233	230.55
1232	230.45
1231	230.45
1232	230.45
1230	230.45
1231	230.4
1231	230.4
1230	230.45
1229	230.45
1230	230.4
1229	230.5
1229	230.5
1229	230.55
1228	230.5
1227	230.35
1227	230.25
1227	230.35
1227	230.25
1227	230.4
1226	230.35
1226	230.45
1225	230.4
1226	230.45
1225	230.35
1225	230.45
1224	230.4
1224	230.4
1224	230.35
1224	230.4
1224	230.3
1224	230.4
1223	230.3
1223	230.35
1223	230.3
1222	230.4
1222	230.35
1222	230.4
1222	230.4
1222	230.4
1222	230.4
1221	230.4
1220	230.3
1220	230.25
1220	230.2
1220	230.2
1220	230.15
1220	230.25
1219	230.2
1219	230.25
1219	230.3
1218	230.25
1219	230.25
1217	230.3
1217	230.25
1217	230.3
1217	230.3
1216	230.2
1217	230.3
1215	230.15
1216	230.2
1215	230.1
1214	230
1215	230.1
1214	230.05
1213	229.9
1213	229.9
1211	229.85
1211	229.6
1212	229.5
1211	229.45
1211	229.5
1212	229.55
1211	229.7
1211	229.8
1211	229.9
1210	229.95
1210	229.9
1210	229.95
1209	229.9
1209	229.85
1209	229.95
1208	229.8
1208	229.8
1208	229.85
1208	229.8
1207	229.9
1207	230
1206	229.8
1206	229.8
1206	229.8
1205	229.75
1206	229.7
1205	229.75
1205	229.7
1204	229.75
1204	229.7
1204	229.75
1204	229.7
1203	229.75
1203	229.65
1202	229.8
1202	229.75
1202	229.75
1202	229.7
1202	229.75
1202	229.7
1201	229.65
1201	229.6
1201	229.65
1200	229.75
1200	229.8
1200	229.75
1200	229.8
1200	229.75
1199	229.75
1199	229.7
1199	229.75
1198	229.65
1198	229.7
1198	229.6
1198	229.65
1197	229.6
1197	229.65
1197	229.6
1197	229.65
1196	229.55
1196	229.6
1196	229.5
1196	229.55
1196	229.5
1195	229.5
1196	229.6
1194	229.45
1195	229.45
1194	229.45
1194	229.4
1193	229.45
1194	229.35
1193	229.35
1194	229.35
1193	229.4
1193	229.4
1192	229.5
1193	229.45
1192	229.55
1192	229.6
1191	229.55
1191	229.6
1190	229.45
1191	229.55
1190	229.4
1191	229.6
1190	229.45
1190	229.55
1190	229.45
1190	229.55
1189	229.5
1189	229.6
1188	229.35
1189	229.6
1188	229.35
1188	229.45
1187	229.4
1188	229.4
1187	229.35
1187	229.45
1186	229.3
1186	229.4
1186	229.35
1186	229.4
1185	229.4
1185	229.45
1185	229.4
1185	229.5
1184	229.25
1184	229.3
1184	229.2
1183	229.35
1183	229.25
1183	229.3
1183	229.3
1182	229.25
1183	229.4
1181	229.25
1182	229.25
1181	229.3
1180	229.15
1181	229.3
1180	229.2
1180	229.2
1180	229.25
1179	229.1
1178	229.2
1179	229.15
1178	229.15
1178	229.15
1178	229.2
1177	229.1
1177	229.2
1176	229.15
1176	229.05
1176	229.1
1175	229
1176	229.1
1175	228.95
1175	229.1
1175	229
1174	229.1
1174	229.05
1174	229.1
1174	229.05
1173	229.1
1174	229
1173	229
1173	229
1172	228.9
1173	229.05
1172	228.9
1172	228.9
1171	228.95
1172	228.95
1171	228.9
1172	228.9
1171	228.9
1171	229.05
1170	229
1170	229.1
1169	228.95
1169	229
1168	228.85
1168	228.95
1168	228.8
1168	228.85
1168	228.8
1168	228.85
1168	228.85
1167	228.85
1167	228.85
1166	228.8
1167	228.8
1166	228.75
1166	228.75
1165	228.8
1166	228.7
1165	228.7
1165	228.75
1164	228.65
1165	228.75
1164	228.6
1165	228.75
1164	228.65
1164	228.7
1163	228.65
1164	228.7
1163	228.7
1163	228.75
1162	228.6
1162	228.7
1161	228.55
1161	228.55
1161	228.45
1161	228.55
1160	228.55
1160	228.6
1160	228.55
1160	228.6
1159	228.55
1159	228.6
1159	228.55
1159	228.6
1159	228.55
1158	228.5
1158	228.5
1157	228.5
1158	228.5
1157	228.45
1158	228.5
1157	228.45
1157	228.5
1156	228.35
1157	228.45
1156	228.3
1157	228.5
1155	228.4
1155	228.5
1155	228.45
1155	228.5
1154	228.45
1154	228.5
1154	228.45
1153	228.45
1154	228.4
1153	228.4
1153	228.4
1152	228.25
1153	228.45
1152	228.25
1153	228.4
1152	228.2
1152	228.3
1151	228.2
1151	228.2
1150	228.2
1151	228.25
1150	228.15
1150	228.2
1150	228.1
1150	228.2
1149	228
1149	228.1
1148	228.3
1149	228.05
1148	228.25
1149	228.05
1148	228.3
1147	228.35
1147	228.2
1146	228.25
1146	228.2
1146	228.15
1146	228.1
1146	228.1
1146	228.05
1145	228.1
1146	228.15
1145	228.15
1145	228.25
1144	227.9
1145	228.2
1144	227.85
1144	227.9
1143	227.825
1143	227.925
1143	227.825
1143	227.875
1142	227.95
1142	228.05
1142	227.95
1141	228.1
1141	228
1141	228
1142	227.95
1141	228
1141	228.15
1140	228
1140	228.05
1139	227.9
1139	228
1139	227.85
1139	227.9
1139	227.8
1139	227.9
1138	227.85
1138	227.95
1137	227.9
1137	227.9
1137	227.85
1137	227.9
1136	227.75
1136	227.8
1136	227.75
1136	227.75
1136	227.7
1135	227.7
1136	227.75
1134	227.75
1135	227.75
1134	227.75
1134	227.8
1133	227.7
1134	227.75
1133	227.7
1133	227.75
1133	227.7
1133	227.75
1132	227.7
1131	227.75
1132	227.7
1131	227.65
1132	227.65
1132	227.55
1132	227.7
1131	227.7
1131	227.8
1130	227.55
1130	227.65
1129	227.6
1129	227.65
1129	227.55
1129	227.55
1129	227.6
1128	227.5
1128	227.45
1127	227.55
1128	227.5
1127	227.5
1128	227.5
1127	227.45
1127	227.55
1126	227.4
1127	227.55
1126	227.45
1126	227.55
1125	227.55
1125	227.6
1125	227.5
1124	227.45
1125	227.45
1124	227.35
1125	227.45
1124	227.35
1124	227.45
1123	227.25
1123	227.35
1122	227.3
1122	227.4
1122	227.3
1122	227.35
1122	227.35
1121	227.3
1122	227.35
1121	227.25
1121	227.35
1120	227.25
1121	227.35
1119	227.2
1119	227.2
1119	227.1
1119	227.2
1119	227.1
1119	227.15
1119	227.1
1118	227.25
1119	227.2
1117	227.15
1118	227.3
1117	227.15
1116	227.1
1116	226.95
1116	227
1117	227.05
1116	227
1116	227.05
1115	227.1
1116	227.05
1115	227
1116	227
1115	227
1115	227.15
1114	227
1114	227.1
1113	227.05
1113	227.15
1113	227.05
1112	227.05
1113	227
1112	226.95
1112	226.95
1112	226.95
1112	226.95
1111	226.95
1112	227
1111	226.95
1111	227.05
1110	226.8
1110	226.85
1109	226.8
1109	226.8
1109	226.7
1109	226.65
1110	226.7
1109	226.7
1109	226.8
1108	226.65
1108	226.8
1108	226.7
1107	226.8
1107	226.7
1107	226.75
1107	226.7
1106	226.65
1107	226.7
1105	226.55
1106	226.6
1105	226.5
1106	226.55
1105	226.5
1105	226.6
1104	226.55
1105	226.6
1104	226.55
1104	226.65
1103	226.6
1102	226.6
1103	226.55
1102	226.45
1103	226.5
1102	226.45
1103	226.5
1101	226.35
1102	226.55
1101	226.4
1101	226.5
1101	226.45
1100	226.5
1100	226.45
1099	226.45
1100	226.45
1099	226.45
1100	226.45
1099	226.45
1099	226.45
1098	226.25
1098	226.35
1098	226.25
1097	226.45
1098	226.3
1097	226.4
1097	226.4
1097	226.35
1097	226.4
1096	226.3
1096	226.4
1095	226.3
1095	226.3
1095	226.25
1094	226.2
1095	226.2
1094	226.15
1095	226.25
1094	226.1
1094	226.25
1093	226.15
1093	226.25
1093	226.1
1092	226.15
1093	226.1
1092	226.1
1092	226.1
1091	225.85
1092	226.15
1091	225.8
1091	225.9
1090	225.8
1090	225.9
1090	225.8
1090	225.85
1090	225.8
1089	226.05
1090	225.85
1089	226.05
1089	226.1
1088	225.9
1089	226.05
1088	225.85
1087	225.95
1087	225.85
1087	225.85
1087	225.8
1087	225.8
1087	225.8
1086	225.75
1086	225.75
1085	225.75
1086	225.75
1085	225.75
1085	225.8
1084	225.65
1084	225.7
1084	225.65
1084	225.6
1085	225.7
1083	225.6
1084	225.7
1083	225.55
1083	225.65
1082	225.65
1082	225.7
1082	225.65
1081	225.55
1082	225.7
1081	225.55
1081	225.55
1080	225.45
1080	225.5
1080	225.4
1080	225.45
1080	225.35
1080	225.45
1078	225.35
1078	225.45
1078	225.35
1078	225.4
1078	225.35
1078	225.4
1078	225.4
1077	225.4
1077	225.45
1077	225.35
1077	225.4
1076	225.25
1076	225.35
1075	225.25
1075	225.3
1075	225.25
1075	225.3
1075	225.25
1074	225.35
1075	225.3
1074	225.3
1074	225.4
1073	225.3
1073	225.3
1073	225.2
1073	225.25
1072	225.15
1072	225.2
1072	225.2
1071	225.3
1072	225.2
1071	225.2
1072	225.2
1071	225.25
1071	225.3
1070	225.15
1070	225.2
1070	225.1
1069	225.15
1070	225.15
1068	225
1068	225.05
1068	224.9
1068	224.95
1068	224.95
1068	224.9
1068	224.95
1067	225.05
1068	225.05
1067	225.1
1067	225.2
1066	225.05
1065	225.05
1066	225
1065	224.9
1066	225
1066	224.9
1066	225.05
1064	225
1064	225.05
1064	225
1064	225
1064	225
1063	225
1064	225.05
1063	225
1063	225.05
1062	224.85
1062	224.95
1062	224.9
1061	224.8
1062	224.85
1061	224.7
1062	224.85
1061	224.7
1061	224.8
1060	224.9
1059	224.95
1060	224.95
1060	224.9
1060	224.95
1058	224.85
1058	224.9
1058	224.8
1058	224.8
1058	224.75
1058	224.7
1058	224.8
1057	224.75
1057	224.8
1057	224.7
1056	224.8
1056	224.7
1055	224.65
1056	224.75
1055	224.6
1056	224.75
1055	224.55
1055	224.65
1054	224.65
1054	224.7
1054	224.65
1053	224.65
1054	224.65
1053	224.55
1054	224.65
1053	224.6
1053	224.7
1052	224.65
1052	224.7
1052	224.65
1050	224.45
1051	224.5
1051	224.4
1051	224.45
1050	224.3
1050	224.45
1050	224.4
1050	224.35
1050	224.45
1049	224.45
1049	224.5
1048	224.25
1048	224.3
1048	224.25
1048	224.25
1048	224.3
1047	224.2
1047	224.3
1047	224.2
1047	224.3
1047	224.2
1046	224.25
1046	224.25
1045	224.25
1046	224.3
1045	224.25
1046	224.25
1045	224.25
1044	224.25
1044	224.2
1043	224.15
1043	224.1
1043	224
1044	224.05
1043	224
1043	224.1
1042	223.95
1042	224.05
1042	224
1041	224.1
1042	224
1041	224
1041	224.1
1041	223.95
1041	224.1
1040	223.95
1040	224.1
1039	223.95
1039	223.95
1040	224
1039	223.85
1039	223.95
1038	223.85
1038	223.9
1038	223.9
1038	223.85
1038	223.85
1037	223.8
1037	223.9
1036	223.85
1035	223.95
1036	223.75
1036	223.7
1036	223.8
1036	223.7
1035	223.9
1035	223.8
1034	223.7
1035	223.85
1034	223.7
1034	223.75
1033	223.7
1033	223.75
1033	223.7
1033	223.65
1033	223.65
1033	223.6
1032	223.7
1032	223.65
1031	223.65
1032	223.7
1031	223.55
1032	223.7
1030	223.55
1031	223.7
1030	223.55
1030	223.6
1030	223.6
1029	223.55
1030	223.65
1028	223.55
1028	223.6
1028	223.5
1028	223.55
1029	223.45
1028	223.55
1028	223.65
1027	223.55
1027	223.65
1027	223.55
1026	223.5
1027	223.55
1026	223.4
1026	223.5
1025	223.4
1025	223.45
1026	223.45
1025	223.4
1025	223.4
1025	223.45
1025	223.5
1025	223.4
1024	223.4
1024	223.45
1024	223.5
1024	223.4
1024	223.35
1023	223.5
1024	223.45
1023	223.45
1023	223.5
1023	223.5
1022	223.4
1023	223.5
1022	223.4
1022	223.4
1021	223.2
1021	223.25
1020	223.15
1021	223.15
1020	223.15
1020	223.25
1020	223.2
1019	223.15
1019	223.1
1019	223.1
1019	223.15
1018	223
1019	223.15
1018	223
1018	223.1
1018	223
1017	223.05
1017	223.15
1017	223.1
1016	223.05
1017	223.1
1016	223
1017	223.1
1015	223
1015	223.1
1015	223
1014	222.95
1015	223
1014	222.9
1014	222.95
1013	222.9
1013	223
1013	222.9
1013	222.9
1013	223
1013	222.95
1012	222.85
1012	222.9
1012	222.95
1012	222.85
1012	222.8
1012	222.9
1012	222.85
1011	222.75
1011	222.85
1011	222.85
1010	222.65
1010	222.65
1010	222.7
1010	222.6
1010	222.6
1011	222.75
1010	222.6
1010	222.6
1010	222.75
1009	222.75
1009	222.85
1008	222.7
1008	222.75
1008	222.75
1007	222.8
1007	222.85
1007	222.7
1007	222.75
1006	222.65
1007	222.75
1006	222.65
1006	222.7
1005	222.6
1005	222.65
1005	222.6
1004	222.4
1005	222.55
1004	222.35
1004	222.45
1003	222.35
1004	222.45
1003	222.4
1002	222.45
1003	222.4
1002	222.35
1003	222.45
1002	222.35
1001	222.5
1001	222.4
1001	222.4
1001	222.4
1001	222.4
1001	222.5
999	222.25
1000	222.4
999	222.2
999	222.2
1000	222.3
999	222.2
999	222.15
998	222.2
999	222.25
998	222.15
998	222.25
998	222.3
997	222.2
997	222.2
997	222.25
998	222.2
997	222.15
996	222.2
997	222.25
997	222.2
996	222.15
996	222.25
997	222.2
996	222.15
995	222.15
996	222.2
995	222.05
995	222.05
995	222.1
994	222.1
994	222.1
994	222.2
995	222.1
994	222.1
994	222.15
994	222.2
994	222.15
993	222
993	222.1
994	222.15
993	222
992	222
992	222.05
992	222.05
991	222
991	222.05
992	221.95
991	221.9
991	221.85
991	221.95
992	221.9
991	221.9
991	221.95
991	222.05
991	222
990	221.9
990	222
990	221.95
989	221.75
989	221.8
990	221.9
989	221.75
989	221.75
989	221.85
989	221.8
988	221.8
988	221.8
989	221.8
988	221.8
988	221.8
988	221.85
987	221.85
987	221.8
987	221.85
987	221.8
986	221.7
986	221.75
987	221.85
986	221.75
986	221.75
986	221.8
985	221.45
985	221.4
985	221.5
985	221.45
985	221.35
984	221.45
985	221.45
984	221.4
984	221.45
984	221.45
984	221.45
983	221.55
983	221.65
984	221.45
983	221.55
982	221.8
983	221.6
982	221.7
982	221.7
982	221.75
982	221.65
981	221.55
981	221.6
981	221.55
981	221.5
981	221.6
981	221.55
980	221.45
980	221.5
981	221.55
980	221.4
980	221.5
980	221.55
979	221.55
979	221.55
979	221.6
979	221.5
979	221.55
979	221.65
979	221.6
978	221.55
977	221.45
977	221.4
977	221.3
976	221.35
977	221.3
977	221.2
977	221.2
977	221.3
977	221.25
976	221.3
976	221.35
976	221.25
976	221.35
975	221.3
975	221.4
974	221.2
974	221.3
974	221.2
973	221.2
973	221.1
972	221.15
973	221.05
972	221.05
973	221.1
972	221.05
972	221.05
972	221.15
971	221.1
971	221.1
971	221.2
971	221.15
970	221.1
970	221.2
970	221.15
970	221.1
969	221
969	221.05
970	221.05
969	220.95
969	221
969	220.95
969	221
969	221
968	220.9
968	220.95
967	220.9
967	221
966	220.75
966	220.8
967	220.85
966	220.8
966	220.8
966	220.75
966	220.85
965	220.85
965	220.85
965	220.9
965	220.85
964	220.85
964	220.9
965	220.85
964	220.85
964	220.9
964	220.95
963	220.7
963	220.7
963	220.75
963	220.7
962	220.65
962	220.65
962	220.7
962	220.6
962	220.6
962	220.65
962	220.6
961	220.55
961	220.65
961	220.65
960	220.6
960	220.6
961	220.65
960	220.6
960	220.6
960	220.7
960	220.6
959	220.55
959	220.6
960	220.65
959	220.5
958	220.5
959	220.6
958	220.4
958	220.4
958	220.5
958	220.45
958	220.4
957	220.55
958	220.5
957	220.5
957	220.5
957	220.6
957	220.5
957	220.5
956	220.55
956	220.55
955	220.4
955	220.45
955	220.5
955	220.45
955	220.35
955	220.3
955	220.4
955	220.3
955	220.3
954	220.35
955	220.35
954	220.25
954	220.2
953	220.3
954	220.25
953	220.15
953	220.25
953	220.15
952	220.1
952	220.2
953	220.2
952	220.15
951	220.1
952	220.2
952	220.1
951	220
951	220.1
951	220.1
951	220.05
950	220.1
950	220.15
951	220.1
950	220.05
950	220.05
950	220.15
950	220.1
950	220.05
950	220.1
950	220.15
949	220.1
949	220.1
949	220.15
948	220.05
948	220
947	220.05
947	219.95
947	219.95
947	219.9
947	219.9
947	219.95
946	219.8
946	219.9
945	219.8
945	219.9
945	219.75
945	219.85
944	219.75
944	219.85
944	219.75
943	219.7
944	219.75
943	219.6
943	219.7
942	219.8
942	219.85
942	219.75
942	219.85
941	219.7
941	219.7
941	219.8
940	219.7
940	219.65
940	219.7
940	219.6
940	219.5
940	219.6
940	219.6
939	219.55
939	219.6
939	219.65
939	219.55
939	219.5
939	219.6
939	219.55
938	219.5
938	219.6
938	219.6
937	219.5
937	219.55
937	219.55
936	219.4
937	219.45
937	219.55
936	219.45
935	219.4
935	219.45
936	219.35
935	219.25
935	219.35
936	219.4
936	219.35
935	219.35
935	219.45
935	219.4
934	219.35
933	219.55
934	219.4
933	219.35
933	219.4
933	219.35
933	219.3
933	219.4
932	219.3
932	219.4
932	219.35
931	219.35
931	219.25
931	219.25
930	219.35
931	219.25
930	219.25
930	219.2
929	219.15
929	219.05
928	219.15
928	219.05
928	219.15
927	219.1
927	219.1
927	219.1
927	219
927	219.05
927	219.05
926	218.9
926	219.05
925	218.95
925	218.9
925	218.9
925	218.8
925	218.85
925	218.85
924	218.75
924	218.8
924	218.85
924	218.8
923	218.8
923	218.9
924	218.75
923	218.75
923	218.85
923	218.85
922	218.65
922	218.7
922	218.75
922	218.65
922	218.6
921	218.7
922	218.65
921	218.6
921	218.7
921	218.7
920	218.65
920	218.65
921	218.7
921	218.65
920	218.7
920	218.8
920	218.75
919	218.6
918	218.7
919	218.65
918	218.55
918	218.55
919	218.55
918	218.5
918	218.5
918	218.6
918	218.55
917	218.5
917	218.6
917	218.5
916	218.5
917	218.6
916	218.5
915	218.5
916	218.55
915	218.4
915	218.5
915	218.45
915	218.4
915	218.55
914	218.4
913	218.45
914	218.35
913	218.3
913	218.45
913	218.35
913	218.4
913	218.45
912	218.3
911	218.3
912	218.35
911	218.2
910	218.2
911	218.25
910	218.05
911	218.2
911	218.15
910	218.1
910	218.2
910	218.2
909	218.05
909	218.2
909	218.1
909	218.05
909	218.15
908	218
908	218.1
908	218.05
907	217.9
907	218
907	217.9
907	217.85
906	217.9
907	217.9
906	217.8
906	217.9
905	218
905	218.05
905	218
905	217.95
905	218
904	217.9
903	217.9
903	217.85
903	217.8
903	217.8
903	217.75
903	217.85
902	217.85
902	217.95
901	217.75
901	217.75
901	217.75
901	217.7
900	217.8
900	217.65
899	217.7
899	217.55
899	217.6
899	217.6
898	217.7
899	217.6
898	217.7
898	217.8
898	217.75
897	217.8
897	217.7
896	217.7
896	217.65
896	217.6
896	217.6
895	217.5
895	217.55
895	217.6
895	217.5
894	217.45
894	217.4
893	217.45
894	217.45
893	217.4
893	217.4
892	217.25
892	217.35
893	217.35
892	217.3
892	217.4
891	217.4
891	217.45
891	217.35
891	217.45
890	217.4
890	217.4
890	217.4
889	217.15
889	217.25
889	217.1
888	217.125
889	217.15
888	217.075
887	217.15
888	217.125
887	217.05
887	217.1
887	217.1
887	217.1
886	216.95
886	217.05
886	217
886	216.9
886	216.95
886	217.05
886	216.95
885	216.95
885	217.05
885	217
884	216.9
884	216.9
884	217
884	216.9
884	216.85
883	216.95
884	216.9
883	216.85
883	216.9
884	217
883	216.9
882	216.875
882	216.975
882	216.925
882	216.825
881	216.85
882	216.875
881	216.8
881	216.8
881	216.8
881	216.75
880	216.8
881	216.8
880	216.75
880	216.8
880	216.85
880	216.75
879	216.7
879	216.8
879	216.75
878	216.65
878	216.7
878	216.7
878	216.6
878	216.6
877	216.7
878	216.6
877	216.6
877	216.6
877	216.65
877	216.6
876	216.55
876	216.65
877	216.7
876	216.55
875	216.75
876	216.65
875	216.7
875	216.65
875	216.75
875	216.65
874	216.6
873	216.6
874	216.6
874	216.5
874	216.45
874	216.55
874	216.55
873	216.55
873	216.6
872	216.5
872	216.55
871	216.4
871	216.5
871	216.4
871	216.4
871	216.45
870	216.3
870	216.3
870	216.35
870	216.25
869	216.25
869	216.2
869	216.2
869	216.2
868	216.25
868	216.3
868	216.4
868	216.3
867	216.25
867	216.3
867	216.25
866	216.15
866	216.2
867	216.2
866	216.1
866	216.1
866	216.2
866	216.2
865	216.1
865	216.2
865	216.2
865	216.1
865	216.05
864	216.05
865	216.1
864	216
863	216
864	216.05
864	215.95
863	216
863	216.05
863	216
862	215.95
862	215.95
863	216.05
862	215.95
862	215.9
861	216
862	216
861	215.9
861	215.85
862	215.95
861	215.85
861	215.9
860	215.9
860	215.95
859	215.75
858	215.75
859	215.65
859	215.65
860	215.8
859	215.65
858	215.85
857	215.8
857	215.85
858	215.75
857	215.7
856	215.65
857	215.75
856	215.55
856	215.55
856	215.65
856	215.5
855	215.5
855	215.5
856	215.5
855	215.45
855	215.6
854	215.5
854	215.45
853	215.65
854	215.5
853	215.5
853	215.6
853	215.55
852	215.45
852	215.45
852	215.3
852	215.4
852	215.3
851	215.25
852	215.45
850	215.4
850	215.45
850	215.35
850	215.35
850	215.35
849	215.2
849	215.3
849	215.2
848	215.2
849	215.2
848	215.15
848	215.25
847	215.15
846	215.25
847	215.15
847	215.1
847	215.2
846	215.15
845	215.1
845	215.1
844	214.95
845	215
844	214.85
844	215
844	214.95
843	214.95
843	215
843	214.9
843	214.85
843	214.95
843	214.9
842	215
842	215.05
841	214.95
842	215.05
841	214.95
841	215.05
840	214.9
840	215
840	214.85
840	214.85
840	214.95
840	214.95
839	214.9
839	215.05
838	214.9
837	214.85
837	214.9
838	214.8
837	214.7
837	214.8
837	214.75
837	214.7
837	214.85
836	214.75
835	214.7
836	214.75
835	214.6
835	214.65
834	214.65
833	214.6
834	214.65
834	214.6
834	214.7
833	214.5
832	214.55
833	214.5
832	214.45
832	214.5
832	214.45
831	214.55
831	214.5
830	214.45
830	214.5
830	214.35
830	214.4
831	214.4
829	214.35
829	214.5
829	214.4
828	214.45
828	214.4
828	214.35
828	214.4
827	214.2
826	214.3
827	214.2
826	214.15
827	214.15
826	214.1
825	214.15
825	214.15
824	214.15
824	214.2
824	214.1
824	214.1
825	214.1
823	214.1
823	214.25
822	214
822	213.9
823	213.95
822	213.8
822	213.95
821	214
821	214
821	214.05
821	213.95
820	214.05
820	213.95
819	213.95
820	214.05
819	213.9
819	214
818	213.8
818	213.9
818	213.8
818	213.8
818	213.9
817	213.85
817	213.85
817	213.95
816	213.75
816	213.85
815	213.8
814	213.6
815	213.8
815	213.75
815	213.85
814	213.6
814	213.55
813	213.6
814	213.65
813	213.45
813	213.45
813	213.55
813	213.45
812	213.5
812	213.55
812	213.6
812	213.5
812	213.45
811	213.6
812	213.55
811	213.5
811	213.5
811	213.65
811	213.55
810	213.35
810	213.35
810	213.45
810	213.3
810	213.25
809	213.55
809	213.5
808	213.4
808	213.4
808	213.3
808	213.4
807	213.2
807	213.35
807	213.25
806	213.35
806	213.3
805	213.3
806	213.3
805	213.2
805	213.35
804	213.3
804	213.4
804	213.3
803	213.15
804	213.3
803	213.1
803	213.2
802	213.2
802	213.3
802	213.2
801	213.05
801	213.1
800	212.95
800	213.1
800	212.95
799	212.95
800	213
799	212.9
799	213
798	213
798	213.1
798	212.9
798	213
798	212.9
797	212.9
796	212.9
797	213.05
796	212.85
796	212.8
795	213.05
796	212.9
795	212.95
795	212.95
795	213.05
795	213
795	212.95
794	212.85
794	212.95
794	212.9
793	212.8
793	212.8
793	212.8
793	212.65
793	212.65
793	212.7
793	212.8
793	212.7
792	212.75
792	212.85
792	212.9
792	212.75
792	212.75
791	212.75
792	212.8
791	212.65
791	212.65
790	212.75
791	212.7
790	212.6
790	212.65
790	212.75
790	212.65
789	212.45
789	212.5
789	212.55
789	212.5
788	212.475
788	212.525
788	212.575
788	212.475
788	212.475
787	212.55
788	212.525
787	212.55
787	212.55
787	212.6
786	212.5
786	212.45
786	212.5
785	212.3
785	212.45
785	212.35
784	212.35
784	212.3
784	212.25
784	212.4
784	212.25
783	212.2
782	212.35
783	212.2
782	212.3
782	212.25
782	212.35
781	212.15
781	212.15
781	212.3
781	212.15
781	212.1
780	212.25
781	212.15
780	212.15
779	212.2
780	212.25
779	212.2
779	212.2
779	212.25
778	212.2
778	212.1
777	212.1
779	212.05
778	212.1
777	212
778	212.2
777	212.05
776	212.05
777	212.1
776	212
776	211.95
776	212.05
776	211.95
776	211.95
775	212.1
775	212
774	212
774	212.1
774	212
774	211.95
773	211.95
774	212
773	211.8
773	211.9
773	211.95
772	211.95
772	212
772	212.05
771	211.9
771	211.85
771	211.95
771	211.8
770	211.75
770	211.85
771	211.8
770	211.75
770	211.8
770	211.8
769	211.7
769	211.7
769	211.75
768	211.6
768	211.6
768	211.7
769	211.7
768	211.6
767	211.65
768	211.65
767	211.55
767	211.5
766	211.6
767	211.6
766	211.5
766	211.4
766	211.55
766	211.5
766	211.45
766	211.45
765	211.7
765	211.65
764	211.55
764	211.5
764	211.6
764	211.45
764	211.4
763	211.4
764	211.5
764	211.45
763	211.35
763	211.5
763	211.5
762	211.3
762	211.25
762	211.25
762	211.35
762	211.25
762	211.25
761	211.35
761	211.35
760	211.3
760	211.3
760	211.4
760	211.35
760	211.25
760	211.25
759	211.4
760	211.35
759	211.4
759	211.4
758	211.4
759	211.45
758	211.25
758	211.25
758	211.35
758	211.35
758	211.3
758	211.25
757	211.5
757	211.5
757	211.4
756	211.15
755	211.35
756	211.2
756	211.1
756	211.05
756	211.2
756	211.2
755	211.3
755	211.25
753	211.2
753	211.15
752	210.85
753	210.8
753	210.7
754	210.7
754	210.6
754	210.65
754	210.8
754	210.85
753	210.85
752	210.8
753	210.85
753	210.9
753	210.85
752	210.8
752	210.85
753	211
752	210.9
751	210.9
751	210.95
752	211
751	210.9
750	210.95
750	211
750	211.05
750	210.95
750	210.85
750	210.9
749	210.9
749	210.85
749	210.75
749	210.75
749	210.9
749	210.85
748	210.8
748	210.8
748	210.85
748	210.75
747	210.8
747	210.8
746	210.75
747	210.85
746	210.5
745	210.7
746	210.6
745	210.5
746	210.55
745	210.55
744	210.4
744	210.45
744	210.35
744	210.45
744	210.45
743	210.5
743	210.65
743	210.55
741	210.4
741	210.4
741	210.2
741	210.3
741	210.35
740	210.4
740	210.45
741	210.3
740	210.4
740	210.4
739	210.45
739	210.4
738	210.35
739	210.25
739	210.35
740	210.4
738	210.4
737	210.4
737	210.2
737	210.1
738	210.3
737	210.15
736	210.4
736	210.45
735	210.1
735	210.1
736	210.15
736	210.25
734	210.2
734	210.15
733	210.15
733	210.2
734	210.1
733	210.1
734	210
733	210.15
734	210.15
733	210.15
733	210.2
732	210.1
732	210.15
731	210.2
730	209.9
730	209.85
731	210.1
732	209.8
731	209.95
731	209.95
731	210.1
732	209.95
730	209.95
730	209.95
729	210.25
729	210.15
728	210
729	210
728	210
729	209.95
728	209.8
728	209.8
728	209.9
729	209.95
728	209.9
728	209.9
727	210.05
727	210.1
726	209.85
727	210.1
726	209.85
726	209.8
725	209.95
725	209.85
724	209.65
724	209.7
725	209.75
724	209.6
724	209.6
724	209.7
723	209.5
723	209.65
723	209.55
722	209.55
722	209.65
723	209.65
722	209.6
722	209.55
721	209.7
722	209.7
722	209.65
721	209.65
720	209.7
721	209.8
721	209.7
720	209.65
720	209.7
720	209.75
720	209.65
719	209.5
719	209.5
719	209.6
720	209.65
719	209.55
718	209.4
718	209.5
718	209.45
717	209.55
717	209.5
717	209.6
717	209.55
717	209.5
716	209.45
715	209.5
716	209.5
716	209.4
715	209.3
715	209.35
715	209.35
715	209.3
714	209.2
714	209.25
714	209.35
714	209.25
714	209.2
714	209.15
714	209.35
713	209.05
714	209.3
713	209.2
712	209.125
712	209.175
713	209.15
712	209.125
711	209.3
710	209.2
711	209.3
710	209
710	208.95
710	209
710	209
710	208.95
710	208.9
710	208.9
710	209
710	209
709	209.1
709	209.15
709	209.25
709	209.15
708	208.95
707	209.1
707	209.15
707	208.95
707	208.9
708	208.65
707	208.9
708	208.75
707	208.9
707	208.95
707	209.1
707	209.1
706	209.15
705	208.85
704	208.8
704	208.5
705	208.45
705	208.5
706	208.95
706	208.95
704	208.7
703	208.95
702	208.85
702	208.7
702	208.55
703	208.6
704	208.5
704	208.5
703	208.7
702	208.7
701	208.7
701	208.6
701	208.5
701	208.4
702	208.6
702	208.6
702	208.6
701	208.55
700	208.9
700	208.9
700	208.75
700	208.7
700	208.7
701	208.6
701	208.6
699	208.9
698	208.65
697	208.9
698	208.6
698	208.45
698	208.4
698	208.5
698	208.6
698	208.55
697	208.7
697	208.7
697	208.8
697	208.7
696	208.55
696	208.55
695	208.65
695	208.55
695	208.45
696	208.4
696	208.5
696	208.55
695	208.55
694	208.55
694	208.55
695	208.55
695	208.45
693	208.5
693	208.5
692	208.55
693	208.45
693	208.3
693	208.3
692	208.4
692	208.4
692	208.3
692	208.25
692	208.35
692	208.4
692	208.35
691	208.15
691	208.15
691	208.3
691	208.25
690	208.25
690	208.25
689	208.3
690	208.25
690	208.2
689	208.2
689	208.25
689	208.3
690	208.2
688	208.15
688	208.15
687	208.25
688	208.1
688	208.05
687	208.1
686	208.1
687	208.15
687	208.05
687	208
687	208.05
686	208.1
687	208.15
686	208.05
686	208
685	207.95
685	207.95
685	207.85
685	207.8
685	207.85
685	207.95
685	207.9
685	207.85
684	207.85
683	208.1
684	207.95
683	208
682	207.95
682	207.9
683	207.95
683	207.85
683	207.8
683	207.85
682	207.95
683	208
682	207.95
682	207.95
681	207.95
682	208.1
682	208
681	207.9
681	207.9
681	208
681	207.95
680	207.9
680	207.85
679	207.9
679	207.9
679	207.85
678	207.7
678	207.7
678	207.8
678	207.65
678	207.6
678	207.6
677	207.725
678	207.65
678	207.6
677	207.625
677	207.725
677	207.825
677	207.725
676	207.8
676	207.85
676	207.95
675	207.75
675	207.7
675	207.65
674	207.7
675	207.65
675	207.6
674	207.6
674	207.65
674	207.7
674	207.6
673	207.45
673	207.45
673	207.6
673	207.6
672	207.55
672	207.55
672	207.55
672	207.6
673	207.4
671	207.3
672	207.45
671	207.45
672	207.55
671	207.35
671	207.35
670	207.5
670	207.5
670	207.4
670	207.35
670	207.4
670	207.5
670	207.45
669	207.425
669	207.425
668	207.55
668	207.5
668	207.4
667	207.2
668	207.3
668	207.4
668	207.3
667	207.15
667	207.15
666	207.25
667	207.2
667	207.1
667	207.1
666	207.2
666	207.3
666	207.2
665	207
665	207
665	207.1
665	207.05
665	207
665	207
664	207.1
664	207.2
664	207.1
663	207
664	207.05
663	207.1
663	207.05
663	207
662	207.05
662	207.05
663	207.1
663	207
662	207.05
662	207.1
661	207.15
662	207.15
661	207
661	207
661	206.95
660	207.1
661	206.95
660	206.95
660	206.95
660	207.05
660	207.05
659	207
659	206.95
659	207
659	207.1
659	207
658	206.95
658	206.95
657	206.95
658	207.05
657	206.85
657	206.85
656	206.75
657	206.9
657	206.8
656	206.65
656	206.7
656	206.8
656	206.75
655	206.75
655	206.7
655	206.75
655	206.85
656	206.65
655	206.7
655	206.75
654	206.95
654	206.95
654	206.85
653	206.65
653	206.65
653	206.7
654	206.85
653	206.65
653	206.6
652	206.7
653	206.75
652	206.65
652	206.65
652	206.7
651	206.7
651	206.6
650	206.6
650	206.55
650	206.6
651	206.5
650	206.55
650	206.5
650	206.5
650	206.65
650	206.6
649	206.35
649	206.35
649	206.4
649	206.5
648	206.35
648	206.35
648	206.35
647	206.45
648	206.45
648	206.35
647	206.4
647	206.4
647	206.5
647	206.45
646	206.45
646	206.4
645	206.4
646	206.5
646	206.4
645	206.25
645	206.4
645	206.25
644	206.2
644	206.3
643	206.3
642	206.25
643	206.3
642	206.1
642	206.25
643	206.3
642	206.15
642	206.2
641	206.25
641	206.2
641	206.15
640	206.25
641	206.1
640	206.4
641	206.2
640	206.25
640	206.25
639	206.3
639	206.3
637	206
638	206.1
639	206.1
639	206.05
638	206
638	206.05
637	206.05
637	206.05
637	206
637	205.95
637	206
637	206.05
637	206
636	205.9
636	205.95
635	205.95
636	206
635	205.85
635	205.8
635	205.8
635	205.9
635	205.85
634	205.8
634	205.8
634	205.85
633	206.05
634	205.85
633	205.9
633	205.85
633	205.9
633	206
633	205.9
632	205.95
632	205.95
631	205.95
631	205.9
631	205.85
630	205.7
631	205.75
631	205.8
631	205.75
631	205.7
630	205.65
630	205.65
630	205.8
630	205.75
629	205.7
629	205.7
629	205.75
629	205.85
629	205.75
628	205.65
628	205.6
628	205.7
628	205.75
628	205.65
627	205.55
628	205.65
627	205.65
627	205.65
627	205.6
626	205.525
626	205.525
626	205.625
627	205.5
626	205.525
626	205.525
626	205.625
625	205.85
625	205.75
625	205.7
624	205.55
624	205.55
624	205.6
624	205.45
624	205.4
623	205.45
623	205.5
623	205.55
623	205.5
622	205.35
622	205.35
622	205.4
622	205.45
622	205.35
621	205.325
621	205.325
621	205.425
621	205.425
621	205.275
620	205.2
620	205.15
620	205.25
620	205.3
620	205.25
620	205.25
620	205.25
619	205.25
619	205.2
619	205.15
618	205.4
618	205.4
618	205.5
619	205.15
618	205.45
618	205.4
618	205.45
617	205.5
617	205.4
617	205.35
616	205.25
616	205.2
616	205.3
617	205.25
616	205.15
616	205.2
616	205.2
616	205.3
616	205.25
615	205.25
615	205.25
614	205.1
614	205.15
614	205.05
613	205
613	204.95
613	205
614	205.05
614	204.95
613	204.95
613	205
613	205.05
612	204.95
612	204.95
612	204.9
611	205.05
612	204.95
610	205
610	205.05
610	204.9
610	204.8
609	204.65
609	204.7
609	204.75
609	204.65
608	204.65
608	204.6
608	204.65
608	204.7
609	204.6
608	204.6
608	204.6
607	204.8
608	204.7
608	204.65
607	204.7
607	204.75
606	204.75
607	204.85
606	204.65
606	204.6
606	204.6
605	204.65
606	204.7
606	204.65
605	204.55
605	204.6
604	204.7
605	204.7
605	204.6
604	204.6
604	204.6
604	204.75
604	204.7
604	204.65
603	204.8
603	204.8
603	204.95
603	204.85
602	204.7
602	204.65
602	204.7
601	204.7
602	204.65
601	204.55
601	204.55
601	204.6
601	204.7
601	204.6
600	204.65
600	204.65
599	204.65
599	204.75
600	204.65
599	204.6
599	204.55
598	204.45
598	204.5
599	204.55
598	204.35
598	204.35
597	204.4
597	204.55
597	204.45
596	204.5
596	204.45
595	204.35
596	204.35
596	204.25
596	204.15
596	204.2
596	204.25
596	204.35
596	204.35
596	204.3
596	204.35
596	204.45
595	204.55
595	204.55
595	204.55
594	204.45
594	204.5
594	204.65
594	204.5
594	204.45
593	204.4
593	204.45
593	204.55
593	204.45
593	204.4
592	204.35
592	204.4
592	204.5
592	204.45
591	204.3
591	204.25
591	204.35
590	204.15
590	204.15
590	204.3
590	204.15
589	204.25
589	204.4
589	204.3
588	204.25
587	204.1
587	204.2
587	204.2
587	204.05
587	204.05
587	204.05
587	204.1
587	204.2
587	204.15
586	204.1
586	204.15
585	204.2
586	204.25
586	204.15
585	204.1
585	204.05
584	204.15
585	204.25
585	204.15
584	204.1
584	204.1
583	204
583	204.15
583	204
583	203.95
583	203.9
582	204
583	204.05
583	203.95
582	203.95
582	203.95
582	204
582	204.1
582	204
581	204
581	204
580	204.05
580	204.15
580	204.05
580	203.95
579	203.95
580	203.95
579	204.05
580	204
579	203.95
579	204
579	204
578	204
578	204
578	203.85
577	203.875
578	203.8
577	203.925
577	203.925
577	203.825
577	203.825
577	203.825
576	203.85
576	203.9
576	203.8
576	203.8
575	203.75
575	203.85
575	203.95
575	203.8
574	203.8
574	203.8
574	203.85
574	203.9
575	203.75
574	203.85
573	203.65
573	203.7
573	203.85
573	203.75
572	203.8
572	203.75
572	203.7
572	203.75
572	203.8
572	203.75
572	203.75
571	203.65
571	203.7
571	203.8
571	203.65
570	203.5
570	203.5
570	203.5
570	203.65
570	203.6
569	203.5
569	203.5
569	203.5
569	203.6
569	203.55
569	203.5
568	203.5
568	203.5
567	203.65
568	203.6
567	203.5
567	203.5
567	203.5
566	203.5
567	203.55
567	203.5
566	203.35
566	203.35
565	203.5
565	203.55
565	203.4
565	203.35
565	203.3
564	203.35
564	203.45
564	203.35
564	203.3
564	203.25
564	203.3
563	203.45
563	203.4
563	203.3
562	203.2
563	203.3
562	203.25
562	203.35
562	203.2
562	203.15
562	203.15
561	203.15
561	203.3
561	203.15
561	203.1
560	203.1
560	203.05
560	203.2
560	203.15
560	203.05
559	203.1
560	203.05
559	203.2
559	203.2
559	203.1
558	203.15
558	203.15
557	203.15
558	203.2
558	203.05
558	203.05
557	203
557	203.05
557	203.2
557	203.1
557	203.1
556	202.95
556	203.05
556	203.1
556	203
555	203.05
555	203.05
555	203.05
555	203.2
555	203.1
555	203.05
554	202.95
554	203
553	202.9
554	203.05
554	203
553	202.8
553	202.8
553	202.85
552	202.9
553	202.8
552	202.8
552	202.75
552	202.8
552	202.95
552	202.9
551	202.9
551	202.9
551	202.9
550	202.9
550	202.9
550	202.8
550	202.7
550	202.65
550	202.75
549	202.8
549	202.7
549	202.65
548	202.7
548	202.7
548	202.8
548	202.8
548	202.7
548	202.7
548	202.7
547	202.85
547	202.9
547	202.75
546	202.5
546	202.55
546	202.6
546	202.55
545	202.55
546	202.55
545	202.65
545	202.65
545	202.6
545	202.55
545	202.55
544	202.7
544	202.75
544	202.65
543	202.55
543	202.55
543	202.55
542	202.75
543	202.6
543	202.5
542	202.55
542	202.6
542	202.65
542	202.75
542	202.65
541	202.45
541	202.45
541	202.4
540	202.55
541	202.5
541	202.4
540	202.45
540	202.4
540	202.45
539	202.5
540	202.5
539	202.35
539	202.35
539	202.35
538	202.4
538	202.4
538	202.3
538	202.25
538	202.2
537	202.45
537	202.55
538	202.3
537	202.45
536	202.35
536	202.35
536	202.45
536	202.35
536	202.3
535	202.3
535	202.25
535	202.3
535	202.35
535	202.3
535	202.3
534	202.2
534	202.25
534	202.4
534	202.35
534	202.25
533	202.25
533	202.25
533	202.4
533	202.35
533	202.3
532	202.1
532	202.1
532	202.15
531	202.15
532	202.1
531	202
531	202
530	202.15
530	202.25
530	202.2
530	202.05
530	202.05
530	202.05
529	202.05
529	202
529	202
528	201.95
528	201.95
527	202.05
528	202.05
528	201.9
528	201.85
528	201.9
527	201.95
527	202.05
527	201.95
527	201.9
526	201.95
526	202
526	202.05
526	202
526	201.9
525	201.75
525	201.75
524	201.95
524	201.9
525	201.75
524	201.75
524	201.75
523	201.65
524	201.9
524	201.8
523	201.6
523	201.6
523	201.6
522	201.9
523	201.75
523	201.65
522	201.85
521	201.65
521	201.75
521	201.5
520	201.5
521	201.45
520	201.6
520	201.6
520	201.5
519	201.55
520	201.55
519	201.65
519	201.65
519	201.55
518	201.65
518	201.6
518	201.65
517	201.65
518	201.7
518	201.6
517	201.45
516	201.5
517	201.6
517	201.5
516	201.3
516	201.35
515	201.65
516	201.5
516	201.4
515	201.55
515	201.55
515	201.55
514	201.65
515	201.65
514	201.55
514	201.5
513	201.5
513	201.6
514	201.5
513	201.5
513	201.5
512	201.5
512	201.55
512	201.45
511	201.5
511	201.45
511	201.5
511	201.55
511	201.5
511	201.4
510	201.4
511	201.4
509	201.35
510	201.55
510	201.4
509	201.25
509	201.25
508	201.3
509	201.2
508	201.2
508	201.2
508	201.25
507	201.5
507	201.4
507	201.35
506	201.2
506	201.2
506	201.25
506	201.25
506	201.1
505	201.1
505	201.05
505	201.1
505	201.25
505	201.2
505	201.1
504	201.05
505	201.1
504	201.1
504	201.15
504	201
503	201.15
502	201.25
502	201.2
502	201.05
502	201
502	201
502	201.05
502	201.2
502	201.1
501	201.05
501	201.05
501	201
500	201.1
500	201.1
501	201.1
500	201
499	200.9
499	200.95
499	201.05
499	200.95
498	200.9
498	200.9
499	200.8
498	200.95
498	201.05
498	200.95
498	200.9
497	200.95
497	201
496	200.95
496	200.95
496	200.8
496	200.7
496	200.7
496	200.75
496	200.9
496	200.85
496	200.8
494	200.8
495	200.75
495	200.85
494	200.95
494	200.8
493	200.8
493	200.75
494	200.7
493	200.85
493	200.9
494	200.75
493	200.8
492	200.9
492	200.9
492	200.95
492	200.95
492	200.85
491	200.7
491	200.65
491	200.7
490	200.85
490	200.8
490	200.7
490	200.65
490	200.65
489	200.65
489	200.75
490	200.75
489	200.6
489	200.6
488	200.65
488	200.7
488	200.8
488	200.7
487	200.5
487	200.5
487	200.45
487	200.5
487	200.6
487	200.5
486	200.45
486	200.45
486	200.4
486	200.55
485	200.7
485	200.6
485	200.55
485	200.55
485	200.55
483	200.5
483	200.55
484	200.3
484	200.25
484	200.2
484	200.3
483	200.45
483	200.5
483	200.35
483	200.35
483	200.35
482	200.3
481	200.5
482	200.4
483	200.35
482	200.25
481	200.4
481	200.4
480	200.35
481	200.45
481	200.35
480	200.25
479	200.2
479	200.25
480	200.25
480	200.15
480	200.15
478	200.15
478	200.15
478	200.25
478	200.25
479	200.15
478	200.15
477	200.35
477	200.35
476	200.2
476	200.2
477	200.25
477	200.15
477	200.25
476	200.05
475	200.15
475	200.2
476	200.05
476	200
476	200
476	200.05
474	200.15
473	200.05
473	199.85
474	199.9
474	199.85
475	199.9
474	200.05
473	200
472	200
472	199.95
472	199.85
473	199.7
472	199.95
473	199.95
472	200
471	199.95
470	200.1
470	200.05
470	200.15
471	199.9
471	199.85
471	199.85
470	200.1
469	199.85
468	200.025
468	199.925
469	199.65
469	199.55
470	199.8
469	199.65
469	199.85
469	199.9
468	199.925
467	199.8
466	199.7
466	199.6
466	199.6
467	199.6
467	199.5
467	199.55
467	199.6
466	199.6
465	200
465	200
465	199.85
464	199.55
464	199.4
464	199.35
464	199.5
465	199.75
465	199.7
464	199.5
464	199.55
464	199.65
462	199.85
462	199.75
462	199.6
461	199.45
461	199.35
461	199.3
461	199.35
462	199.35
462	199.25
461	199.25
461	199.3
461	199.35
460	199.4
461	199.6
461	199.5
460	199.35
459	199.35
459	199.35
458	199.45
458	199.4
458	199.25
458	199.15
458	199.1
458	199.05
457	199.2
458	199.2
458	199.15
457	199.2
457	199.2
457	199.25
457	199.3
457	199.45
457	199.35
456	199.15
455	199.225
455	199.225
454	199.1
454	199.05
454	199.1
453	199
453	198.95
453	198.8
453	198.8
452	198.85
452	198.9
452	199
452	198.85
452	198.8
451	198.7
451	198.7
450	198.7
450	198.75
451	198.7
450	198.55
450	198.55
450	198.55
449	198.7
449	198.75
449	198.65
449	198.6
449	198.6
449	198.6
449	198.65
448	198.95
448	198.85
448	198.75
447	198.75
447	198.75
447	198.75
447	198.85
447	198.8
447	198.7
447	198.75
447	198.85
446	199.2
446	199.05
446	199.1
445	199.05
445	199.1
444	199.1
445	199.15
445	199.05
444	198.95
444	198.9
444	198.95
443	198.7
443	198.7
443	198.6
442	198.6
442	198.55
442	198.5
441	198.95
441	199
441	198.8
441	198.75
441	198.7
441	198.7
440	198.6
440	198.75
441	198.9
441	198.8
440	198.65
440	198.7
440	198.8
439	198.9
439	198.7
437	198.6
436	198.4
437	198.5
438	198.3
438	198.35
438	198.4
437	198.55
436	198.55
436	198.6
436	198.5
435	198.375
435	198.325
435	198.225
434	198.4
434	198.4
435	198.225
435	198.125
435	198.175
435	198.275
435	198.375
433	198.725
433	198.675
432	198.4
431	198.3
431	198.2
432	198.05
432	198.05
433	198.225
433	198.225
433	198.275
432	198.25
431	198.35
430	198.3
429	198.35
429	198.2
430	198.05
430	198
431	198.05
431	198.1
430	198.25
429	198.3
428	198.5
427	198.3
427	198.25
428	198.15
429	197.9
429	198.05
429	198.05
428	198.35
426	198.1
426	198.05
426	198
426	198.05
427	198.2
427	198.15
426	198
425	198.1
424	198.05
424	197.95
424	198
426	197.85
426	197.8
425	197.9
424	197.95
423	198
422	198
423	198.05
424	197.9
424	197.8
423	197.85
422	197.85
421	197.95
421	198
422	197.85
423	197.8
421	197.8
420	197.85
419	197.75
419	197.75
420	197.7
421	197.5
421	197.5
420	197.55
420	197.6
420	197.65
420	197.8
420	197.85
419	197.8
418	197.65
418	197.6
418	197.55
418	197.55
418	197.65
418	197.6
417	197.65
417	197.65
417	197.65
418	197.45
417	197.8
416	197.75
416	197.7
416	197.55
416	197.5
416	197.5
415	197.55
414	197.5
415	197.7
415	197.55
415	197.5
414	197.4
414	197.35
414	197.35
414	197.45
414	197.45
413	197.35
413	197.35
413	197.3
413	197.3
412	197.6
412	197.7
412	197.6
412	197.5
411	197.35
410	197.35
410	197.35
410	197.4
410	197.4
410	197.25
410	197.2
410	197.2
410	197.2
410	197.25
409	197.4
409	197.45
409	197.3
409	197.25
408	197.2
408	197.25
408	197.2
408	197.35
407	197.35
407	197.2
407	197.15
407	197.15
406	197
406	197.05
406	197.1
406	196.95
405	197.1
405	197.15
406	196.95
406	197
404	197.3
405	197.35
405	197.25
404	197.15
403	197.05
404	197.15
403	197.1
402	197.3
403	196.9
402	197.05
402	197.1
401	197.05
401	197.05
402	197.1
401	196.85
400	197
401	196.9
401	196.95
400	197.15
400	197.1
400	197
399	196.85
399	196.85
399	196.8
399	196.9
398	196.85
399	196.9
399	196.85
398	196.7
397	196.9
398	196.65
397	197
397	197.05
397	196.9
397	196.85
396	196.95
396	196.95
396	196.95
395	197
395	196.95
395	196.8
395	196.7
395	196.7
395	196.7
395	196.75
394	196.95
394	196.85
394	196.8
393	196.9
392	196.9
392	196.7
391	196.65
391	196.65
391	196.8
391	196.65
391	196.6
390	196.55
390	196.5
390	196.55
389	196.75
390	196.75
389	196.7
389	196.6
388	196.6
388	196.6
388	196.6
387	196.7
388	196.7
388	196.55
387	196.5
387	196.5
387	196.5
386	196.6
386	196.7
386	196.6
387	196.5
386	196.5
385	196.6
386	196.55
385	196.65
385	196.7
385	196.55
384	196.4
384	196.4
384	196.4
383	196.45
383	196.55
383	196.4
383	196.35
383	196.4
382	196.4
382	196.45
381	196.55
381	196.45
382	196.35
381	196.25
381	196.25
381	196.2
380	196.25
380	196.35
380	196.35
380	196.25
379	196.15
379	196.15
379	196.1
379	196.1
378	196.45
378	196.45
379	196.15
378	196.25
378	196.3
378	196.3
378	196.3
377	196.15
376	196.2
377	196.2
377	196.05
376	196
376	196
376	196
375	196.1
375	196.2
375	196.05
376	195.95
375	196
374	196.1
374	196.15
374	196.2
373	196.25
373	196.2
373	196
374	196.05
373	196
373	196
373	196
372	196.1
372	196.15
372	196.05
372	195.95
371	196
371	195.95
371	195.95
371	196
370	196.05
370	195.95
371	195.95
370	195.85
369	195.85
370	195.85
369	195.9
368	196
369	196
369	195.9
369	195.85
368	195.85
368	195.9
368	195.9
368	196.05
367	196
367	195.85
367	195.7
366	195.6
365	195.55
367	195.6
366	195.7
366	195.8
366	195.7
366	195.65
365	195.65
365	195.65
364	195.65
365	195.7
363	195.8
364	195.75
364	195.65
363	195.55
363	195.55
362	195.4
363	195.5
362	195.45
363	195.6
363	195.6
362	195.35
362	195.4
361	195.55
362	195.4
361	195.6
361	195.7
361	195.65
361	195.55
361	195.5
360	195.55
359	195.75
359	195.85
358	195.75
359	195.8
358	195.4
359	195.6
358	195.45
359	195.6
358	195.45
357	195.55
357	195.5
357	195.4
357	195.3
357	195.3
357	195.3
355	195.5
355	195.3
355	195.25
354	195.15
355	195.2
354	195.15
354	195.3
354	195.35
354	195.2
354	195.15
353	195.3
354	195.2
353	195.35
353	195.4
352	195.5
351	195.45
352	195.4
352	195.25
352	195.25
352	195.2
351	195.15
352	195.3
350	195.35
350	195.35
351	195.2
350	195.15
350	195.15
349	195.1
349	195.1
349	195.2
349	195.25
348	195.3
349	195.05
348	195.15
347	195.1
349	195
347	195.1
346	195.2
348	195.3
347	195.2
346	195.05
347	195.05
347	195.05
345	194.95
346	195.1
346	195.2
344	195.1
345	195.05
346	195
344	194.85
343	194.8
345	194.85
345	194.85
343	195
343	195
345	194.9
344	194.8
342	194.65
342	194.6
344	194.8
343	194.85
341	194.7
341	194.65
343	194.75
342	194.5
340	194.4
340	194.4
342	194.5
342	194.55
340	194.6
339	194.85
340	194.4
341	194.3
341	194.4
338	194.6
337	194.5
338	194.6
340	194.5
341	194.5
338	194.7
336	194.5
336	194.4
339	194.6
340	194.25
338	194.7
334	194.5
333	194.3
335	194.3
338	194.05
340	193.9
339	194.45
336	194.4
331	194.35
333	194.05
336	193.85
339	194.1
339	194.4
336	194.35
332	195.3
329	194.95
329	194.7
332	194.5
334	193.3
336	193.4
336	193.65
336	193.95
335	194.45
331	194.35
329	195.05
329	194.75
329	194.3
330	193.5
330	193.4
330	193.35
330	193.4
330	193.65
330	193.7
331	193.55
332	194.6
332	194.8
332	195
331	194.25
329	195.1
328	195.35
328	195.25
328	194.95
328	194.8
328	194.75
328	194.7
327	194.1
327	194.2
326	194.7
326	194.75
326	194.6
327	194.2
326	194.6
326	194.7
326	194.65
326	194.8
326	194.95
326	195
325	194.45
324	194.7
322	194.6
322	194.45
323	194.05
322	194.3
319	194.6
319	194.4
321	193.95
322	193.65
324	193.7
325	193.6
324	194.25
323	194.25
321	194.9
319	195.1
317	194.45
317	194.15
319	194.1
322	193.7
323	193.6
322	194.3
319	195.05
316	194.8
314	194.6
315	194.2
319	194.1
321	193.9
320	193.75
316	194.3
313	194.6
314	194.2
318	193.7
320	193.6
317	194
313	194.4
313	194.35
314	194
316	193.95
315	194.2
313	194.15
315	194.05
315	194.05
315	194.1
313	194.25
311	194.05
313	194.3
313	194.25
311	193.85
312	194
313	193.95
314	193.9
311	193.9
310	194.1
311	193.95
310	194.2
310	194.1
310	193.95
312	193.9
309	193.9
308	193.95
311	193.85
308	194
308	194.1
309	194.05
309	193.95
307	193.9
307	193.85
307	193.85
306	193.6
308	193.65
307	193.75
307	193.9
307	193.9
307	193.8
305	194
306	193.65
305	194
306	193.6
306	193.7
305	194.2
304	193.9
306	193.7
303	193.85
305	193.9
303	193.8
304	193.65
304	193.7
303	194
303	194
303	193.8
302	193.85
302	193.8
302	193.85
302	193.95
300	193.85
301	193.9
299	193.7
301	193.65
299	193.6
301	193.65
299	193.55
299	193.7
298	193.85
299	193.6
298	193.7
297	193.6
298	193.6
297	193.5
298	193.65
296	193.65
297	193.8
297	193.7
296	193.55
297	193.55
295	193.5
296	193.5
296	193.5
295	193.65
295	193.75
294	193.8
295	193.65
296	193.5
294	193.6
295	193.55
293	193.8
294	193.6
293	193.9
292	193.85
293	193.95
292	193.7
293	193.75
293	193.65
291	193.7
293	193.7
292	193.6
290	193.8
291	193.95
290	193.9
290	193.8
291	193.7
290	193.65
289	193.55
291	193.7
289	193.55
290	193.75
289	193.75
288	194.05
289	193.55
289	193.5
287	193.5
288	193.9
288	193.85
287	193.5
288	193.95
287	193.7
286	193.6
287	193.6
287	193.45
285	193.35
285	193.4
287	193.35
286	193.25
284	193.8
285	193.5
285	193.55
283	193.85
285	193.35
286	193.3
283	193.75
282	193.7
285	193.35
284	193.75
281	193.7
282	193.9
284	193.9
283	193.75
281	193.55
281	193.45
283	193.65
281	193.45
280	193.2
281	193.5
282	193.75
280	193.35
279	193.35
281	193.4
282	193.55
278	193.2
277	193.65
280	193.2
281	193.5
278	193.4
276	193.35
278	193.25
281	193.35
280	193.1
276	193.15
275	193.45
278	193
280	193.1
277	193.7
273	193.45
274	193.2
278	193
279	193.05
275	193.35
271	193.25
273	192.95
277	193.15
279	192.95
275	193.5
270	194.55
271	193.3
277	193.05
277	193.15
273	193.05
269	194.05
269	193.85
272	193.1
276	192.65
276	192.9
272	193.55
267	194.6
266	193.3
269	193.35
274	192.15
277	192.85
274	192.8
264	193.85
264	193.5
268	193.55
273	192.15
275	192.5
273	192.7
268	194.2
263	193.85
262	193.25
264	192.9
267	193.55
271	192.25
273	192.25
272	193.05
268	194.2
263	193.95
261	193.6
262	193.05
264	192.7
266	192.55
267	193.6
269	193.3
270	193.75
269	193.8
266	193.6
263	193.95
260	194.8
261	193.35
261	193.05
262	192.85
262	192.8
262	192.65
262	192.6
263	192.8
263	192.85
264	192.75
265	192.75
266	193.1
265	193.4
263	194.05
261	194.1
260	195.15
259	194.85
259	194.6
259	194.4
259	194.25
259	194.2
259	194.1
258	194.1
257	194.45
257	194.45
257	194.35
257	194.2
257	194.1
256	194
256	193.9
256	193.85
256	193.8
256	193.9
256	194
256	194.15
256	194.1
256	194.1
256	194.05
256	194.1
256	194.2
256	194.25
256	194.35
256	194.45
255	193.9
255	194.1
255	194.1
256	194.75
256	194.75
255	194.15
255	194.2
254	194.25
255	194.3
255	194.35
254	194.45
253	194.7
253	194.8
253	194.75
252	194.6
251	194.5
249	194.4
247	194.8
247	194.5
248	194
250	193.3
251	193.55
253	193.8
253	194.05
252	194.3
251	194.5
249	194.75
247	195.35
245	194.85
244	194.5
244	194.3
245	194.05
249	193.75
252	193.7
252	194
250	194.3
246	195.15
243	195.1
240	195.15
241	194.5
245	193.95
249	193.65
250	193.8
249	194.4
246	195.15
242	195.35
239	195.25
238	194.7
242	194.3
247	194.25
249	193.9
246	194.85
240	195.45
235	195.55
236	195.2
242	194.35
247	194.25
246	194.45
240	195.1
234	195.4
235	194.85
242	194.3
246	194.25
242	194.85
236	195.5
234	195.4
239	194.75
243	194.15
242	194.5
237	194.8
234	195.05
237	194.6
241	194.35
238	194.65
234	195.25
234	195.25
238	194.7
240	194.7
237	194.8
233	195.15
235	194.9
237	194.65
233	194.95
233	195
235	194.85
236	195.1
233	195.1
232	195
235	194.7
235	194.75
231	195.05
231	195.05
234	194.85
234	194.8
231	195
231	195.15
233	195.05
232	195.1
230	195.05
231	195.1
232	194.95
229	194.95
229	194.9
232	194.9
230	194.9
228	195.35
230	195.05
230	195.1
228	195.5
229	195.05
231	195.1
227	195.15
226	195.2
228	195.25
226	195.05
229	194.8
228	195.25
225	195.25
227	195.3
227	195.25
225	195.25
227	195.15
226	195.15
224	195.2
226	195.2
225	195.15
224	195.15
226	195.15
224	195.3
223	195.55
225	195.4
223	195.45
224	195.3
224	195.25
222	195.2
223	195.4
222	195.15
222	195.15
223	195.35
221	195.4
221	195.5
221	195.5
220	195.65
222	195.25
220	195.5
220	195.5
219	195.45
218	195.3
219	195.3
219	195.2
220	195.3
219	195.4
218	195.5
219	195.6
217	195.6
219	195.45
217	195.45
218	195.35
216	195.3
216	195.25
217	195.4
216	195.2
217	195.45
215	195.4
216	195.5
215	195.45
216	195.35
215	195.3
216	195.3
214	195.4
214	195.35
214	195.3
214	195.25
214	195.3
213	195.45
212	195.6
212	195.65
212	195.5
212	195.35
212	195.3
212	195.35
211	195.45
211	195.45
210	195.15
212	195.25
211	195.4
210	195.3
209	195.5
210	195.45
209	195.4
210	195.25
209	195.25
209	195.3
208	195.35
208	195.3
208	195.25
208	195.2
208	195.2
207	195.25
207	195.4
206	195.55
207	195.3
207	195.2
207	195.2
205	195.3
204	195.35
204	195.25
204	195.15
205	194.95
205	195
205	195.1
204	195.4
203	195.6
204	195.35
203	195.45
204	195.3
203	195.45
202	195.2
202	195.2
202	195.2
202	195.1
203	195.3
201	195.3
201	195.45
200	195.5
200	195.5
202	195.25
201	195.35
200	195.3
200	195.3
199	195.4
199	195.4
200	195.2
199	195.3
198	195.3
198	195.5
197	195.6
197	195.5
197	195.35
198	195.15
197	195.25
197	195.3
197	195.35
196	195.2
195	195.25
196	195.1
196	195.2
195	195.35
194	195.6
194	195.6
194	195.5
195	195.35
195	195.35
193	195.3
193	195.35
193	195.35
193	195.25
192	195.1
193	195.25
193	195.3
192	195.35
191	195.8
192	195.45
191	195.7
191	195.6
192	195.2
191	195.6
189	195.35
188	195.25
188	195.1
189	194.95
190	195.1
191	195.25
190	195.45
188	195.35
187	195.45
187	195.45
188	195.25
189	195.15
189	195.15
187	195.2
186	195.25
185	195.1
186	195.1
186	195.05
187	195.05
186	195.15
186	195.3
186	195.45
186	195.45
185	195.2
184	195.15
184	195.1
184	195.1
183	195.25
183	195.2
183	195.2
183	195.15
183	195.15
183	195.2
182	195.3
182	195.4
182	195.45
182	195.35
182	195.3
182	195.25
181	195.4
180	195.2
179	195.45
179	195.35
180	195.1
180	195.1
181	195.3
180	195.2
179	195.6
178	195.35
178	195.35
178	195.25
179	195.45
179	195.4
178	195.1
177	195.2
176	195.15
176	195.1
177	195.1
177	195.05
176	195.05
175	194.9
174	195.1
174	195.15
174	195.05
175	194.9
176	194.95
177	195
175	194.9
174	195.05
172	195
172	194.95
172	194.85
173	194.7
173	194.65
173	194.75
173	194.85
172	195
172	195.05
171	195.05
171	194.95
170	195
170	194.85
170	194.75
171	194.7
170	194.85
169	194.9
169	194.9
169	194.85
170	194.85
170	194.95
168	195.1
167	195.3
167	195.3
167	195.15
168	194.9
169	194.8
167	195
165	194.95
164	195.05
165	194.8
165	194.7
165	194.55
166	194.6
166	194.7
166	194.85
163	195.3
164	195.1
164	194.95
164	194.9
163	195
163	195
162	194.95
162	194.9
162	194.85
163	194.9
163	194.95
163	195.1
163	195.25
161	195.25
160	195.25
160	195.15
160	195.05
161	195
161	194.85
160	194.85
160	194.9
159	194.6
158	194.65
158	194.55
158	194.45
159	194.4
159	194.45
158	194.55
157	194.65
157	194.75
157	194.8
157	194.7
157	194.65
156	194.85
156	194.8
156	194.8
155	194.8
155	194.75
155	194.8
155	194.75
155	194.8
155	194.85
155	194.95
153	194.9
153	195
152	195.2
152	195.15
153	194.85
153	194.7
153	194.6
152	194.75
152	194.8
151	194.95
150	195
151	194.85
151	194.85
151	194.85
151	194.95
151	195
0	194.49
