Speed 1 (RPM)	Torque 1 (oz.in)
1793	2.608
1767	56.835
1767	57.155
1766	58.15
1765	60.745
1765	61.05
1765	61.35
1762	67.04
1761	68.475
1761	68.75
1759	72.3
1759	72.615
1758	73.263
1756	77.275
1756	77.58
1755	79.405
1750	89.4
1750	89.765
1750	89.975
1746	96.055
1746	96.41
1746	96.74
1742	102.505
1742	102.86
1743	102.945
1739	108
1738	109.3
1738	109.6
1736	113.7
1735	114.4
1734	115.7
1732	118.9
1732	119.1
1731	120.6
1730	121.6
1730	121.8
1729	122.65
1730	122.45
1729	123.2
1726	126.6
1725	127.75
1726	127.15
1724	128.775
1724	129.025
1723	129.95
1723	130.35
1723	130.5
1722	131.2
1722	131.45
1721	132.375
1721	132.575
1720	133.45
1719	134.55
1719	134.75
1719	135.1
1718	134.9
1718	135.05
1716	136.95
1716	137.15
1716	137.4
1716	137.55
1716	137.75
1714	138.75
1714	138.95
1715	139
1714	139.4
1713	140.6
1712	140.85
1712	141.1
1712	141.55
1711	142.3
1710	142.675
1710	142.825
1710	143.075
1710	143.275
1710	143.475
1709	144.2
1708	144.8
1708	145.25
1707	145.7
1707	145.8
1705	147.35
1705	147.6
1705	147.8
1705	147.95
1704	148.275
1704	148.375
1703	149.15
1703	149.5
1703	149.7
1703	149.85
1701	150.925
1701	151.175
1700	151.95
1700	152.05
1699	152.4
1698	153.15
1698	153.35
1698	153.65
1697	154.2
1696	154.8
1696	154.95
1696	155.1
1695	155.8
1695	155.9
1694	156.4
1694	156.7
1694	156.95
1693	157.6
1692	158.35
1692	158.5
1692	158.7
1692	158.8
1692	158.95
1690	159.8
1689	160.6
1690	160.45
1689	160.85
1687	162.05
1687	162.25
1687	162.5
1686	162.95
1685	163.5
1685	163.6
1685	163.8
1685	163.95
1685	164.1
1684	164.75
1683	165.075
1680	167.05
1680	167.25
1680	167.4
1679	168.2
1678	168.625
1678	168.825
1678	168.925
1677	169.55
1676	169.825
1676	170.075
1676	170.325
1676	170.425
1675	170.7
1674	171.35
1673	171.75
1673	171.95
1673	172.05
1673	172.15
1671	173.3
1671	173.45
1671	173.6
1671	173.75
1670	174.05
1669	174.6
1669	174.65
1668	174.95
1667	176.35
1666	176.65
1665	176.9
1664	177.7
1664	177.85
1663	178.65
1664	178.1
1663	178.8
1662	178.65
1661	179.3
1662	178.85
1662	179.05
1661	179.8
1660	180.1
1660	180.2
1659	180.65
1660	180.5
1659	180.8
1658	181.45
1657	181.75
1656	182.2
1657	182.1
1656	182.45
1655	182.85
1655	182.95
1655	183.05
1655	183.25
1655	183.35
1654	184
1653	183.95
1652	184.6
1652	184.75
1651	185.1
1650	185.5
1650	185.55
1649	186.25
1650	185.9
1649	186.5
1648	186.75
1648	186.8
1648	187
1648	187.05
1647	187.5
1646	187.7
1646	187.75
1645	188.4
1644	188.95
1644	189
1643	189.167
1643	189.467
1643	189.517
1642	189.633
1642	189.733
1641	189.9
1641	190.15
1641	190.2
1640	190.65
1639	191
1638	191.3
1638	191.45
1637	191.85
1636	192.3
1636	192.4
1636	192.45
1636	192.65
1636	192.7
1635	192.95
1635	193
1634	193.3
1634	193.45
1634	193.6
1633	193.95
1631	194.5
1631	194.6
1631	194.7
1630	195.2
1630	195.3
1629	195.475
1629	195.575
1629	195.725
1628	195.85
1627	196.3
1626	196.8
1626	196.95
1626	197
1624	197.5
1624	197.55
1625	197.525
1625	197.575
1624	197.85
1623	198.2
1623	198.35
1622	198.55
1622	198.65
1621	198.9
1620	199.45
1619	199.4
1620	199.7
1619	199.65
1618	200
1618	200.05
1618	200.15
1618	200.35
1617	200.65
1615	200.9
1615	201
1615	201.15
1615	201.2
1614	201.65
1614	201.75
1613	201.875
1613	202.025
1613	202.175
1612	202.5
1611	202.75
1610	203.15
1610	203.2
1609	203.35
1608	203.7
1608	203.8
1609	203.65
1608	203.95
1607	204.25
1606	204.375
1606	204.475
1606	204.625
1606	204.675
1604	205.3
1604	205.35
1604	205.55
1604	205.55
1602	205.75
1602	205.8
1601	206.1
1601	206.2
1600	206.55
1600	206.6
1599	206.825
1599	206.925
1599	206.975
1598	207.2
1597	207.45
1596	207.75
1597	207.65
1596	207.9
1595	208.075
1594	208.3
1595	208.275
1595	208.275
1593	208.8
1592	208.925
1592	209.075
1591	209.45
1590	209.625
1590	209.675
1590	209.775
1590	209.825
1589	210.1
1588	210.225
1587	210.6
1587	210.65
1587	210.65
1586	210.825
1585	211
1586	211.025
1585	211.1
1584	211.55
1583	211.4
1583	211.55
1583	211.6
1582	212.05
1582	212.1
1581	212.35
1581	212.45
1581	212.55
1579	212.717
1578	212.95
1578	213.05
1578	213.1
1578	213.15
1577	213.45
1576	213.5
1576	213.65
1576	213.7
1575	213.8
1574	214.05
1574	214.2
1574	214.25
1573	214.5
1572	214.6
1572	214.7
1572	214.8
1571	215
1570	215.1
1570	215.15
1570	215.3
1570	215.3
1569	215.6
1567	215.8
1567	215.9
1566	216.15
1566	216.2
1565	216.35
1565	216.45
1565	216.5
1564	216.7
1563	216.9
1562	217.15
1562	217.3
1561	217.4
1561	217.4
1560	217.55
1560	217.65
1559	217.8
1559	217.85
1558	218
1558	218.15
1558	218.2
1557	218.3
1556	218.5
1555	218.7
1556	218.7
1555	218.85
1554	219
1554	219.05
1554	219.15
1553	219.35
1552	219.3
1551	219.6
1551	219.7
1551	219.75
1550	219.85
1549	220
1549	220.1
1549	220.15
1547	220.35
1547	220.35
1547	220.45
1547	220.5
1545	220.85
1545	220.85
1544	221.05
1545	220.95
1545	221.05
1544	221.15
1542	221.5
1542	221.55
1542	221.6
1541	221.675
1540	221.85
1540	221.9
1540	222
1539	222.05
1538	222.2
1538	222.25
1538	222.35
1537	222.4
1535	222.65
1535	222.7
1536	222.7
1535	222.8
1534	222.95
1533	223
1533	223.1
1533	223.1
1532	223.3
1531	223.5
1531	223.6
1531	223.6
1530	223.5
1529	223.85
1529	223.9
1529	224
1528	223.9
1527	224.1
1527	224.15
1526	224.225
1526	224.275
1525	224.5
1525	224.5
1524	224.575
1525	224.6
1524	224.675
1522	224.9
1522	224.9
1522	225
1522	225
1521	225.2
1520	225.15
1519	225.4
1519	225.5
1518	225.45
1518	225.45
1517	225.75
1517	225.8
1516	225.95
1515	225.9
1515	225.9
1515	226
1515	226
1514	226.15
1513	226.25
1513	226.35
1513	226.35
1512	226.45
1511	226.5
1511	226.7
1510	226.85
1509	226.875
1509	226.925
1508	227.1
1508	227.1
1507	227.15
1506	227.35
1506	227.4
1507	227.25
1505	227.4
1504	227.55
1504	227.6
1504	227.65
1504	227.7
1503	227.75
1502	227.85
1502	227.85
1502	227.9
1501	228
1500	228.2
1500	228.2
1500	228.3
1499	228.4
1498	228.45
1497	228.5
1497	228.6
1497	228.6
1496	228.7
1495	228.8
1495	228.9
1495	228.9
1494	229
1493	229.05
1493	229.05
1493	229.15
1492	229.15
1491	229.3
1490	229.325
1490	229.375
1491	229.35
1490	229.425
1488	229.5
1488	229.5
1489	229.55
1488	229.6
1487	229.7
1486	229.7
1486	229.8
1486	229.8
1485	229.9
1485	229.9
1484	229.95
1484	230
1484	230.05
1483	230.15
1482	230.15
1482	230.15
1482	230.25
1481	230.4
1480	230.35
1479	230.4
1480	230.45
1479	230.5
1477	230.65
1477	230.7
1478	230.6
1477	230.75
1475	230.8
1475	230.8
1475	230.85
1475	230.85
1474	230.95
1473	231
1473	231.05
1473	231.1
1473	231.1
1472	231.1
1471	231.2
1471	231.2
1471	231.25
1470	231.3
1469	231.45
1468	231.45
1468	231.55
1468	231.55
1467	231.6
1467	231.6
1466	231.7
1466	231.7
1465	231.75
1464	231.725
1464	231.725
1464	231.775
1464	231.825
1463	231.8
1462	231.9
1462	231.9
1462	231.95
1461	232.05
1460	232.05
1460	232.05
1459	232.2
1459	232.25
1458	232.325
1457	232.35
1457	232.4
1457	232.45
1457	232.5
1455	232.55
1455	232.55
1455	232.6
1455	232.65
1453	232.7
1452	232.7
1452	232.8
1453	232.75
1452	232.85
1451	232.95
1450	232.925
1451	233
1450	232.975
1449	233.1
1448	233.15
1448	233.25
1448	233.25
1447	233.2
1446	233.25
1446	233.3
1446	233.35
1446	233.35
1444	233.35
1443	233.4
1444	233.4
1444	233.45
1443	233.5
1442	233.475
1441	233.6
1442	233.575
1441	233.65
1440	233.7
1439	233.65
1439	233.7
1439	233.7
1437	233.8
1437	233.8
1437	233.9
1437	233.9
1436	233.95
1435	233.95
1434	233.95
1435	234
1434	234
1434	234
1432	234
1432	234.05
1433	234.05
1432	234.05
1431	234.15
1430	234.1
1430	234.2
1431	234.25
1429	234.25
1428	234.25
1428	234.3
1428	234.3
1427	234.3
1426	234.25
1425	234.2
1425	234.25
1426	234.25
1425	234.25
1424	234.25
1423	234.25
1424	234.3
1424	234.3
1422	234.35
1421	234.3
1421	234.35
1421	234.35
1420	234.45
1419	234.45
1419	234.5
1419	234.55
1418	234.65
1417	234.675
1417	234.625
1417	234.725
1416	234.75
1415	234.9
1415	234.9
1415	234.95
1415	234.95
1414	234.9
1413	234.95
1412	234.95
1412	235
1412	235
1411	235.05
1410	235.05
1410	235.05
1410	235.05
1409	235.15
1408	235.1
1407	235.1
1408	235.15
1408	235.15
1407	235.15
1406	235.15
1405	235.3
1406	235.2
1405	235.25
1404	235.25
1403	235.2
1403	235.25
1404	235.3
1403	235.3
1401	235.35
1401	235.35
1401	235.4
1401	235.4
1399	235.35
1398	235.4
1398	235.45
1398	235.45
1397	235.45
1397	235.45
1396	235.4
1396	235.45
1396	235.45
1395	235.4
1394	235.5
1394	235.55
1394	235.55
1393	235.525
1393	235.475
1392	235.5
1392	235.55
1392	235.55
1391	235.55
1390	235.55
1390	235.55
1390	235.6
1389	235.575
1388	235.6
1387	235.55
1387	235.6
1387	235.65
1386	235.7
1386	235.7
1385	235.6
1385	235.65
1385	235.65
1383	235.7
1383	235.7
1382	235.75
1383	235.75
1382	235.75
1381	235.8
1380	235.75
1380	235.8
1381	235.8
1380	235.8
1379	235.8
1378	235.8
1378	235.85
1377	235.9
1376	235.85
1376	235.8
1376	235.9
1375	235.95
1374	235.85
1374	235.85
1374	235.9
1374	235.9
1373	236
1372	236
1371	236
1371	236.05
1370	236.05
1370	236
1369	236
1369	236.05
1369	236.05
1367	236.1
1367	236.05
1367	236.1
1366	236.075
1365	236
1364	235.925
1364	235.975
1364	236.025
1364	236.025
1363	236.05
1362	235.95
1362	236.05
1362	236.05
1362	236
1360	236.05
1360	236.1
1360	236.1
1360	236.1
1358	236.05
1358	236.05
1358	236.1
1357	236.1
1356	236.15
1356	236.1
1355	236.125
1356	236.15
1355	236.125
1354	236.05
1353	236
1353	236.05
1354	236.1
1353	236.1
1351	236.1
1351	236.05
1351	236.1
1351	236.1
1349	236.15
1349	236.1
1348	236.075
1348	236.125
1348	236.125
1348	236.075
1347	236.15
1346	236.075
1346	236.125
1346	236.125
1345	236.15
1344	236.05
1344	236.05
1344	236.1
1344	236.1
1342	236.125
1342	236.125
1341	236.1
1341	236.1
1341	236.1
1340	236.15
1340	236.1
1339	236.15
1340	236.1
1338	236.1
1337	236.1
1337	236.1
1337	236.1
1336	236.15
1336	236.15
1334	236.05
1334	236.05
1335	236.1
1334	236.05
1333	236.075
1332	236
1332	236.05
1333	236.075
1332	236.05
1331	236
1330	235.95
1330	236
1330	236
1329	235.975
1328	235.95
1327	235.95
1327	236
1328	235.95
1327	236
1326	235.95
1325	235.85
1325	235.95
1325	235.95
1324	235.95
1323	235.95
1322	235.95
1323	235.95
1322	235.9
1321	235.9
1321	235.9
1321	235.9
1321	235.9
1320	235.85
1319	235.75
1318	235.75
1318	235.75
1318	235.8
1317	235.85
1316	235.75
1316	235.8
1316	235.85
1315	235.8
1314	235.8
1314	235.75
1313	235.75
1314	235.8
1313	235.75
1311	235.7
1311	235.7
1311	235.7
1310	235.7
1309	235.75
1309	235.7
1308	235.725
1309	235.7
1308	235.675
1307	235.65
1307	235.6
1307	235.65
1307	235.65
1305	235.65
1305	235.6
1304	235.575
1304	235.675
1304	235.675
1303	235.6
1302	235.6
1302	235.6
1302	235.65
1301	235.6
1300	235.6
1299	235.65
1299	235.65
1299	235.65
1298	235.65
1297	235.525
1297	235.575
1297	235.525
1296	235.6
1296	235.55
1295	235.45
1294	235.5
1295	235.5
1294	235.45
1293	235.375
1292	235.35
1292	235.4
1292	235.4
1291	235.35
1290	235.3
1290	235.35
1290	235.3
1288	235.35
1288	235.3
1287	235.325
1287	235.375
1287	235.375
1286	235.3
1285	235.3
1285	235.3
1285	235.3
1284	235.3
1283	235.2
1282	235.15
1282	235.2
1283	235.2
1282	235.15
1281	235.1
1280	235.1
1280	235.1
1279	235.1
1278	235.1
1278	235
1278	235.05
1278	235.05
1277	235
1276	235.025
1276	234.975
1275	235
1275	235
1274	234.95
1273	234.95
1273	235
1272	235
1272	234.95
1271	234.9
1270	234.95
1270	234.95
1270	234.9
1269	234.85
1268	234.85
1268	234.85
1268	234.9
1267	234.85
1266	234.8
1265	234.75
1265	234.75
1265	234.75
1265	234.7
1264	234.6
1263	234.55
1263	234.55
1263	234.6
1262	234.575
1261	234.55
1261	234.55
1261	234.55
1260	234.6
1259	234.5
1259	234.5
1258	234.6
1259	234.55
1257	234.525
1257	234.525
1256	234.5
1256	234.55
1256	234.55
1254	234.5
1254	234.45
1253	234.4
1253	234.45
1253	234.45
1252	234.35
1251	234.3
1251	234.3
1251	234.3
1251	234.3
1249	234.3
1248	234.25
1248	234.3
1248	234.25
1247	234.25
1246	234.2
1246	234.2
1246	234.2
1246	234.2
1245	234.15
1244	234.1
1244	234.15
1244	234.15
1243	234.15
1242	234.1
1241	234.05
1241	234.05
1241	234.05
1240	234.05
1239	233.9
1238	233.9
1238	233.95
1238	233.95
1237	233.9
1236	233.85
1236	233.85
1236	233.9
1235	233.9
1234	233.8
1233	233.75
1233	233.75
1233	233.75
1233	233.75
1232	233.6
1231	233.55
1231	233.6
1231	233.65
1230	233.65
1229	233.6
1228	233.55
1229	233.6
1228	233.6
1227	233.6
1226	233.525
1226	233.525
1227	233.55
1225	233.55
1224	233.475
1224	233.475
1223	233.45
1224	233.475
1222	233.45
1221	233.3
1221	233.25
1221	233.3
1221	233.3
1219	233.225
1219	233.175
1218	233.15
1218	233.15
1218	233.15
1217	233.2
1216	233.05
1216	233
1216	233.05
1216	233.05
1214	233.05
1214	233
1214	233
1214	233
1213	233.1
1212	233
1211	232.9
1211	232.95
1211	233
1210	232.95
1209	232.9
1208	232.85
1208	232.85
1208	232.85
1207	232.75
1206	232.7
1206	232.65
1206	232.65
1205	232.65
1204	232.575
1203	232.55
1203	232.55
1204	232.625
1202	232.575
1201	232.5
1201	232.45
1201	232.5
1200	232.5
1199	232.4
1198	232.4
1198	232.4
1198	232.4
1197	232.4
1196	232.3
1196	232.3
1196	232.3
1195	232.25
1194	232.175
1193	232.15
1193	232.15
1193	232.15
1193	232.15
1192	232.15
1191	232.1
1190	232.1
1191	232.15
1190	232.1
1189	232.075
1188	231.95
1188	231.95
1188	231.95
1187	231.875
1186	231.8
1185	231.85
1186	231.8
1185	231.85
1184	231.7
1183	231.65
1183	231.7
1183	231.7
1182	231.675
1181	231.6
1180	231.55
1181	231.6
1180	231.6
1179	231.55
1178	231.55
1177	231.5
1178	231.55
1177	231.5
1176	231.4
1175	231.25
1175	231.25
1175	231.25
1174	231.25
1173	231.2
1173	231.15
1173	231.2
1172	231.2
1171	231.1
1171	231.1
1170	231.1
1170	231.1
1170	231.1
1168	230.95
1168	230.95
1167	230.95
1168	231
1167	230.95
1166	230.85
1165	230.8
1165	230.85
1165	230.85
1164	230.85
1163	230.8
1162	230.8
1162	230.8
1162	230.8
1161	230.65
1160	230.7
1159	230.6
1160	230.7
1159	230.65
1158	230.575
1157	230.55
1157	230.55
1157	230.6
1156	230.5
1155	230.4
1154	230.35
1155	230.4
1154	230.4
1153	230.3
1152	230.25
1152	230.25
1152	230.3
1151	230.2
1150	230.225
1149	230.25
1149	230.25
1149	230.25
1148	230.1
1147	230.05
1146	230.1
1147	230.05
1146	230.1
1145	230
1144	229.95
1144	229.95
1144	229.95
1143	229.9
1142	229.8
1141	229.7
1141	229.75
1141	229.8
1140	229.7
1139	229.65
1139	229.65
1139	229.65
1138	229.65
1137	229.6
1136	229.6
1136	229.6
1136	229.65
1135	229.55
1134	229.45
1133	229.45
1133	229.45
1134	229.4
1133	229.45
1132	229.35
1131	229.25
1131	229.3
1131	229.3
1129	229.25
1129	229.2
1128	229.15
1128	229.2
1128	229.2
1126	229.15
1126	229.1
1125	229.05
1125	229.05
1125	229.05
1124	229.05
1123	228.95
1122	228.875
1122	228.875
1122	228.875
1121	228.8
1121	228.8
1120	228.75
1120	228.75
1120	228.8
1118	228.7
1117	228.6
1118	228.7
1117	228.65
1116	228.6
1115	228.55
1114	228.55
1114	228.55
1114	228.5
1113	228.5
1112	228.4
1112	228.45
1112	228.45
1111	228.4
1110	228.35
1109	228.25
1109	228.3
1109	228.3
1107	228.15
1107	228.1
1106	228.1
1106	228.05
1105	228.05
1105	228
1104	227.9
1104	228
1104	227.95
1102	227.9
1101	227.8
1101	227.85
1101	227.85
1100	227.825
1099	227.8
1098	227.75
1098	227.8
1098	227.75
1096	227.55
1095	227.525
1095	227.525
1095	227.575
1094	227.45
1093	227.35
1092	227.3
1093	227.3
1092	227.3
1091	227.25
1090	227.25
1090	227.25
1090	227.3
1089	227.2
1088	227.1
1087	227.15
1087	227.15
1086	227.1
1085	227.05
1085	227
1084	226.95
1085	227
1084	226.95
1083	226.9
1082	226.85
1082	226.85
1082	226.85
1081	226.8
1080	226.8
1079	226.7
1078	226.675
1079	226.7
1078	226.725
1077	226.7
1077	226.7
1076	226.6
1076	226.65
1076	226.65
1074	226.6
1074	226.55
1073	226.45
1073	226.5
1073	226.5
1071	226.3
1071	226.3
1070	226.225
1070	226.275
1069	226.25
1069	226.2
1068	226.2
1068	226.25
1068	226.3
1066	226.2
1066	226.15
1065	226.15
1065	226.15
1064	226
1063	225.95
1062	225.9
1062	225.95
1062	226
1060	225.9
1060	225.85
1059	225.75
1059	225.8
1058	225.7
1057	225.7
1056	225.55
1056	225.55
1056	225.55
1055	225.6
1055	225.55
1054	225.5
1054	225.55
1054	225.55
1052	225.4
1052	225.4
1050	225.325
1050	225.375
1050	225.375
1049	225.3
1048	225.2
1048	225.15
1048	225.2
1048	225.2
1046	225.15
1046	225.05
1045	224.95
1045	225
1044	224.975
1043	224.95
1042	224.85
1042	224.85
1042	224.85
1041	224.8
1040	224.8
1040	224.7
1039	224.75
1039	224.8
1038	224.65
1037	224.6
1036	224.525
1036	224.525
1036	224.525
1035	224.5
1034	224.45
1034	224.35
1033	224.3
1033	224.3
1032	224.35
1031	224.3
1030	224.15
1030	224.2
1030	224.2
1029	224.2
1028	224.05
1027	224
1027	224.05
1027	224.05
1026	223.95
1026	223.95
1025	223.85
1025	223.9
1025	223.9
1023	223.9
1023	223.85
1022	223.75
1021	223.7
1021	223.7
1021	223.65
1020	223.6
1019	223.6
1018	223.5
1019	223.6
1018	223.45
1017	223.4
1016	223.4
1016	223.45
1016	223.45
1015	223.425
1013	223.25
1013	223.2
1012	223.15
1012	223.15
1011	223.125
1011	223.075
1010	223.05
1010	223.05
1010	223.05
1009	223
1008	223
1007	223
1007	223
1006	222.85
1005	222.8
1004	222.65
1003	222.6
1004	222.65
1003	222.65
1002	222.55
1002	222.5
1001	222.467
1001	222.517
1000	222.483
999	222.45
999	222.35
997	222.325
997	222.325
996	222.25
996	222.2
995	222.15
995	222.2
995	222.15
994	222.15
993	222.125
992	222.05
992	222.1
992	222.05
990	222.05
990	221.95
989	221.9
988	221.9
989	221.95
988	221.85
987	221.8
986	221.75
986	221.8
986	221.8
985	221.775
984	221.7
983	221.65
982	221.55
983	221.7
981	221.525
981	221.525
980	221.45
980	221.45
980	221.5
979	221.45
978	221.425
977	221.35
976	221.375
976	221.375
976	221.375
974	221.25
973	221.125
973	221.125
973	221.125
972	221
971	221
971	221
971	221
970	221.025
968	220.95
968	220.85
967	220.8
967	220.8
967	220.8
965	220.65
965	220.6
964	220.55
964	220.55
964	220.55
963	220.5
962	220.45
961	220.4
961	220.5
961	220.5
960	220.45
959	220.45
958	220.25
957	220.225
957	220.225
956	220.15
955	220.05
955	220
955	220.05
955	220
953	219.95
953	219.9
952	219.9
952	219.95
952	220
950	219.9
949	219.8
949	219.75
949	219.75
949	219.75
948	219.65
947	219.6
946	219.55
946	219.6
946	219.65
944	219.55
943	219.575
943	219.475
942	219.45
942	219.45
941	219.4
940	219.35
939	219.25
939	219.25
939	219.25
938	219.175
937	219.15
937	219.05
936	219.15
936	219.15
935	219.1
934	219.1
934	219.05
932	218.925
933	218.95
932	218.875
931	218.85
930	218.9
929	218.775
930	218.9
929	218.775
927	218.75
927	218.7
926	218.65
926	218.65
925	218.625
924	218.5
923	218.45
923	218.5
923	218.5
922	218.45
921	218.45
920	218.4
919	218.4
919	218.35
918	218.25
917	218.25
917	218.15
916	218.05
916	218.1
915	218
914	218
913	217.95
913	218
913	218
911	217.85
911	217.8
910	217.8
910	217.8
910	217.8
908	217.65
908	217.6
907	217.55
907	217.6
906	217.5
905	217.525
904	217.5
903	217.5
903	217.55
903	217.55
901	217.45
900	217.3
899	217.275
900	217.3
899	217.225
898	217.15
897	217.05
897	217.05
897	217.1
897	217.1
895	217
894	216.95
893	216.9
893	216.95
893	216.95
892	216.85
891	216.8
890	216.7
890	216.7
890	216.7
889	216.6
888	216.5
887	216.55
886	216.5
887	216.6
886	216.5
884	216.5
884	216.4
883	216.3
883	216.35
882	216.25
881	216.15
881	216.1
880	216.05
880	216.1
880	216.15
878	216
877	215.95
876	215.95
876	216
876	216
875	215.95
874	215.85
873	215.75
873	215.8
872	215.7
871	215.7
870	215.675
870	215.725
869	215.8
868	215.65
867	215.7
866	215.6
865	215.6
866	215.65
865	215.55
864	215.45
863	215.25
863	215.3
863	215.3
861	215.15
861	215.15
860	215.1
859	215.2
859	215.25
857	215.1
856	215.15
855	214.9
855	214.95
855	215
854	214.9
853	214.85
852	214.8
852	214.85
852	214.85
851	214.7
850	214.65
849	214.625
848	214.6
848	214.65
847	214.6
846	214.55
846	214.45
845	214.35
845	214.4
844	214.35
843	214.3
843	214.25
841	214.3
842	214.35
840	214.3
839	214.25
838	214.15
837	214.15
837	214.15
837	214.1
836	214.05
835	213.9
834	213.85
834	213.9
833	213.8
832	213.8
831	213.75
830	213.7
830	213.75
829	213.7
828	213.65
827	213.5
827	213.55
827	213.6
826	213.45
825	213.45
824	213.375
824	213.425
823	213.45
822	213.35
821	213.4
821	213.3
820	213.35
820	213.4
819	213.25
818	213.2
817	213.15
816	212.95
816	213
816	213
814	212.9
814	212.85
813	212.85
812	212.9
812	212.9
811	212.8
809	212.8
808	212.6
808	212.6
808	212.6
808	212.55
807	212.45
807	212.35
805	212.3
805	212.3
804	212.3
803	212.275
802	212.2
801	212.2
801	212.25
800	212.2
799	212.05
798	212
797	211.85
798	212.1
796	211.85
795	211.85
795	211.75
794	211.8
793	211.8
793	211.75
791	211.7
791	211.6
790	211.55
790	211.55
789	211.5
788	211.45
787	211.4
787	211.4
786	211.35
784	211.3
784	211.25
782	211.25
782	211.3
781	211.25
780	211.15
779	211.1
779	211.1
778	211.05
777	210.975
776	210.9
775	210.875
775	210.925
775	210.925
774	210.9
772	210.8
772	210.75
771	210.75
771	210.75
770	210.8
768	210.7
768	210.6
767	210.5
767	210.55
767	210.55
765	210.4
765	210.35
763	210.35
763	210.4
762	210.35
761	210.325
760	210.25
759	210.3
759	210.3
758	210.2
757	210
757	210
756	210
755	210.05
755	210.05
754	209.95
753	209.85
752	209.85
751	209.95
750	209.85
750	209.8
749	209.7
749	209.65
748	209.65
747	209.6
746	209.5
745	209.45
744	209.35
744	209.35
744	209.4
743	209.45
741	209.5
740	209.45
739	209.3
738	209.25
739	209.3
738	209.15
737	209.125
737	209.025
736	209.1
736	209.15
734	209.05
732	209
731	208.95
730	209
730	208.95
729	208.8
729	208.7
728	208.7
728	208.6
727	208.65
728	208.7
727	208.75
725	208.65
724	208.6
723	208.75
723	208.8
721	208.65
720	208.7
720	208.6
719	208.6
719	208.65
718	208.5
717	208.45
716	208.3
715	208.25
715	208.25
715	208.25
714	208.2
712	208.05
711	207.95
710	208
709	208.1
709	208.1
707	208
707	207.9
706	207.65
706	207.65
706	207.7
705	207.6
704	207.5
704	207.45
703	207.5
703	207.6
701	207.75
699	207.55
698	207.5
696	207.55
696	207.45
696	207.4
696	207.25
695	207.15
694	207.1
694	207.2
693	207.2
691	207.125
691	207.075
690	206.95
690	207
689	207.15
687	207.025
686	206.95
685	206.85
685	206.85
684	207
683	206.9
681	206.7
681	206.6
680	206.5
679	206.45
678	206.35
677	206.3
676	206.25
675	206.25
674	206.4
674	206.35
673	206.2
672	206.1
672	206
670	205.85
670	205.9
669	205.8
667	205.7
667	205.6
666	205.55
665	205.45
665	205.4
664	205.3
663	205.3
663	205.2
663	205.3
663	205.35
661	205.5
660	205.45
659	205.3
658	205.45
658	205.5
658	205.55
656	205.35
655	205.3
655	205.25
653	205.25
653	205.25
653	205.25
651	205.1
651	205.05
650	205
648	205.05
648	205.15
648	205.15
646	204.95
645	204.9
644	204.85
643	204.8
643	204.85
642	204.65
641	204.55
641	204.45
639	204.5
639	204.6
638	204.7
637	204.55
636	204.5
635	204.45
634	204.5
634	204.55
633	204.4
632	204.325
631	204.2
630	204.2
629	204.3
629	204.3
628	204.25
627	204.05
626	203.95
625	203.95
625	204.05
624	204.1
623	204
622	203.85
621	203.75
620	203.85
620	203.85
619	203.85
618	203.65
617	203.6
616	203.5
615	203.55
615	203.65
614	203.7
613	203.5
612	203.45
611	203.45
610	203.5
610	203.55
609	203.55
607	203.35
607	203.25
606	203.15
605	203.25
606	203.25
604	203.2
603	203.1
602	203
601	203.1
601	203.15
601	203.2
599	203.2
598	203.15
597	203
597	202.9
596	203
596	203.05
595	203.1
593	202.85
592	202.8
592	202.75
591	202.85
590	202.95
590	203
589	202.9
587	202.75
587	202.65
586	202.7
586	202.75
585	202.9
583	202.7
582	202.6
582	202.5
580	202.55
580	202.65
580	202.65
578	202.45
577	202.35
577	202.25
575	202.35
575	202.4
575	202.4
573	202.25
572	202.25
572	202.1
570	202.1
570	202.15
570	202.2
568	202.1
567	202
566	201.9
565	201.9
565	201.9
564	202
564	202.05
562	201.8
561	201.7
561	201.6
559	201.7
559	201.7
559	201.8
558	201.85
556	201.525
556	201.475
554	201.4
554	201.45
553	201.55
553	201.55
551	201.25
550	201.15
550	201.05
549	201.1
548	201.25
548	201.25
547	201.25
545	201.05
545	201
544	200.9
543	200.95
543	201.05
542	201.05
541	200.95
539	200.7
539	200.65
537	200.65
537	200.75
537	200.75
536	200.85
535	200.65
534	200.45
533	200.35
532	200.35
532	200.45
531	200.6
530	200.5
529	200.4
528	200.25
527	200.2
526	200.25
526	200.3
525	200.35
524	200.3
523	200.1
522	200
521	200
520	200
520	200.05
520	200.1
518	200
517	199.9
517	199.85
515	199.8
515	199.8
514	199.95
513	200
512	199.75
511	199.7
511	199.6
510	199.5
509	199.55
509	199.65
508	199.7
506	199.6
506	199.55
505	199.35
504	199.3
503	199.35
503	199.45
502	199.55
501	199.45
500	199.4
499	199.25
498	199.15
497	199.2
497	199.25
496	199.35
495	199.25
494	199.1
493	198.95
493	198.9
491	198.9
491	199
490	199.15
490	199.15
488	198.85
487	198.75
486	198.7
486	198.6
485	198.7
485	198.8
484	198.9
482	198.8
481	198.65
480	198.6
480	198.45
479	198.45
479	198.55
478	198.6
477	198.6
475	198.35
474	198.25
474	198.1
473	198
473	198.05
473	198.1
472	198.2
471	198.35
469	198.15
468	198.05
467	197.95
466	197.95
465	198
465	198.05
464	198.05
463	197.9
463	197.85
462	197.6
461	197.5
460	197.5
459	197.65
459	197.75
458	197.85
456	197.6
455	197.45
455	197.35
454	197.25
453	197.25
452	197.3
452	197.35
451	197.45
450	197.4
449	197.15
448	196.85
447	196.75
446	196.75
446	196.8
445	196.9
445	196.85
443	196.75
442	196.55
442	196.45
441	196.4
440	196.45
440	196.6
439	196.7
438	196.8
437	196.9
435	196.75
435	196.7
434	196.55
433	196.5
432	196.6
431	196.7
430	196.8
429	196.6
428	196.4
428	196.3
427	196.2
425	196.35
425	196.5
423	196.55
422	196.25
421	196.05
421	195.9
421	195.8
420	195.7
419	195.8
418	196
417	196.15
415	196.15
414	195.95
414	195.9
414	195.75
412	195.65
411	195.75
410	195.9
410	195.95
409	196
407	195.65
406	195.55
405	195.35
405	195.25
404	195.35
404	195.45
403	195.55
402	195.6
400	195.45
399	195.25
398	195.05
397	195
396	195.1
395	195.35
395	195.35
394	195.4
392	195.2
391	195.1
391	195
390	194.85
388	194.85
388	194.9
387	195.1
386	195.1
385	194.95
385	194.85
384	194.75
383	194.55
382	194.45
381	194.5
380	194.65
379	194.75
379	194.75
377	194.8
377	194.75
375	194.4
376	194.5
374	194.2
373	194.25
373	194.35
372	194.45
371	194.55
370	194.55
369	194.45
368	194.25
368	194.15
367	194
365	193.8
365	193.95
364	194.1
363	194.15
363	194.15
360	194.05
360	193.95
359	193.8
359	193.75
357	193.55
356	193.6
356	193.75
355	193.95
354	193.975
352	194.05
350	193.6
351	193.85
351	193.75
349	193.35
348	193.35
348	193.4
348	193.55
345	192.9
345	192.85
345	192.7
344	193.75
340	192.45
339	192.4
340	192.2
341	192.15
341	192.3
339	192.6
335	193
332	193.75
333	192.85
334	192.475
337	191.95
338	192
336	192.35
332	193.75
328	193.35
325	193.1
324	192.9
324	192.55
325	192.15
326	192
328	192.15
328	192.2
327	192.15
324	192.1
322	192.35
322	192.6
322	192.7
321	192.8
320	192.85
319	193.15
317	193
313	192.95
312	192.5
311	192.2
314	192.133
314	192.033
312	192.05
309	192.3
310	192.3
309	192.3
308	192.35
305	192.35
305	192.25
306	192.175
304	192.15
302	191.95
303	192.05
300	192.05
301	192.3
300	192.15
298	192.3
298	192.15
296	192.15
295	192.1
297	192
294	192
292	191.85
293	191.95
292	191.95
290	192
289	192.15
290	192.05
288	192.1
286	192.1
286	192.05
287	191.9
286	191.95
282	192.1
282	192.1
283	191.3
282	192.15
279	191.65
277	191.9
277	191.8
279	191.45
279	191.35
277	191.6
274	191.9
271	191.65
271	191.5
273	191.45
274	191.55
274	191.7
272	191.95
267	192.2
263	192.325
262	192.2
262	191.75
264	191.3
265	190.95
266	190.85
267	191
266	191.25
265	191.65
263	192.225
260	193.05
259	193.4
258	193.15
257	193.05
256	192.9
256	192.8
256	192.75
255	192.75
255	192.8
253	193.7
252	193.75
251	193.75
250	195.15
249	194
247	194.05
244	194.5
241	194.55
239	194.35
240	193.9
243	193.45
246	192.9
246	193.1
243	194
238	194.5
233	194.75
231	194.75
233	194.45
237	194.3
238	194.1
235	194.25
231	194.35
230	194.45
231	194.25
230	194.25
228	194.6
227	194.6
228	194.6
227	194.65
224	194.65
223	194.75
224	194.85
223	194.9
221	194.85
221	194.85
219	194.8
217	194.75
218	194.65
217	194.5
216	194.7
216	194.7
215	194.75
213	194.95
212	194.95
211	195
210	194.85
210	194.9
208	194.95
207	194.9
206	194.9
206	194.9
205	194.85
203	194.9
203	194.8
202	194.7
202	194.7
200	194.8
200	194.8
198	194.9
196	194.75
196	194.8
195	194.8
195	194.85
192	194.8
192	194.85
190	194.85
190	194.85
189	194.7
189	194.6
188	194.6
186	194.6
186	194.6
185	194.65
183	194.7
182	194.65
181	194.55
179	194.35
179	194.3
178	194.2
177	194.2
175	194.2
174	194.1
174	194.1
173	194.2
172	194.1
172	194.05
171	193.95
169	193.85
168	193.85
167	193.85
166	193.9
165	193.85
165	193.8
164	193.9
163	194
161	194.05
160	194.05
159	193.95
158	193.85
157	193.8
156	193.75
155	193.75
154	193.8
153	193.8
152	193.85
150	194.05
150	193.9
0	191.46
