Speed 1 (RPM)	Torque 1 (oz.in)
1793	2.471
1769	53.805
1769	54.17
1768	57.35
1767	56.985
1766	58.955
1764	63.39
1764	63.72
1764	63.895
1761	68.89
1761	69.285
1761	69.69
1757	75.98
1757	76.29
1757	76.69
1755	80.365
1754	81.845
1754	81.96
1750	89.028
1750	89.248
1749	89.87
1746	96.263
1746	96.487
1745	97.95
1743	102.685
1742	103.245
1742	103.45
1738	110.5
1738	110.75
1737	112.5
1735	116.45
1734	118.25
1733	118.725
1730	124.3
1730	124.7
1729	125.7
1728	128.3
1728	128.75
1727	129.375
1726	130.75
1726	131.15
1726	131.6
1726	131.85
1725	132.65
1724	133.35
1724	133.65
1721	137.8
1721	138.15
1720	138.9
1719	140.2
1719	140.55
1718	141.35
1717	142.1
1716	143.6
1716	143.8
1715	144.25
1714	144.75
1714	144.95
1714	145.45
1714	145.55
1713	146.15
1712	147
1712	147.55
1711	148
1710	148.6
1710	148.75
1710	148.95
1710	149.15
1710	149.35
1709	149.7
1708	150.75
1708	151.05
1707	151.4
1707	151.55
1705	152.625
1705	152.875
1705	153.075
1704	153.95
1703	154.55
1703	154.7
1703	155.15
1702	155.5
1702	155.6
1700	156.9
1701	156.6
1700	157.3
1699	157.85
1698	158.5
1698	158.95
1697	159.3
1696	159.8
1696	160
1696	160.15
1696	160.25
1696	160.45
1695	161.2
1694	161.5
1693	162.65
1692	163.4
1692	163.5
1691	163.725
1691	164.025
1691	164.225
1690	164.7
1689	165.1
1689	165.25
1689	165.55
1688	165.9
1687	166.65
1686	167.35
1686	167.5
1686	167.7
1685	168
1684	168.4
1684	168.6
1684	168.95
1683	169.45
1682	170.25
1682	170.45
1682	170.6
1679	171.75
1679	171.9
1679	172.05
1678	172.85
1678	173
1677	173.4
1677	173.55
1677	173.65
1676	174.05
1675	174.55
1675	174.65
1674	175.05
1675	174.95
1674	175.3
1672	176.5
1672	176.7
1672	176.95
1671	177.225
1670	177.8
1669	178.125
1669	178.225
1668	178.8
1668	179
1667	179.6
1667	179.75
1667	179.9
1666	180.45
1665	180.75
1665	181.1
1664	181.4
1662	182.5
1662	182.65
1662	182.75
1661	183.05
1660	183.5
1660	183.6
1660	183.7
1660	183.85
1660	183.95
1659	184.175
1658	184.55
1658	184.65
1658	184.85
1658	184.95
1657	185.45
1656	185.75
1655	186.05
1655	186.3
1655	186.4
1654	186.8
1653	187.1
1653	187.15
1653	187.25
1653	187.35
1653	187.45
1653	187.6
1652	188.2
1651	188.525
1651	188.675
1651	188.825
1650	189.15
1649	189.375
1648	189.85
1647	190.5
1647	190.55
1646	190.825
1646	190.975
1646	191.125
1645	191.6
1645	191.7
1644	191.95
1643	192.3
1643	192.45
1642	193.05
1641	193.45
1641	193.55
1641	193.65
1640	193.85
1639	194.25
1639	194.35
1639	194.5
1639	194.6
1638	195.2
1637	195.4
1636	195.75
1636	195.85
1636	196
1635	196.25
1634	196.75
1634	196.8
1634	197
1634	197.1
1633	197.45
1632	197.675
1632	197.875
1631	198.3
1630	198.85
1629	199.05
1629	199.35
1628	199.6
1627	199.95
1627	200.05
1627	200.15
1627	200.25
1624	201.1
1624	201.2
1624	201.35
1623	201.9
1622	202.2
1622	202.25
1622	202.45
1621	202.7
1620	202.9
1620	203.1
1620	203.2
1619	203.45
1617	203.95
1617	204.05
1617	204.1
1617	204.2
1616	204.375
1616	204.475
1615	204.8
1615	204.95
1615	205.05
1614	205.35
1613	205.55
1613	205.65
1612	206.05
1613	205.85
1612	206.2
1611	206.55
1611	206.7
1610	206.833
1611	206.9
1610	206.983
1609	207.117
1608	207.45
1608	207.55
1608	207.65
1607	207.9
1606	208.075
1606	208.175
1606	208.225
1606	208.275
1605	208.5
1604	208.85
1603	209.2
1603	209.25
1603	209.35
1602	209.525
1602	209.625
1601	209.95
1601	210
1601	210.1
1600	210.35
1599	210.5
1599	210.6
1599	210.75
1598	211.05
1597	211.25
1597	211.3
1597	211.35
1597	211.45
1596	211.75
1595	211.9
1594	212.25
1594	212.35
1593	212.5
1593	212.6
1593	212.65
1592	212.85
1592	212.9
1592	213
1592	213
1590	213.5
1589	213.75
1589	213.95
1588	214.075
1588	214.125
1587	214.35
1587	214.45
1587	214.5
1586	214.75
1585	214.925
1585	214.975
1585	215.025
1585	215.125
1584	215.25
1583	215.65
1582	215.9
1582	216
1581	216.15
1581	216.2
1580	216.4
1580	216.5
1580	216.55
1580	216.65
1579	216.8
1578	216.95
1578	217.05
1578	217.1
1576	217.6
1575	217.675
1575	217.725
1576	217.75
1575	217.825
1574	218.05
1574	218.1
1573	218.4
1573	218.45
1573	218.5
1572	218.625
1571	218.85
1571	218.95
1570	219.1
1569	219.25
1568	219.45
1568	219.5
1568	219.6
1568	219.65
1567	219.7
1567	219.7
1566	220.1
1565	220.175
1564	220.4
1564	220.45
1564	220.5
1564	220.55
1563	220.633
1562	220.717
1562	220.767
1562	220.867
1561	221.1
1560	221.175
1560	221.225
1559	221.6
1559	221.65
1558	221.75
1557	222.05
1557	222.15
1557	222.2
1556	222.45
1555	222.5
1555	222.5
1554	222.9
1554	222.95
1553	223.15
1553	223.35
1553	223.6
1551	223.95
1551	224.1
1550	224.35
1550	224.5
1550	224.65
1549	224.95
1548	225.1
1548	225.2
1548	225.3
1547	225.6
1546	225.675
1546	225.775
1546	225.875
1546	225.875
1544	226.1
1544	226.15
1544	226.2
1544	226.25
1543	226.3
1542	226.45
1541	226.65
1541	226.7
1541	226.8
1541	226.8
1539	227.075
1539	227.125
1539	227.225
1539	227.325
1537	227.55
1537	227.6
1537	227.7
1536	227.95
1535	228.05
1535	228.1
1534	228.2
1534	228.3
1534	228.35
1532	228.6
1532	228.65
1532	228.7
1531	228.85
1530	228.8
1530	228.85
1529	229.1
1530	229
1529	229.2
1528	229.283
1527	229.417
1528	229.433
1527	229.517
1526	229.6
1526	229.65
1525	229.95
1526	229.75
1524	230.15
1523	230.35
1523	230.35
1523	230.4
1523	230.45
1522	230.5
1521	230.65
1521	230.7
1521	230.75
1520	230.8
1519	230.9
1519	231
1518	231.15
1517	231.25
1517	231.3
1516	231.4
1516	231.45
1515	231.65
1514	231.725
1514	231.825
1514	231.875
1513	232.05
1512	232.1
1512	232.15
1512	232.2
1512	232.25
1511	232.3
1510	232.4
1510	232.45
1509	232.55
1508	232.75
1508	232.75
1508	232.85
1508	232.9
1507	232.8
1506	233
1505	233.05
1505	233.15
1505	233.15
1505	233.2
1504	233.25
1503	233.3
1503	233.3
1503	233.4
1502	233.6
1501	233.65
1501	233.7
1500	233.75
1501	233.75
1500	233.85
1499	233.85
1498	234
1498	234.1
1497	234.15
1496	234.25
1496	234.3
1496	234.35
1495	234.4
1494	234.55
1494	234.55
1494	234.6
1494	234.65
1493	234.65
1492	234.8
1492	234.85
1492	234.85
1491	234.925
1490	234.95
1489	235.05
1490	235.05
1489	235.2
1488	235.2
1488	235.2
1487	235.3
1487	235.35
1486	235.4
1485	235.55
1485	235.6
1484	235.65
1483	235.6
1483	235.65
1483	235.65
1483	235.7
1481	235.9
1481	235.9
1481	236
1481	236.05
1479	236.3
1479	236.3
1478	236.35
1478	236.4
1477	236.45
1476	236.45
1476	236.45
1476	236.55
1476	236.55
1474	236.65
1474	236.7
1474	236.75
1474	236.75
1473	236.85
1472	236.85
1472	236.9
1472	236.95
1471	237
1470	237.05
1470	237.05
1470	237.05
1469	237.2
1468	237.2
1468	237.2
1468	237.2
1468	237.3
1467	237.45
1466	237.425
1465	237.5
1465	237.55
1465	237.6
1463	237.65
1463	237.65
1463	237.65
1463	237.7
1462	237.75
1461	237.775
1460	237.8
1460	237.8
1461	237.825
1460	237.9
1458	237.975
1459	237.95
1458	238.075
1457	238.1
1456	238.125
1456	238.175
1456	238.225
1455	238.4
1454	238.325
1454	238.325
1454	238.375
1454	238.425
1453	238.5
1452	238.5
1452	238.5
1452	238.55
1452	238.6
1451	238.7
1450	238.65
1449	238.65
1450	238.75
1449	238.75
1448	238.75
1447	238.75
1447	238.75
1447	238.75
1446	238.85
1445	238.85
1445	238.9
1445	238.95
1445	238.95
1444	238.9
1443	239
1443	239
1443	239.05
1442	239.1
1441	239.15
1441	239.15
1440	239.175
1440	239.225
1439	239.25
1439	239.2
1438	239.25
1438	239.3
1437	239.4
1437	239.4
1436	239.325
1436	239.375
1436	239.425
1435	239.45
1434	239.45
1434	239.5
1434	239.5
1433	239.55
1432	239.55
1432	239.55
1432	239.6
1432	239.65
1430	239.725
1429	239.75
1429	239.8
1430	239.775
1428	239.75
1428	239.75
1427	239.8
1427	239.8
1427	239.85
1426	239.8
1425	239.85
1425	239.8
1425	239.85
1424	239.85
1423	239.8
1422	239.75
1422	239.8
1423	239.85
1421	239.85
1421	239.8
1420	239.95
1421	239.85
1420	240.05
1419	240
1419	240
1418	240.1
1417	240.15
1417	240.1
1416	240.1
1416	240.15
1416	240.2
1415	240.25
1414	240.15
1414	240.15
1414	240.2
1413	240.25
1412	240.175
1412	240.175
1411	240.3
1412	240.225
1411	240.3
1410	240.225
1410	240.275
1409	240.35
1409	240.35
1408	240.325
1408	240.275
1407	240.4
1407	240.45
1406	240.45
1405	240.4
1405	240.4
1405	240.45
1405	240.45
1403	240.5
1402	240.4
1402	240.45
1403	240.55
1401	240.45
1400	240.45
1400	240.45
1400	240.5
1400	240.5
1398	240.5
1398	240.45
1398	240.5
1397	240.45
1396	240.45
1396	240.45
1396	240.5
1395	240.5
1394	240.45
1394	240.45
1393	240.5
1394	240.5
1393	240.6
1392	240.55
1392	240.55
1391	240.5
1391	240.6
1390	240.7
1389	240.6
1389	240.55
1389	240.6
1389	240.6
1388	240.65
1387	240.6
1387	240.55
1386	240.6
1387	240.65
1386	240.6
1385	240.525
1384	240.5
1384	240.55
1383	240.7
1383	240.6
1382	240.6
1382	240.6
1382	240.65
1381	240.55
1381	240.5
1380	240.45
1380	240.55
1380	240.6
1379	240.65
1377	240.55
1378	240.6
1377	240.6
1376	240.575
1376	240.525
1376	240.525
1376	240.625
1375	240.7
1374	240.625
1373	240.65
1373	240.65
1373	240.7
1372	240.675
1371	240.65
1371	240.65
1370	240.65
1371	240.75
1370	240.7
1368	240.65
1368	240.7
1369	240.7
1368	240.7
1367	240.65
1366	240.7
1366	240.75
1367	240.7
1366	240.75
1365	240.725
1364	240.65
1364	240.65
1364	240.75
1363	240.75
1362	240.7
1362	240.75
1361	240.7
1362	240.8
1361	240.75
1360	240.7
1360	240.65
1360	240.7
1359	240.7
1358	240.6
1357	240.65
1358	240.7
1357	240.7
1356	240.75
1355	240.7
1355	240.75
1355	240.8
1355	240.8
1353	240.65
1353	240.7
1353	240.8
1352	240.85
1351	240.75
1350	240.75
1350	240.8
1350	240.85
1349	240.8
1348	240.7
1347	240.7
1348	240.7
1347	240.75
1346	240.625
1346	240.625
1346	240.675
1346	240.675
1345	240.75
1344	240.675
1343	240.7
1343	240.75
1342	240.7
1342	240.7
1341	240.6
1341	240.65
1341	240.65
1341	240.7
1339	240.6
1339	240.6
1339	240.7
1338	240.675
1337	240.6
1337	240.55
1336	240.6
1336	240.6
1335	240.55
1335	240.5
1334	240.6
1334	240.65
1334	240.65
1333	240.6
1332	240.55
1332	240.55
1332	240.6
1330	240.55
1330	240.5
1330	240.45
1329	240.55
1329	240.55
1328	240.5
1328	240.45
1327	240.55
1327	240.6
1326	240.575
1325	240.55
1325	240.55
1325	240.6
1324	240.55
1323	240.5
1323	240.5
1323	240.55
1322	240.55
1321	240.55
1321	240.45
1320	240.475
1320	240.525
1319	240.5
1318	240.45
1318	240.4
1318	240.4
1318	240.4
1318	240.4
1316	240.4
1316	240.35
1316	240.35
1316	240.45
1315	240.45
1314	240.35
1313	240.35
1313	240.4
1313	240.45
1312	240.35
1311	240.35
1311	240.35
1310	240.3
1310	240.35
1309	240.35
1308	240.275
1307	240.25
1308	240.275
1307	240.2
1306	240.125
1305	240.05
1305	240.1
1305	240.1
1305	240.05
1304	239.975
1304	240.025
1304	240.025
1304	240.025
1302	240.05
1302	240
1301	240
1301	240.05
1300	240.05
1299	240
1299	239.95
1299	240
1297	239.9
1297	239.85
1296	239.85
1296	239.9
1296	239.9
1295	239.825
1294	239.7
1294	239.75
1294	239.75
1292	239.75
1292	239.7
1292	239.7
1292	239.7
1291	239.75
1290	239.65
1289	239.65
1289	239.7
1289	239.75
1288	239.675
1287	239.6
1287	239.6
1287	239.6
1287	239.65
1286	239.65
1285	239.575
1285	239.575
1284	239.6
1284	239.6
1283	239.5
1283	239.45
1282	239.55
1282	239.55
1282	239.55
1281	239.5
1280	239.45
1280	239.45
1280	239.5
1279	239.5
1278	239.4
1277	239.4
1277	239.4
1277	239.45
1276	239.4
1276	239.35
1275	239.3
1274	239.45
1274	239.4
1273	239.4
1273	239.35
1272	239.3
1272	239.3
1272	239.35
1271	239.25
1270	239.15
1270	239.15
1270	239.15
1269	239.15
1268	239.15
1268	239.1
1267	239.1
1268	239.15
1267	239.1
1266	239
1265	239
1265	239.05
1265	239.05
1264	239
1263	238.95
1263	238.95
1263	238.95
1262	238.9
1261	238.85
1260	238.8
1261	238.9
1259	238.8
1259	238.75
1258	238.8
1258	238.8
1258	238.8
1256	238.8
1256	238.75
1255	238.7
1255	238.7
1254	238.65
1254	238.6
1253	238.6
1253	238.6
1253	238.6
1252	238.55
1251	238.6
1250	238.55
1251	238.65
1250	238.6
1249	238.55
1248	238.5
1248	238.5
1247	238.45
1246	238.4
1245	238.35
1245	238.35
1245	238.35
1244	238.3
1243	238.2
1243	238.2
1243	238.2
1242	238.1
1242	238.1
1241	238.15
1241	238.15
1241	238.2
1240	238.15
1238	238.15
1239	238.25
1237	238.2
1237	238.15
1236	238.15
1236	238.15
1235	238.1
1234	238.075
1233	237.9
1232	237.95
1232	237.9
1231	237.85
1231	237.8
1231	237.75
1231	237.8
1230	237.75
1230	237.7
1229	237.675
1229	237.725
1227	237.65
1227	237.65
1226	237.6
1226	237.6
1225	237.6
1224	237.6
1224	237.55
1223	237.55
1224	237.6
1222	237.45
1222	237.4
1221	237.3
1221	237.35
1221	237.35
1220	237.4
1219	237.25
1218	237.2
1218	237.2
1218	237.2
1217	237.2
1216	237.1
1216	237.05
1216	237.1
1215	237.15
1214	237.075
1213	237.05
1212	237.05
1213	237.05
1212	237
1211	236.95
1211	236.9
1211	236.95
1211	236.9
1210	236.9
1209	236.8
1208	236.8
1209	236.85
1208	236.85
1207	236.8
1206	236.7
1206	236.75
1206	236.75
1204	236.65
1204	236.65
1204	236.6
1203	236.6
1203	236.6
1202	236.65
1201	236.6
1200	236.6
1200	236.6
1200	236.6
1199	236.65
1198	236.5
1198	236.5
1198	236.5
1197	236.45
1196	236.3
1195	236.2
1195	236.25
1195	236.25
1194	236.2
1194	236.15
1193	236.15
1193	236.2
1193	236.2
1192	236.2
1191	236.1
1191	236.1
1190	236.15
1189	236.1
1188	235.95
1188	235.95
1188	236
1187	236.05
1186	235.85
1186	235.85
1186	235.85
1185	235.85
1184	235.75
1184	235.7
1183	235.725
1183	235.775
1182	235.8
1181	235.75
1180	235.75
1180	235.75
1180	235.75
1179	235.65
1179	235.6
1178	235.5
1178	235.5
1178	235.5
1176	235.4
1176	235.4
1175	235.35
1175	235.4
1174	235.375
1174	235.325
1173	235.25
1172	235.2
1172	235.15
1171	235.05
1170	235.05
1170	235
1170	235.05
1169	235.025
1168	234.95
1167	234.95
1167	235
1167	235
1166	234.95
1166	234.9
1165	234.85
1165	234.85
1165	234.9
1164	234.85
1163	234.8
1162	234.8
1162	234.85
1161	234.85
1160	234.75
1159	234.675
1159	234.675
1159	234.725
1158	234.55
1157	234.55
1157	234.5
1157	234.55
1156	234.55
1155	234.45
1155	234.4
1154	234.4
1154	234.4
1154	234.45
1153	234.375
1152	234.2
1152	234.2
1152	234.25
1151	234.25
1151	234.2
1150	234.1
1149	234.15
1149	234.15
1148	234.125
1147	234.1
1146	234.05
1147	234.1
1146	234.1
1145	234.025
1144	233.95
1144	233.95
1144	234
1143	233.975
1142	233.85
1141	233.75
1141	233.8
1141	233.8
1140	233.75
1139	233.65
1139	233.65
1139	233.65
1138	233.65
1137	233.6
1137	233.55
1136	233.55
1136	233.6
1135	233.6
1134	233.4
1133	233.4
1133	233.4
1132	233.4
1132	233.35
1131	233.15
1131	233.1
1131	233.15
1130	233.15
1129	232.95
1129	232.9
1128	233
1128	233.05
1126	233
1126	232.95
1125	232.95
1125	233
1124	233.05
1123	233.05
1123	232.95
1122	232.9
1122	232.95
1122	233
1120	232.95
1119	232.75
1119	232.75
1119	232.8
1118	232.7
1118	232.6
1117	232.55
1117	232.6
1117	232.65
1116	232.575
1116	232.475
1115	232.45
1115	232.55
1114	232.5
1113	232.4
1112	232.35
1112	232.35
1112	232.4
1110	232.3
1110	232.15
1109	232.2
1109	232.25
1108	232.2
1107	232.125
1107	232.075
1106	232
1106	232.05
1105	231.95
1105	231.85
1104	231.8
1104	231.85
1104	231.9
1103	231.85
1102	231.75
1102	231.7
1101	231.7
1101	231.75
1100	231.7
1099	231.65
1098	231.55
1098	231.55
1098	231.6
1097	231.55
1096	231.4
1096	231.3
1095	231.25
1095	231.3
1094	231.25
1094	231.15
1093	231.25
1093	231.3
1092	231.275
1091	231.15
1090	231.1
1090	231.15
1089	231.2
1088	231.05
1088	231
1087	231
1087	231.05
1085	230.95
1084	230.85
1084	230.75
1084	230.75
1083	230.75
1082	230.7
1082	230.6
1082	230.55
1082	230.6
1081	230.5
1080	230.35
1079	230.4
1079	230.45
1078	230.45
1077	230.4
1077	230.3
1076	230.35
1076	230.4
1075	230.3
1074	230.15
1073	230.1
1073	230.05
1073	230.1
1072	230.05
1071	230
1070	229.9
1070	229.9
1070	229.9
1069	229.8
1068	229.75
1068	229.65
1068	229.6
1067	229.65
1066	229.6
1066	229.55
1065	229.65
1064	229.6
1062	229.45
1062	229.45
1062	229.5
1060	229.25
1059	229.125
1059	229.125
1059	229.175
1058	229.05
1057	229.025
1056	229
1056	229
1055	228.95
1054	228.8
1054	228.8
1054	228.85
1052	228.8
1051	228.75
1051	228.8
1049	228.7
1047	228.55
1047	228.55
1047	228.55
1046	228.4
1045	228.3
1046	228.35
1045	228.35
1044	228.3
1043	228.15
1042	228.2
1040	228
1039	228
1039	228.05
1037	227.85
1037	227.8
1036	227.85
1034	227.75
1034	227.65
1033	227.7
1033	227.75
1032	227.65
1032	227.55
1031	227.45
1030	227.5
1029	227.4
1028	227.4
1027	227.45
1026	227.35
1025	227.25
1024	227.2
1024	227.25
1023	227.05
1022	226.95
1022	227
1021	226.9
1020	226.8
1019	226.8
1019	226.85
1017	226.75
1016	226.65
1016	226.7
1015	226.65
1014	226.55
1013	226.5
1012	226.5
1011	226.35
1010	226.25
1010	226.3
1009	226.25
1008	226
1007	225.85
1007	225.9
1006	225.85
1005	225.75
1004	225.75
1004	225.8
1004	225.8
1002	225.6
1001	225.55
1001	225.6
1000	225.5
999	225.4
999	225.35
998	225.35
998	225.35
996	225.2
995	225.15
994	225.15
994	225.15
993	224.95
992	224.95
992	224.95
991	224.95
990	224.8
989	224.8
989	224.85
987	224.7
987	224.65
986	224.6
985	224.6
984	224.4
983	224.4
983	224.4
982	224.35
980	224.25
980	224.25
979	224.35
978	224.15
977	224.05
977	224.1
975	223.95
974	223.85
974	223.9
973	223.85
972	223.75
971	223.7
970	223.75
969	223.7
969	223.6
968	223.5
968	223.6
966	223.45
965	223.35
964	223.35
964	223.4
963	223.35
962	223.25
961	223.25
960	223.2
959	223
958	223.05
958	223.1
956	223
956	222.9
955	222.95
953	222.75
953	222.65
952	222.6
952	222.65
950	222.5
950	222.4
949	222.45
948	222.4
947	222.3
946	222.25
946	222.3
945	222.35
944	222.25
943	222.225
942	222.25
940	222.05
939	222.05
939	222
938	221.925
937	221.7
936	221.6
936	221.65
935	221.6
934	221.45
933	221.55
933	221.6
931	221.55
931	221.45
930	221.45
928	221.35
927	221.2
926	221.15
926	221.2
924	221
923	220.95
923	221
923	221
921	220.875
921	220.775
920	220.8
920	220.85
918	220.7
918	220.6
917	220.6
917	220.65
916	220.6
915	220.4
914	220.25
914	220.25
913	220.25
912	220.25
911	220
910	220
910	220.05
908	219.9
907	219.85
907	219.85
906	219.95
905	219.875
905	219.775
903	219.75
903	219.8
901	219.65
901	219.5
900	219.55
899	219.45
897	219.25
896	219.25
896	219.2
895	219
894	218.9
894	218.95
891	218.8
891	218.65
890	218.65
889	218.6
888	218.45
888	218.35
887	218.35
886	218.5
885	218.35
884	218.25
883	218.4
882	218.3
881	218.15
880	218.15
879	218.2
878	217.95
877	217.8
877	217.85
875	217.7
874	217.675
873	217.7
873	217.8
872	217.8
871	217.7
870	217.65
869	217.75
868	217.85
867	217.5
866	217.45
865	217.4
864	217.25
864	217.1
862	217.15
863	217.15
861	217.15
861	217
860	216.9
859	216.95
859	217
858	216.95
857	216.65
856	216.65
856	216.75
855	216.733
854	216.567
852	216.5
852	216.55
851	216.6
850	216.4
850	216.3
849	216.25
849	216.3
848	216.35
846	216.1
845	216.05
845	216.1
845	216.15
843	215.95
843	215.85
842	215.9
842	215.9
841	215.95
840	215.85
840	215.75
839	215.6
838	215.65
838	215.75
838	215.75
836	215.5
836	215.45
835	215.45
835	215.45
834	215.6
833	215.55
832	215.425
832	215.325
831	215.3
830	215.45
829	215.3
828	215.25
828	215.1
827	215.15
827	215.2
826	215.1
825	214.95
825	214.85
824	214.75
824	214.8
824	214.85
823	214.85
822	214.75
821	214.6
820	214.6
820	214.65
819	214.6
818	214.55
817	214.45
816	214.45
816	214.45
816	214.5
815	214.35
815	214.25
814	214.1
814	214.1
813	214.15
812	214.2
811	214.15
811	214.1
810	214
809	214.15
808	214.25
807	214.15
806	214
806	213.9
805	214
805	214.05
804	213.9
803	213.775
803	213.725
802	213.65
802	213.7
801	213.8
800	213.7
799	213.5
799	213.45
798	213.5
797	213.55
796	213.45
796	213.3
795	213.25
794	213.25
794	213.35
793	213.4
792	213.35
791	213.2
791	213.15
790	213.2
790	213.25
789	213.15
788	212.9
788	212.8
787	212.825
787	212.825
786	212.9
785	212.9
784	212.8
784	212.7
783	212.7
783	212.8
781	212.7
780	212.617
780	212.517
779	212.483
779	212.583
778	212.55
777	212.325
776	212.15
775	212.183
775	212.283
775	212.283
773	212.2
772	212.05
772	212.1
771	212.05
770	212.1
769	212
768	211.7
768	211.65
767	211.75
767	211.75
766	211.7
765	211.5
765	211.45
764	211.45
763	211.5
763	211.55
761	211.5
761	211.45
759	211.4
759	211.45
758	211.45
757	211.15
755	211.15
755	211.2
754	211.2
754	211.05
753	210.9
752	210.75
752	210.8
751	210.9
750	210.8
749	210.75
747	210.6
747	210.65
746	210.55
745	210.4
745	210.35
744	210.2
744	210.25
744	210.3
743	210.283
741	210.5
741	210.45
739	210.15
739	210.2
738	210
737	209.8
737	209.8
736	209.8
735	209.9
733	209.85
732	209.7
730	209.65
730	209.65
729	209.55
729	209.4
728	209.1
728	209.15
728	209.2
727	209.2
726	209.2
725	209.125
724	209.2
723	209.3
721	209.4
721	209.3
720	209.2
719	209.15
719	209.2
717	208.7
716	208.6
716	208.45
715	208.55
715	208.65
713	208.7
712	208.55
711	208.4
710	208.35
710	208.4
709	208.55
708	208.6
707	208.35
707	208.2
705	208.15
705	208.2
704	208.05
704	207.9
704	207.8
704	207.8
704	207.85
703	207.9
702	208.1
700	208.05
699	207.85
697	207.95
696	208.1
695	207.85
695	207.7
695	207.5
694	207.35
694	207.35
693	207.55
692	207.6
691	207.35
691	207.3
691	207.3
691	207.45
690	207.45
688	207.6
687	207.55
686	207.45
686	207.45
685	207.4
684	207.6
683	207.4
682	207.2
681	207.1
681	207
680	207.05
680	207.1
679	207.25
678	207.15
678	207
676	206.75
675	207.1
674	206.9
673	206.7
672	206.5
671	206.5
671	206.55
671	206.6
670	206.65
669	206.55
669	206.45
668	206.35
668	206.45
667	206.45
665	206.5
664	206.25
664	206.15
662	206.1
663	206.2
662	206.25
661	206.4
660	206
659	205.8
657	205.95
657	206
656	205.95
654	205.55
654	205.35
653	205.2
653	205.3
653	205.35
652	205.35
651	205.35
650	205.05
649	205
649	205.05
648	205.45
647	205.4
646	205.1
645	204.95
645	205.05
644	205.2
643	205.3
641	205.1
641	204.95
640	204.85
639	205.075
638	205.25
637	205.05
636	204.7
635	204.55
635	204.55
634	204.8
633	204.85
632	204.7
632	204.6
632	204.5
630	204.35
630	204.45
629	204.6
628	204.6
627	204.45
627	204.3
625	204.2
625	204.25
624	204.45
623	204.55
623	204.4
622	204.15
621	203.95
620	204.2
619	204.4
618	204.2
618	204.1
617	203.9
616	203.75
615	204
615	204.1
614	204.25
613	204.15
612	203.9
612	203.75
611	203.65
611	203.7
610	203.9
609	204.05
608	203.9
607	203.55
607	203.45
606	203.45
606	203.55
605	203.75
603	203.75
603	203.55
602	203.35
601	203.35
600	203.6
599	203.8
598	203.6
597	203.2
596	203.2
595	203.4
594	203.55
593	203.3
593	203.15
591	202.95
591	203.1
590	203.35
590	203.35
588	203.35
588	203.2
587	202.8
586	202.85
585	203.1
584	203.3
583	203.05
582	202.7
581	202.55
581	202.6
580	202.75
579	202.95
578	202.9
578	202.8
577	202.5
576	202.35
575	202.6
574	202.8
573	202.8
572	202.45
571	202.1
570	202.1
569	202.4
569	202.45
567	202.15
567	202
566	201.8
565	201.9
564	202.15
562	202.15
561	201.95
561	201.8
560	201.75
559	201.95
559	202.05
557	202.15
556	201.8
556	201.7
555	201.45
554	201.65
553	201.85
552	201.95
552	201.9
551	201.6
551	201.5
549	201.3
549	201.5
547	201.9
546	201.7
545	201.35
545	201.2
544	200.9
543	200.95
543	201.1
542	201.3
541	201.3
540	201.05
540	200.95
538	200.65
538	200.75
537	201
535	201.25
534	201
534	200.75
532	200.5
532	200.65
531	200.9
530	200.95
529	200.7
529	200.55
527	200.25
526	200.45
525	200.75
524	200.75
523	200.4
523	200.25
522	200.05
521	200
520	200.25
519	200.55
518	200.45
517	200.1
517	199.9
516	199.6
515	199.7
514	199.95
513	200.15
512	200.05
511	199.75
511	199.55
511	199.45
510	199.3
509	199.6
508	199.8
507	200
506	199.9
506	199.7
504	199.25
504	199.35
502	199.7
502	199.75
500	199.85
500	199.7
499	199.3
498	199.05
497	199.1
497	199.15
496	199.4
495	199.5
494	199.25
494	199.1
494	199
492	198.65
492	198.8
490	199.15
490	199.2
488	199.25
487	198.8
487	198.7
486	198.5
485	198.65
484	198.8
483	199.05
482	199.05
482	198.9
481	198.55
481	198.4
480	198.3
479	198.5
478	198.8
477	198.95
476	198.9
475	198.35
475	198.15
474	197.9
472	198.1
471	198.4
470	198.5
469	198.35
469	198.2
469	198
468	197.8
467	197.8
466	198.05
465	198.5
463	198.35
462	198.05
462	197.7
461	197.4
460	197.55
459	197.825
458	198.25
458	198.35
456	198.25
456	197.95
456	197.75
455	197.1
454	197
453	197.4
452	197.75
451	198.1
450	198.15
449	197.95
449	197.65
448	197.05
447	196.8
446	197.3
445	197.65
445	197.75
443	198
442	197.35
442	197.05
441	196.5
440	196.6
438	197.05
437	197.5
436	197.6
435	197.2
435	196.85
435	196.6
434	196
434	196.1
433	196.4
432	196.7
431	196.8
430	196.95
429	196.75
428	196.35
427	196.05
426	195.95
425	196.3
424	196.6
423	196.75
422	196.5
422	196.2
421	195.8
420	195.5
419	195.65
418	196.1
416	196.6
416	196.6
415	196.45
414	196.15
414	195.9
413	195.4
412	195.35
411	195.65
409	196.1
408	196.25
407	195.85
407	195.6
407	195.4
405	194.9
404	195.05
402	195.4
401	195.65
400	195.6
399	195
399	194.7
398	194.4
397	194.3
396	194.6
395	194.85
393	194.95
393	194.8
392	194.8
392	194.6
390	194.1
389	194.25
387	194.55
386	194.75
385	194.75
385	194.6
384	194.4
384	194.15
382	193.7
381	193.8
380	194.05
379	194.3
377	194.4
377	194.25
376	194.05
375	193.6
375	193.55
373	193.4
372	193.7
372	193.8
370	194
369	194.05
369	193.85
368	193.7
367	193.4
365	193.05
365	193.2
363	193.5
363	193.55
361	193.75
360	193.6
360	193.35
360	193.15
358	192.6
358	192.7
355	193
355	193.15
354	193.175
352	193.35
353	192.9
352	192.95
350	192.35
350	192.4
348	192.45
346	192.8
346	192.9
346	192.85
343	191.85
342	191.575
344	191.65
344	191.5
342	191.375
337	191.65
336	191.75
337	191.65
338	191.45
339	191.325
337	191.3
333	191.6
329	192
326	191.55
326	191.4
327	191.1
328	190.8
329	191.15
328	190.55
327	190.6
326	190.65
324	190.733
323	190.5
321	190.65
322	190.8
322	190.95
323	191.1
323	191.2
323	191.3
322	191.5
320	191.7
316	191.95
312	192.45
309	191.9
308	191.825
311	191.55
310	191.35
309	191.3
309	191.2
310	191
309	191.05
306	191.3
304	191.475
303	191.65
302	191.75
301	191.8
300	191.5
299	191.3
299	191.1
298	191
298	190.85
297	190.85
296	190.9
294	191.3
293	191.45
292	191.683
290	191.75
289	191.45
290	191.55
288	191.05
287	191.05
287	190.9
287	190.85
284	191.1
282	191.65
283	191.75
282	191.9
279	191.15
278	191.55
277	190.95
279	190.8
280	190.55
278	191.05
275	190.85
273	191
272	191.15
273	191.15
274	191.25
273	191.5
270	192.15
267	191.7
265	191.7
264	191.35
265	191
267	190.65
267	190.65
267	190.8
266	191.2
264	191.95
261	192.6
259	193.15
257	193.2
256	193
257	192.85
257	192.5
257	192.45
256	192.45
255	192.55
254	192.7
252	193.35
251	193.55
251	193.7
250	193.7
250	193.8
248	193.8
247	193.8
243	193.55
241	193.45
240	193.2
242	192.85
244	192.55
244	192.85
242	193.4
238	194.6
234	194.85
232	194.2
234	194.65
235	194.25
234	194.15
232	193.45
231	193.4
232	193.3
232	193.35
228	193.75
226	194.35
226	194.5
225	194.7
223	194.9
223	194.95
222	194.75
220	194.2
221	194.475
220	194
218	193.85
219	193.7
217	193.7
216	193.75
215	194
213	194.3
212	194.6
211	194.85
210	195
209	195.1
208	195
207	194.75
205	194.3
205	194.15
204	193.9
204	193.8
203	193.7
202	193.75
200	194
199	194.15
197	194.55
196	194.8
195	194.85
194	194.9
194	194.85
192	194.85
192	194.7
190	194.05
189	193.65
188	193.4
188	193.3
187	193.15
187	193.1
185	193.3
183	193.55
181	193.9
180	194.1
178	194.25
177	194.05
177	193.85
177	193.75
176	193.35
175	192.95
174	192.7
173	192.55
172	192.45
171	192.35
169	192.25
168	192.15
166	192.15
165	192.3
164	192.45
162	192.8
160	193.15
159	193.25
158	193.2
157	192.95
156	192.7
155	192.5
155	192.4
153	192.3
153	192.2
152	192.15
151	192.1
0	191.2
