Speed 1 (RPM)	Torque 1 (oz.in)
1795	2.255
1768	54.255
1768	54.565
1768	54.835
1766	59.425
1766	59.645
1765	59.45
1763	64.25
1763	64.52
1762	65.93
1760	69.82
1760	70.045
1760	70.345
1756	75.5
1756	75.835
1756	76.14
1753	81.825
1752	82.77
1752	82.98
1749	88.275
1748	89.665
1748	89.885
1745	94.955
1745	95.275
1744	97.035
1741	102.34
1738	107.25
1738	107.6
1738	107.85
1734	113.55
1734	113.8
1734	114.15
1730	119.2
1730	119.5
1730	119.9
1729	121.35
1729	121.65
1728	122.45
1728	122.75
1727	124.4
1726	125.35
1725	125.75
1725	126.05
1725	126.35
1725	126.65
1724	127.75
1723	128.4
1720	131.9
1721	131.6
1720	132.2
1719	133.15
1717	135.4
1716	135.75
1716	136
1716	136.15
1715	136.5
1714	137.2
1714	137.45
1712	139.5
1711	139.85
1710	140.45
1709	141.35
1709	141.75
1709	141.9
1708	142.1
1707	142.85
1707	143
1708	142.8
1707	143.35
1706	144.15
1705	144.425
1705	144.575
1705	144.825
1705	144.975
1704	145.6
1703	146
1703	146.15
1703	146.4
1701	147.6
1701	147.8
1701	147.9
1701	148.05
1701	148.15
1699	148.95
1698	149.85
1698	150
1698	150.15
1698	150.25
1697	150.525
1696	151.05
1696	151.25
1696	151.4
1696	151.55
1694	152.575
1694	152.725
1693	153.4
1692	154
1691	154.3
1691	154.5
1691	154.65
1690	155.15
1690	155.3
1689	155.525
1689	155.725
1689	155.925
1687	157.25
1687	157.4
1687	157.5
1687	157.7
1686	158.025
1685	158.3
1685	158.4
1685	158.55
1685	158.65
1684	159.1
1683	159.8
1683	159.9
1682	160.4
1682	160.5
1682	160.65
1680	161.6
1680	161.65
1680	161.75
1680	161.9
1679	162.3
1678	162.75
1678	162.8
1678	163.1
1677	163.275
1676	164
1676	164.15
1675	164.4
1675	164.55
1674	165
1673	165.6
1673	165.7
1672	166
1673	165.95
1671	166.9
1671	167.05
1671	167.2
1671	167.3
1670	167.75
1669	168.45
1669	168.7
1668	168.95
1668	169.05
1667	169.25
1666	169.75
1666	169.95
1666	170.15
1665	170.65
1665	170.75
1664	171.1
1664	171.35
1664	171.4
1663	171.65
1662	172.1
1661	172.45
1661	172.6
1661	172.7
1660	173.2
1659	173.6
1659	174
1658	174.35
1657	174.675
1657	174.725
1657	174.875
1657	174.975
1656	175.4
1656	175.55
1655	176.05
1655	176.15
1655	176.3
1653	177
1652	177.225
1652	177.475
1651	177.85
1651	177.9
1650	178.3
1650	178.45
1650	178.55
1650	178.6
1649	178.775
1648	179.3
1647	179.9
1646	179.85
1646	180
1645	180.65
1645	180.75
1645	180.85
1645	180.95
1644	181.125
1643	181.5
1644	181.525
1643	181.75
1642	182
1641	182.45
1640	182.75
1640	182.9
1639	183.25
1638	183.6
1638	183.75
1638	183.85
1638	183.9
1638	184
1637	184.25
1636	184.6
1636	184.75
1636	184.8
1635	184.95
1634	185.45
1634	185.55
1633	185.95
1633	186
1632	186.25
1632	186.35
1631	186.65
1631	186.75
1631	186.85
1630	187.05
1630	187.15
1629	187.4
1628	187.9
1628	188
1627	188.4
1627	188.55
1627	188.6
1627	188.75
1626	189.15
1625	189.05
1625	189.15
1625	189.25
1625	189.35
1624	189.9
1623	190.05
1622	190.35
1622	190.5
1621	190.85
1621	190.9
1620	191.1
1620	191.2
1620	191.3
1619	191.45
1618	191.7
1617	192.2
1617	192.3
1616	192.6
1616	192.65
1615	192.95
1615	193.05
1616	192.9
1615	193.15
1613	193.6
1613	193.65
1613	193.8
1613	193.9
1611	194.4
1611	194.45
1611	194.55
1611	194.6
1610	195.1
1609	195.3
1608	195.5
1608	195.6
1608	195.7
1607	196.05
1606	196.3
1606	196.35
1606	196.45
1606	196.5
1605	196.75
1604	196.95
1604	197.1
1603	197.4
1602	197.7
1601	198
1601	198.05
1601	198.15
1602	198
1601	198.25
1600	198.7
1599	198.6
1599	198.8
1598	199.1
1597	199.275
1597	199.375
1597	199.475
1596	199.65
1595	199.95
1595	200
1594	200.45
1593	200.6
1592	200.85
1592	200.95
1593	200.9
1592	201.05
1590	201.5
1590	201.6
1590	201.65
1589	202.1
1588	202.317
1588	202.367
1588	202.467
1587	202.583
1586	202.9
1586	202.95
1585	203.3
1585	203.35
1584	203.575
1583	203.95
1583	204
1584	203.775
1583	204.15
1582	204.3
1581	204.65
1581	204.75
1580	204.9
1580	204.95
1579	205.15
1579	205.2
1579	205.4
1577	205.775
1576	206.1
1576	206.2
1576	206.3
1576	206.35
1576	206.4
1575	206.525
1574	206.85
1574	206.95
1574	207.05
1572	207.45
1572	207.5
1572	207.6
1572	207.7
1571	207.8
1570	208.1
1570	208.2
1569	208.55
1569	208.6
1567	208.85
1567	208.9
1568	208.883
1567	209.05
1566	209.1
1565	209.5
1565	209.55
1565	209.65
1565	209.75
1564	209.85
1563	210.15
1563	210.35
1561	210.65
1561	210.7
1560	210.85
1560	210.95
1561	210.85
1560	211.05
1559	211.225
1558	211.5
1558	211.55
1557	211.75
1556	211.9
1556	212
1556	212.05
1556	212.15
1554	212.4
1554	212.45
1554	212.5
1554	212.6
1553	212.725
1552	213.05
1552	213.15
1552	213.25
1551	213.325
1550	213.55
1549	213.675
1549	213.725
1549	213.775
1548	214.05
1548	214.05
1547	214.2
1547	214.25
1547	214.35
1546	214.5
1545	214.75
1545	214.8
1544	215.05
1543	215.15
1543	215.25
1543	215.3
1543	215.35
1542	215.45
1541	215.55
1540	215.7
1540	215.8
1540	215.85
1539	216.05
1538	216.15
1538	216.3
1538	216.3
1537	216.65
1536	216.675
1536	216.725
1536	216.775
1536	216.875
1535	217.05
1534	217.1
1533	217.25
1534	217.3
1533	217.4
1532	217.55
1531	217.65
1531	217.75
1531	217.8
1530	217.95
1529	218.15
1529	218.2
1529	218.3
1528	218.35
1527	218.45
1527	218.45
1527	218.6
1527	218.6
1526	218.85
1525	218.95
1525	219.1
1524	219.35
1523	219.375
1523	219.475
1522	219.6
1522	219.7
1521	219.8
1520	219.85
1520	219.9
1520	220
1519	220.05
1518	220.2
1518	220.25
1518	220.35
1517	220.4
1517	220.45
1516	220.7
1516	220.75
1515	220.85
1515	220.9
1514	221.1
1514	221.15
1514	221.2
1513	221.275
1512	221.35
1512	221.35
1512	221.4
1512	221.5
1510	221.7
1509	221.85
1509	221.9
1509	222
1508	222.05
1508	222
1507	222.1
1507	222.15
1507	222.2
1506	222.35
1505	222.5
1505	222.5
1505	222.6
1504	222.675
1503	222.7
1503	222.8
1503	222.85
1502	223
1501	223.15
1500	223.175
1500	223.225
1501	223.25
1499	223.35
1498	223.4
1498	223.45
1498	223.55
1497	223.65
1496	223.7
1496	223.75
1496	223.85
1495	224
1494	224
1494	224.05
1494	224.1
1494	224.15
1492	224.25
1492	224.25
1491	224.4
1492	224.4
1491	224.45
1490	224.55
1489	224.75
1489	224.75
1490	224.7
1489	224.85
1487	224.8
1487	224.85
1487	224.95
1487	224.95
1485	225.1
1484	225.3
1484	225.35
1485	225.2
1484	225.4
1483	225.375
1482	225.35
1482	225.4
1482	225.5
1481	225.7
1480	225.7
1480	225.75
1480	225.8
1479	225.95
1478	226.05
1478	226.05
1478	226.15
1477	226.175
1477	226.175
1476	226.25
1476	226.3
1476	226.4
1474	226.4
1474	226.4
1474	226.45
1474	226.5
1473	226.55
1472	226.7
1472	226.7
1471	226.7
1472	226.85
1471	226.9
1470	227
1469	227
1469	227.05
1469	227.1
1468	227.2
1467	227.175
1467	227.175
1467	227.275
1467	227.275
1466	227.45
1465	227.45
1465	227.5
1465	227.6
1464	227.7
1463	227.65
1462	227.8
1463	227.8
1462	227.9
1461	227.9
1460	227.95
1460	228.05
1460	228.15
1459	228.125
1457	228.25
1456	228.2
1456	228.25
1456	228.35
1455	228.45
1455	228.4
1454	228.5
1454	228.6
1453	228.7
1452	228.75
1452	228.75
1451	228.725
1451	228.825
1451	228.825
1450	228.85
1449	228.75
1449	228.8
1449	228.85
1448	228.9
1447	228.9
1447	228.95
1447	229
1446	229.1
1446	229.05
1445	229.15
1445	229.2
1445	229.25
1444	229.4
1443	229.35
1443	229.35
1443	229.45
1442	229.6
1441	229.525
1440	229.6
1440	229.7
1440	229.75
1439	229.7
1438	229.75
1438	229.8
1437	229.775
1436	229.85
1436	229.9
1436	229.9
1436	229.95
1435	230.05
1434	230.05
1434	229.95
1434	230
1433	230.125
1432	230.2
1432	230.15
1432	230.15
1431	230.225
1431	230.275
1430	230.35
1429	230.275
1429	230.275
1429	230.325
1428	230.45
1427	230.35
1427	230.3
1427	230.35
1427	230.45
1426	230.55
1425	230.475
1425	230.475
1425	230.575
1425	230.675
1423	230.75
1423	230.7
1422	230.7
1422	230.8
1421	230.8
1421	230.8
1420	230.8
1420	230.9
1420	230.95
1419	231
1418	230.9
1417	231.05
1418	230.95
1417	231.1
1416	231.1
1415	231
1416	231.2
1416	231.25
1414	231.15
1413	231.1
1413	231.1
1414	231.3
1412	231.35
1412	231.3
1411	231.2
1411	231.25
1410	231.4
1409	231.45
1409	231.35
1409	231.4
1409	231.45
1409	231.5
1407	231.5
1407	231.45
1407	231.45
1407	231.55
1406	231.55
1405	231.6
1405	231.55
1405	231.65
1404	231.65
1403	231.75
1402	231.65
1402	231.7
1402	231.8
1401	231.85
1400	231.8
1400	231.75
1400	231.95
1399	232.1
1398	231.925
1397	231.95
1397	232.05
1397	232.1
1396	232.1
1395	232.15
1395	232.1
1396	232.05
1395	232.25
1393	232.25
1393	232.2
1393	232.25
1393	232.3
1392	232.3
1391	232.3
1391	232.35
1391	232.4
1391	232.45
1389	232.4
1389	232.3
1389	232.3
1389	232.45
1388	232.45
1387	232.5
1386	232.4
1386	232.4
1386	232.55
1385	232.65
1385	232.55
1384	232.425
1384	232.475
1384	232.625
1382	232.7
1382	232.65
1382	232.65
1382	232.75
1381	232.725
1380	232.65
1379	232.4
1380	232.65
1379	232.5
1378	232.55
1378	232.45
1377	232.45
1377	232.6
1376	232.7
1376	232.6
1375	232.5
1375	232.5
1375	232.6
1374	232.75
1373	232.65
1373	232.6
1373	232.7
1372	232.75
1371	232.9
1370	232.85
1370	232.8
1371	232.9
1370	233
1369	233.05
1369	232.95
1368	232.75
1368	232.85
1368	232.85
1367	232.9
1366	232.65
1366	232.65
1366	232.75
1366	232.8
1364	232.8
1364	232.7
1364	232.75
1364	232.85
1363	232.95
1362	232.85
1361	232.8
1361	232.9
1361	232.95
1359	232.95
1359	232.85
1359	232.9
1359	233
1358	232.9
1357	232.85
1357	232.8
1357	232.85
1356	232.925
1355	232.85
1355	232.75
1354	232.85
1355	232.9
1354	233.05
1353	233.1
1352	232.95
1352	233
1352	233.15
1351	233.15
1350	233.1
1350	233.05
1350	233.15
1349	233.15
1348	233.15
1347	232.85
1347	232.85
1348	233.1
1347	233
1346	233
1345	232.9
1345	233.05
1345	233.1
1344	232.95
1343	233
1343	233.05
1343	233.1
1342	233.05
1341	233
1341	233
1340	233
1340	233
1339	233.1
1338	232.925
1338	233.025
1338	233.075
1337	233.15
1336	233
1336	233.05
1336	233.15
1335	233.2
1334	233.1
1334	233.05
1334	233.2
1333	233.25
1332	233.2
1331	233.05
1331	233.1
1331	233.2
1330	233.125
1329	233.1
1329	232.95
1329	233.05
1328	233.15
1327	233.05
1327	232.95
1327	233
1327	233.05
1326	233.15
1325	233.1
1325	233.05
1324	233.15
1324	233.25
1323	233.15
1322	233.1
1322	233.2
1322	233.3
1321	233.3
1320	233.05
1319	233.1
1319	233.15
1319	233.25
1318	233.15
1317	233.05
1317	233.05
1317	233.15
1317	233.1
1316	233.025
1315	233
1315	233.15
1315	233.2
1314	233.1
1313	233.1
1313	233.05
1313	233.15
1312	233.2
1311	233
1310	233
1310	233.15
1310	233.2
1309	233.083
1308	233.05
1308	233.1
1308	233.2
1307	233.15
1306	233
1305	233.05
1306	233
1305	233.2
1304	233.05
1304	232.95
1303	233.05
1303	233.2
1303	233.2
1302	233.1
1301	233.05
1301	233.1
1301	233.15
1300	233.15
1299	233
1298	232.9
1298	232.95
1298	232.95
1297	232.95
1296	233
1296	233.1
1296	233.15
1295	233
1294	232.95
1294	233
1294	233.1
1293	233.1
1292	233.15
1292	233.05
1291	233.05
1291	233.1
1290	233.05
1289	232.875
1289	232.975
1289	233.025
1288	233
1287	233
1287	232.9
1286	232.85
1286	232.9
1285	233
1284	232.8
1284	232.8
1284	232.85
1284	232.85
1282	232.75
1282	232.6
1281	232.5
1281	232.6
1281	232.6
1280	232.65
1279	232.5
1279	232.6
1279	232.7
1278	232.65
1277	232.5
1277	232.5
1277	232.6
1277	232.65
1275	232.6
1275	232.5
1274	232.55
1275	232.7
1273	232.8
1272	232.625
1272	232.625
1272	232.725
1272	232.725
1271	232.6
1270	232.35
1269	232.5
1270	232.5
1269	232.55
1268	232.5
1267	232.35
1267	232.4
1267	232.4
1267	232.45
1265	232.45
1265	232.45
1265	232.4
1265	232.45
1264	232.6
1263	232.5
1263	232.45
1262	232.4
1262	232.45
1261	232.5
1261	232.4
1260	232.45
1260	232.55
1260	232.5
1258	232.4
1258	232.3
1257	232.35
1257	232.4
1257	232.4
1256	232.275
1255	232.05
1255	232.1
1255	232.15
1254	232.25
1253	232.2
1253	232.1
1252	232.15
1253	232.15
1252	232.15
1251	232.025
1250	232
1250	232.1
1250	232.15
1249	232.1
1248	231.95
1248	232.05
1247	232.1
1246	232
1246	231.95
1245	231.95
1245	232.1
1244	232.1
1243	232
1243	231.95
1242	232.1
1243	232.05
1242	232.15
1241	231.95
1240	232
1240	232
1241	231.95
1239	231.95
1238	231.9
1238	231.9
1238	232
1237	231.925
1236	231.8
1235	231.8
1235	231.85
1235	231.9
1234	231.8
1233	231.8
1233	231.75
1232	231.7
1233	231.85
1231	231.65
1231	231.5
1230	231.65
1230	231.7
1230	231.7
1229	231.625
1228	231.6
1228	231.65
1228	231.7
1227	231.575
1226	231.55
1226	231.45
1225	231.55
1225	231.6
1224	231.5
1223	231.45
1223	231.45
1223	231.5
1223	231.5
1221	231.45
1221	231.35
1220	231.3
1221	231.45
1220	231.4
1219	231.2
1218	231.3
1218	231.3
1218	231.35
1218	231.4
1216	231.3
1216	231.25
1215	231.15
1215	231.2
1215	231.2
1214	231.15
1213	231.1
1213	231.15
1213	231.25
1211	231.15
1211	231.1
1210	231.05
1210	231.1
1210	231.15
1208	230.95
1208	230.85
1207	230.8
1207	230.8
1207	230.8
1206	230.8
1206	230.75
1205	230.725
1205	230.775
1205	230.825
1203	230.75
1203	230.7
1202	230.75
1203	230.8
1202	230.8
1201	230.75
1200	230.65
1200	230.7
1200	230.7
1199	230.8
1198	230.725
1197	230.6
1197	230.65
1197	230.65
1195	230.45
1195	230.45
1195	230.45
1195	230.45
1194	230.5
1193	230.5
1192	230.35
1192	230.4
1192	230.45
1191	230.5
1190	230.45
1190	230.4
1190	230.5
1189	230.5
1188	230.45
1188	230.4
1187	230.3
1187	230.35
1187	230.4
1186	230.4
1185	230.15
1185	230.15
1185	230.2
1184	230.2
1183	230.15
1182	230.05
1182	230.05
1182	230.1
1181	230.05
1180	230
1180	229.95
1179	229.95
1180	230.05
1178	230
1178	229.95
1177	229.9
1177	229.95
1177	229.95
1176	229.9
1175	229.8
1175	229.75
1174	229.75
1175	229.8
1173	229.75
1173	229.7
1172	229.65
1172	229.75
1171	229.65
1170	229.625
1169	229.5
1169	229.55
1169	229.6
1168	229.6
1167	229.45
1167	229.45
1167	229.45
1166	229.5
1166	229.5
1165	229.45
1164	229.45
1164	229.5
1164	229.5
1162	229.4
1162	229.3
1161	229.4
1161	229.45
1161	229.45
1160	229.325
1159	229.25
1159	229.25
1159	229.3
1158	229.3
1157	229.25
1156	229.1
1156	229.15
1156	229.15
1154	229.1
1154	229.1
1154	229.05
1154	229.15
1153	229.15
1151	229.05
1151	229
1151	229.05
1151	229.1
1150	229.05
1149	228.85
1148	228.85
1149	228.85
1148	228.85
1147	228.8
1146	228.7
1146	228.75
1146	228.75
1145	228.75
1144	228.65
1143	228.6
1143	228.6
1143	228.6
1141	228.55
1141	228.5
1140	228.55
1140	228.55
1140	228.6
1139	228.525
1138	228.45
1138	228.5
1138	228.5
1137	228.5
1136	228.35
1135	228.35
1135	228.35
1135	228.35
1133	228.225
1133	228.125
1132	228.2
1132	228.2
1132	228.2
1130	228.05
1130	228.1
1130	228.1
1129	228.15
1128	228.05
1128	228
1127	228
1127	228
1126	228.025
1125	227.9
1124	227.85
1124	227.95
1124	227.95
1123	227.9
1122	227.85
1121	227.75
1122	227.85
1121	227.8
1120	227.725
1120	227.675
1119	227.65
1119	227.7
1118	227.7
1117	227.625
1117	227.625
1116	227.65
1116	227.7
1115	227.6
1114	227.4
1114	227.4
1113	227.4
1113	227.35
1112	227.25
1112	227.2
1111	227.2
1111	227.25
1111	227.25
1110	227.2
1109	227.1
1108	227.1
1108	227.15
1108	227.15
1106	227
1106	227
1106	227
1106	227.05
1105	227.1
1104	227.025
1103	226.95
1102	227
1103	227.05
1101	226.9
1101	226.8
1100	226.8
1100	226.8
1100	226.8
1099	226.7
1098	226.6
1097	226.65
1097	226.65
1097	226.65
1096	226.65
1095	226.55
1094	226.55
1094	226.55
1094	226.55
1093	226.45
1093	226.35
1092	226.3
1092	226.35
1092	226.4
1090	226.35
1090	226.35
1089	226.3
1089	226.3
1089	226.35
1088	226.25
1087	226.05
1086	226.05
1086	226.05
1086	226.05
1084	225.95
1084	225.85
1083	225.975
1083	226.025
1083	225.975
1082	226
1081	226.05
1081	226
1080	226.2
1080	226.15
1078	226
1078	225.95
1078	225.95
1078	225.95
1077	225.85
1076	225.8
1076	225.75
1075	225.75
1075	225.8
1074	225.775
1073	225.6
1073	225.6
1072	225.6
1072	225.65
1071	225.575
1070	225.5
1070	225.5
1069	225.55
1069	225.55
1068	225.4
1067	225.35
1067	225.35
1067	225.35
1066	225.35
1065	225.2
1065	225.15
1064	225.15
1064	225.15
1064	225.2
1063	225.15
1062	225
1061	225.15
1061	225.15
1060	225.1
1059	225.05
1058	225
1058	225
1058	225
1057	224.925
1056	224.85
1056	224.8
1055	224.8
1056	224.85
1055	224.85
1054	224.775
1053	224.7
1052	224.7
1053	224.75
1052	224.75
1050	224.55
1050	224.55
1049	224.5
1049	224.55
1048	224.4
1047	224.3
1046	224.35
1047	224.35
1046	224.35
1045	224.25
1044	224.2
1044	224.25
1044	224.2
1043	224.25
1042	224.1
1042	224.1
1041	224.05
1041	224.1
1040	224.075
1039	224
1039	223.95
1038	224
1038	224.05
1037	224
1036	223.85
1036	223.8
1035	223.8
1035	223.8
1034	223.65
1033	223.55
1033	223.55
1032	223.55
1032	223.55
1032	223.55
1031	223.55
1030	223.45
1029	223.5
1029	223.5
1028	223.4
1027	223.35
1027	223.3
1026	223.35
1026	223.35
1026	223.3
1024	223.15
1024	223.1
1023	223.1
1023	223.05
1023	223
1021	222.7
1021	222.7
1020	222.675
1020	222.725
1019	222.6
1018	222.55
1018	222.55
1018	222.55
1018	222.6
1016	222.7
1016	222.65
1015	222.7
1014	222.8
1014	222.8
1013	222.55
1012	222.5
1012	222.45
1011	222.475
1011	222.525
1010	222.4
1010	222.35
1009	222.4
1009	222.45
1008	222.5
1007	222.55
1006	222.4
1006	222.4
1005	222.4
1005	222.45
1004	222.3
1004	222.25
1003	222.25
1003	222.3
1002	222.2
1001	222.05
1000	222.05
1000	222.05
1000	222.1
999	222.1
998	222
997	221.95
996	222
997	222
996	222
995	221.9
994	221.8
993	221.95
994	221.85
993	221.95
991	221.8
991	221.8
991	221.75
991	221.8
990	221.8
989	221.65
988	221.6
988	221.55
987	221.6
987	221.6
986	221.55
985	221.5
985	221.45
984	221.5
984	221.5
983	221.3
982	221.225
982	221.225
981	221.25
982	221.225
980	221.125
980	221.125
979	221
978	221.05
978	221.1
977	220.975
976	220.85
975	220.85
975	220.95
975	220.9
974	220.75
973	220.7
973	220.7
972	220.8
972	220.8
971	220.7
970	220.55
969	220.6
969	220.65
969	220.55
968	220.55
967	220.45
966	220.45
966	220.5
966	220.5
965	220.4
964	220.25
963	220.3
963	220.3
963	220.3
961	220.1
960	220.05
960	220.05
960	220.05
959	219.95
958	219.85
957	219.85
957	219.85
957	219.8
956	219.75
955	219.65
954	219.65
954	219.7
953	219.75
952	219.65
951	219.5
950	219.55
950	219.55
949	219.45
948	219.4
948	219.35
947	219.3
947	219.35
946	219.2
945	219.125
945	219.075
944	219.05
944	219.1
943	219.1
942	218.9
941	218.95
940	218.925
940	218.925
940	218.825
938	218.75
938	218.75
937	218.85
937	218.8
936	218.7
935	218.65
935	218.6
934	218.65
934	218.7
933	218.55
932	218.45
931	218.3
930	218.2
930	218.2
929	218.1
928	218
928	217.85
927	217.8
927	217.8
926	217.6
926	217.55
925	217.6
925	217.6
925	217.7
924	217.65
923	217.55
923	217.55
922	217.6
922	217.65
922	217.75
921	217.75
920	217.7
920	217.75
919	217.75
919	217.85
917	217.8
916	217.75
916	217.75
915	217.75
915	217.75
914	217.65
913	217.5
912	217.425
912	217.425
911	217.5
910	217.35
909	217.25
909	217.25
908	217.3
908	217.3
907	217.1
906	217.05
906	217.05
905	217
905	217.05
905	217
903	216.75
902	216.8
902	216.8
902	216.85
901	216.8
900	216.7
899	216.55
899	216.6
898	216.65
898	216.55
897	216.45
896	216.4
895	216.5
895	216.55
894	216.5
892	216.3
892	216.25
891	216.25
892	216.3
891	216.25
890	216
890	216
889	216
889	216.1
888	216.2
887	216.05
886	215.9
886	215.9
885	216
885	216.1
885	216.05
883	215.95
883	215.9
882	215.85
882	215.9
882	215.85
881	215.8
880	215.65
879	215.55
879	215.6
878	215.75
877	215.65
876	215.5
875	215.55
874	215.6
874	215.6
873	215.3
872	215.2
872	215.2
871	215.25
871	215.25
871	215.15
869	214.95
869	215
868	215.05
868	215.05
867	215.05
865	214.75
865	214.75
864	214.85
864	214.9
864	214.8
862	214.6
862	214.6
861	214.6
861	214.7
860	214.7
859	214.6
859	214.5
858	214.5
858	214.55
857	214.6
855	214.3
855	214.3
854	214.25
854	214.3
854	214.3
853	214.2
852	214
852	214
851	214.05
851	214.1
850	214.15
848	213.95
847	213.95
847	214
846	213.8
845	213.55
845	213.55
844	213.6
844	213.65
843	213.7
842	213.6
841	213.5
841	213.45
840	213.6
840	213.65
839	213.6
838	213.45
837	213.25
836	213.25
836	213.25
836	213.15
835	213.05
834	213
834	213
833	213.1
832	213.2
831	213.1
830	213
829	213
829	213.05
829	212.95
828	212.9
827	212.6
827	212.6
826	212.65
826	212.7
825	212.6
823	212.5
823	212.5
821	212.75
821	212.7
820	212.5
819	212.3
819	212.3
818	212.3
818	212.25
817	212.075
816	211.95
816	212
815	212.1
815	212.15
814	212
812	211.9
812	211.8
811	211.9
811	211.95
810	211.85
809	211.75
808	211.725
807	211.65
807	211.85
807	211.75
806	211.75
805	211.55
804	211.475
803	211.45
803	211.5
802	211.45
801	211.3
800	211.15
800	211.15
799	211.25
799	211.2
798	211.05
798	211
797	211.033
797	211.083
796	211.067
795	211.05
793	210.8
793	210.8
792	210.95
792	210.9
790	210.7
789	210.55
788	210.6
788	210.6
788	210.6
787	210.6
786	210.45
785	210.35
784	210.6
784	210.55
782	210.3
782	210.25
781	210.25
781	210.3
781	210.25
779	210.15
778	210.1
778	210.05
777	210.15
777	210.2
776	210.15
775	210
774	209.8
773	209.95
773	209.95
773	209.9
771	209.85
770	209.65
769	209.85
769	209.85
768	209.75
767	209.65
766	209.525
766	209.525
765	209.6
765	209.6
763	209.375
763	209.375
762	209.2
761	209.3
761	209.35
760	209.3
759	209.1
759	209.15
758	209.2
757	209.35
756	209.25
755	209.05
755	208.9
753	209
753	208.95
752	208.85
751	208.65
751	208.7
751	208.7
750	208.65
749	208.75
747	208.825
747	208.775
747	208.675
746	208.65
746	208.6
745	208.4
743	208.1
742	207.9
741	208.075
740	208.2
741	208.125
740	208.1
739	208.15
739	208.25
738	208.15
737	208.15
735	207.95
734	207.75
734	207.8
733	207.8
733	207.65
732	207.5
731	207.45
730	207.45
730	207.5
730	207.6
729	207.525
727	207.5
726	207.45
726	207.6
725	207.675
724	207.6
722	207.2
722	207.05
721	207.1
721	207.15
720	207.1
718	206.95
718	206.95
717	206.95
717	207.05
716	207.1
715	207.1
714	207.05
714	207.05
713	207.1
713	207.2
712	207.05
710	207.075
709	206.85
708	206.8
708	206.85
707	206.75
706	206.55
705	206.517
704	206.433
703	206.5
703	206.45
702	206.225
702	206.075
702	206.125
701	206.2
700	206.25
699	206.3
697	206.4
696	206.4
695	206.55
694	206.4
694	206.25
693	206.05
693	206
691	206
690	206
689	205.9
688	205.7
688	205.65
688	205.6
687	205.65
686	205.7
686	205.7
685	205.75
684	205.55
683	205.5
682	205.55
682	205.5
681	205.35
680	205.2
680	205.25
678	205.125
677	205.25
677	205.2
676	205.15
675	205.15
675	205.15
674	205.15
674	205.25
674	205.2
673	205.1
671	204.85
671	204.85
670	204.85
669	204.975
668	205.1
668	205
666	205
666	204.85
665	204.7
665	204.75
665	204.8
664	204.7
662	204.6
662	204.6
660	204.55
660	204.65
659	204.55
658	204.45
657	204.25
657	204.25
655	204.3
655	204.3
653	204.35
652	204.15
652	204.1
651	204
651	204.1
650	204
649	203.95
648	203.85
648	203.85
646	203.8
646	203.8
645	203.85
644	203.75
643	203.7
642	203.6
642	203.75
641	203.7
640	203.75
638	203.65
638	203.6
637	203.6
637	203.6
636	203.55
635	203.5
634	203.35
633	203.35
633	203.45
632	203.5
630	203.45
629	203.35
629	203.3
628	203.15
628	203.1
627	203.1
627	203
626	203
625	202.95
625	203
624	203.05
623	203.1
622	203.05
620	202.75
619	202.6
619	202.55
618	202.55
617	202.6
617	202.5
615	202.55
614	202.55
614	202.55
613	202.5
613	202.5
612	202.5
611	202.55
610	202.45
609	202.4
608	202.5
608	202.5
606	202.45
605	202.4
604	202.2
604	202.15
603	202.2
603	202.25
602	202.2
601	202.3
600	202.2
600	202.2
599	202.15
598	202.25
597	202.2
596	202.1
595	202.05
594	201.85
593	201.95
593	202
592	201.95
590	201.85
590	201.8
590	201.8
589	201.75
588	201.8
587	201.75
586	201.75
585	201.7
584	201.55
583	201.7
583	201.75
582	201.7
580	201.55
579	201.3
579	201.2
578	201.3
578	201.35
577	201.25
576	201.3
575	201.3
574	201.2
573	201.1
573	201.2
572	201.15
571	201.1
570	201
569	200.75
568	200.85
568	200.9
567	200.95
565	200.9
564	200.8
564	200.65
563	200.55
562	200.65
561	200.6
560	200.45
559	200.4
559	200.35
558	200.35
557	200.45
556	200.4
555	200.45
554	200.35
553	200.2
553	200.15
552	200.1
551	200.1
550	200.05
549	200.05
548	200
548	200.05
547	199.95
546	200.05
545	200.05
544	200
543	199.85
542	199.7
542	199.7
541	199.65
540	199.7
539	199.7
538	199.65
537	199.5
536	199.45
536	199.4
535	199.5
535	199.5
534	199.45
532	199.45
531	199.35
531	199.3
530	199.2
529	199.3
529	199.3
528	199.35
526	199.3
525	199.05
525	199
524	199.025
523	199.1
522	199.1
522	199.05
520	198.9
520	198.85
520	198.85
519	198.8
518	198.85
517	198.85
516	198.8
515	198.85
514	198.8
514	198.8
513	198.7
511	198.75
511	198.75
509	198.7
508	198.5
508	198.4
508	198.35
507	198.35
506	198.35
505	198.3
504	198.35
503	198.3
503	198.2
502	198.15
501	198.1
500	198.2
500	198.2
498	198.2
497	198.15
496	198
496	198
495	197.75
494	197.85
493	197.9
492	197.8
491	197.75
491	197.65
490	197.55
489	197.4
488	197.45
488	197.5
487	197.55
486	197.55
485	197.5
484	197.45
484	197.4
483	197.4
482	197.45
482	197.5
481	197.45
479	197.4
478	197.3
478	197.2
477	197
476	197.05
476	197.1
475	197.1
474	197.15
472	197.2
471	197.15
470	196.95
470	196.95
469	196.925
469	196.875
468	196.85
467	196.85
466	196.8
465	196.65
463	196.65
462	196.75
461	196.7
460	196.65
458	196.55
458	196.45
458	196.35
458	196.35
457	196.35
456	196.35
455	196.4
454	196.45
453	196.5
452	196.5
452	196.55
451	196.35
450	196.35
448	196.35
447	196.25
446	196.15
446	196.05
445	195.95
445	195.9
444	195.85
443	195.95
442	195.9
441	195.95
439	196.05
438	196
438	195.9
437	195.7
436	195.65
436	195.65
435	195.55
435	195.6
433	195.55
432	195.55
432	195.55
431	195.6
429	195.55
428	195.6
427	195.55
426	195.45
425	195.25
425	195.05
425	194.95
425	195
423	195
422	194.95
421	195.05
419	195
418	195.1
418	195
418	194.9
418	194.9
417	195.05
416	194.9
414	194.95
413	194.9
412	194.75
411	194.65
410	194.5
410	194.45
408	194.3
408	194.4
406	194.35
405	194.35
404	194.35
403	194.3
403	194.3
403	194.25
401	194.025
400	194.05
399	194.075
398	194
396	194
396	193.9
396	193.75
396	193.7
395	193.9
393	193.9
392	193.8
391	193.8
389	193.75
389	193.7
388	193.6
388	193.6
387	193.6
386	193.55
384	193.5
383	193.45
382	193.35
381	193.4
381	193.25
380	193.25
380	193.2
379	193.3
378	193.3
376	193.15
376	193.15
375	193.15
373	193.1
373	193
372	193
372	193
372	193
371	193.1
369	192.9
368	192.95
367	192.95
366	192.85
365	192.8
365	192.65
364	192.65
364	192.65
363	192.75
361	192.5
360	192.55
359	192.55
358	192.5
357	192.4
357	192.25
356	192.25
356	192.2
356	192.2
354	192.6
352	192.15
352	192.2
351	192.2
349	192.225
349	192.125
349	191.975
348	191.95
346	191.35
347	191.45
347	191.5
345	191.375
342	191.45
341	192.75
342	191.4
342	191.2
340	191.25
338	191.2
336	192.15
336	192.05
338	190.95
338	191
337	191.275
336	192.4
332	192.9
329	192.55
327	191.6
326	192.1
328	191.1
329	191.35
329	191.2
328	190.75
325	190.6
324	190.675
322	190.65
322	190.6
322	190.55
323	190.5
324	190.575
325	190.75
324	190.975
323	191.3
320	191.7
319	192
314	192
312	191.9
309	191.7
310	191.35
313	190.9
315	190.7
313	190.8
311	190.95
308	191.35
308	191.45
307	191.6
304	191.25
305	191.15
305	191
302	190.85
303	190.7
303	190.6
302	190.7
301	190.75
299	191.1
297	191.5
296	191.45
295	191.2
296	191.25
293	191.1
293	191.05
294	190.75
292	190.65
290	190.75
290	190.8
287	191.25
286	191
286	190.95
287	191.25
284	191
282	190.5
283	190.65
284	190.75
282	190.45
279	190.7
277	190.8
278	191.2
279	190.75
278	191.25
275	191.1
272	191.05
271	190.85
272	190.6
275	190.5
276	190.5
274	190.9
270	190.95
264	191.45
262	191.55
262	191.3
263	191.05
265	190.55
267	190.35
267	190.35
268	190.55
267	190.7
265	191.1
263	191.6
261	191.95
258	191.9
257	191.95
256	191.95
256	191.9
255	192
255	191.95
254	192.6
254	192.55
253	192.35
253	192.4
252	193.25
251	192.45
249	194
246	192.95
243	193.6
241	193.5
240	193.25
241	193
244	192.7
246	192.15
245	192.4
241	193.25
237	193.15
233	193.55
233	193.3
237	192.65
238	192.65
235	192.8
232	193.4
230	193.75
231	193.7
230	193.65
228	193.85
227	193.4
227	193.3
227	193.2
225	193.25
225	193.35
225	193.3
223	193.35
222	193.4
221	193.55
219	193.95
217	194.15
217	194.15
217	194.05
215	194.1
215	194
214	193.85
212	193.65
213	193.75
212	193.6
211	193.575
210	193.65
209	193.65
209	193.7
206	193.8
206	193.85
204	194.05
204	194.05
203	194.05
202	194.1
202	194.05
200	194
199	194
198	193.95
197	193.5
197	193.5
195	193.35
195	193.4
195	193.4
194	193.35
193	193.5
191	193.65
190	193.85
188	194
188	194
187	194
187	193.95
186	193.95
185	193.95
184	193.825
183	193.8
181	193.75
181	193.75
180	193.5
178	193.2
177	193.05
178	193.2
177	193.1
176	193.15
174	193.25
173	193.45
171	193.65
170	193.65
169	193.7
167	193.8
167	193.65
166	193.55
165	193.4
165	193.35
164	193.15
163	192.95
162	192.9
161	192.9
160	192.7
160	192.8
159	192.75
158	192.75
158	192.8
156	192.95
154	193.05
153	193.3
152	193.3
151	193.5
150	193.7
0	203.91
